0,0,0,-0.07938015837909068,-100.66289768573021,502.867
1,0,1,12.948978279475531,-90.61831220928273,502.372
2,0,2,25.55470369466478,-79.46836306850625,504.106
3,0,3,37.13131255477716,-65.78629887786596,507.344
4,0,4,46.60531427324552,-47.704906427725874,511.051
5,0,5,52.23128303597708,-23.88545668793244,514.217
6,0,6,52.190920033076885,3.0277129357096975,516.169
7,0,7,46.50929547389348,26.751945356161514,516.751
8,0,8,37.024095660280885,44.73478842186207,516.342
9,0,9,25.46979761309235,58.34653581499708,515.682
10,0,10,12.90607103110951,69.44681582012923,515.588
11,0,11,-0.07933461489114844,79.45678589786309,516.641
12,0,12,-13.048173970565273,89.46170163561112,518.967
13,0,13,-25.58697121585121,100.56369601822495,522.158
14,0,14,-37.1030833829375,114.17293673193457,525.383
15,0,15,-46.544580231145765,132.134722324424,527.619
16,0,16,-52.19444099559403,155.79620515664064,527.991
17,0,17,-52.23821226289006,-177.38141976420016,526.047
18,0,18,-46.64967293681017,-153.61890477378066,521.94
19,0,19,-37.22296686324956,-135.552494343585,516.413
20,0,20,-25.686579279612094,-121.86890702075979,510.607
21,0,21,-13.106804314400662,-110.71510565329142,505.767
22,1,0,6.458756225871465,-90.70592987595566,502.316
23,1,1,19.336195530867105,-80.25927848382622,502.995
24,1,2,31.52104639694746,-68.05570436168357,505.597
25,1,3,42.22288731684692,-52.42197850250925,509.207
26,1,4,50.03149425527483,-31.48698765865119,512.755
27,1,5,52.98069822190005,-5.429021965561533,515.368
28,1,6,49.95780675941415,20.587221516983103,516.619
29,1,7,42.11612462993045,41.41655616457023,516.629
30,1,8,31.42881493749019,56.957415356694476,515.991
31,1,9,19.27056424313245,69.11081149409964,515.519
32,1,10,6.4408000854303245,79.51361990194675,515.95
33,1,11,-6.589314864969435,89.39417838547638,517.658
34,1,12,-19.402098318621267,99.79862603872431,520.499
35,1,13,-31.52116251016335,111.944430420867,523.829
36,1,14,-42.17317378497298,127.48441534877747,526.686
37,1,15,-49.974137741719645,148.274213446354,528.079
38,1,16,-52.98064358038669,174.1904510066186,527.315
39,1,17,-50.05432074748101,-159.81485623784437,524.23
40,1,18,-42.291032114196135,-138.91287911333956,519.289
41,1,19,-31.64137725465016,-123.2914851607117,513.467
42,1,20,-19.48304972066426,-111.07592405657569,507.996
43,1,21,-6.6232856645801395,-100.62631519253563,504.031
44,2,0,-0.07938015837909068,-90.66289968418458,502.867
45,2,1,12.948978279475531,-80.61830737754794,502.372
46,2,2,25.55470369466478,-69.46836506696063,504.106
47,2,3,37.13131255477716,-55.78629746122575,507.344
48,2,4,46.60531427324552,-37.704908426180246,511.051
49,2,5,52.23128303597708,-13.885457832613163,514.217
50,2,6,52.190920033076885,13.027712431359207,516.169
51,2,7,46.50929547389348,36.75194677280172,516.751
52,2,8,37.024095660280885,54.73478983850229,516.342
53,2,9,25.46979761309235,68.34654064673188,515.682
54,2,10,12.90607103110951,79.44681382167487,515.588
55,2,11,-0.07933461489114844,89.45678389940872,516.641
56,2,12,-13.048173970565273,99.46169963715676,518.967
57,2,13,-25.58697121585121,110.56370084995974,522.158
58,2,14,-37.1030833829375,124.17293473348019,525.383
59,2,15,-46.544580231145765,142.1347203259696,527.619
60,2,16,-52.19444099559403,165.79621681856463,527.991
61,2,17,-52.23821226289006,-167.3814081022762,526.047
62,2,18,-46.64967293681017,-143.61890677223502,521.94
63,2,19,-37.22296686324956,-125.55249634203936,516.413
64,2,20,-25.686579279612094,-111.86890901921416,510.607
65,2,21,-13.106804314400662,-100.7151076517458,505.767
66,3,0,6.458756225871465,-80.70593187441004,502.316
67,3,1,19.336195530867105,-70.25928048228059,502.995
68,3,2,31.52104639694746,-58.05570636013794,505.597
69,3,3,42.22288731684692,-42.42197708586904,509.207
70,3,4,50.03149425527483,-21.48698794955827,512.755
71,3,5,52.98069822190005,4.570978597305035,515.368
72,3,6,49.95780675941415,30.587222933623316,516.619
73,3,7,42.11612462993045,51.41655758121045,516.629
74,3,8,31.42881493749019,66.95741677333469,515.991
75,3,9,19.27056424313245,79.11081632583443,515.519
76,3,10,6.4408000854303245,89.51361790349239,515.95
77,3,11,-6.589314864969435,99.39418321721118,517.658
78,3,12,-19.402098318621267,109.7986308704591,520.499
79,3,13,-31.52116251016335,121.94443525260179,523.829
80,3,14,-42.17317378497298,137.4844133503231,526.686
81,3,15,-49.974137741719645,158.2742114478996,528.079
82,3,16,-52.98064358038669,-175.80954734937012,527.315
83,3,17,-50.05432074748101,-149.81485823629873,524.23
84,3,18,-42.291032114196135,-128.9128674514156,519.289
85,3,19,-31.64137725465016,-113.2914803289769,513.467
86,3,20,-19.48304972066426,-101.07592605503005,507.996
87,3,21,-6.6232856645801395,-90.62631719099,504.031
88,4,0,-0.07938015837909068,-80.66289485244978,502.867
89,4,1,12.948978279475531,-70.61830937600232,502.372
90,4,2,25.55470369466478,-59.46836023522583,504.106
91,4,3,37.13131255477716,-45.786296044585534,507.344
92,4,4,46.60531427324552,-27.70490700954003,511.051
93,4,5,52.23128303597708,-3.8854581235202423,514.217
94,4,6,52.190920033076885,23.027712994225773,516.169
95,4,7,46.50929547389348,46.75194477434735,516.751
96,4,8,37.024095660280885,64.7347912551425,516.342
97,4,9,25.46979761309235,78.34653864827752,515.682
98,4,10,12.90607103110951,89.4468118232205,515.588
99,4,11,-0.07933461489114844,99.4567887311435,516.641
100,4,12,-13.048173970565273,109.46169763870238,518.967
101,4,13,-25.58697121585121,120.56369885150538,522.158
102,4,14,-37.1030833829375,134.17293273502582,525.383
103,4,15,-46.544580231145765,152.13471832751523,527.619
104,4,16,-52.19444099559403,175.79621482011024,527.991
105,4,17,-52.23821226289006,-157.38141010073056,526.047
106,4,18,-46.64967293681017,-133.61890877068942,521.94
107,4,19,-37.22296686324956,-115.55249834049374,516.413
108,4,20,-25.686579279612094,-101.86891101766854,510.607
109,4,21,-13.106804314400662,-90.71510965020016,505.767
110,5,0,6.458756225871465,-70.7059338728644,502.316
111,5,1,19.336195530867105,-60.25928248073497,502.995
112,5,2,31.52104639694746,-48.05570494349773,505.597
113,5,3,42.22288731684692,-32.421979084323404,509.207
114,5,4,50.03149425527483,-11.486989094238997,512.755
115,5,5,52.98069822190005,14.570977452624309,515.368
116,5,6,49.95780675941415,40.58722093516894,516.619
117,5,7,42.11612462993045,61.416555582756075,516.629
118,5,8,31.42881493749019,76.95741477488032,515.991
119,5,9,19.27056424313245,89.11081432738006,515.519
120,5,10,6.4408000854303245,99.51361590503802,515.95
121,5,11,-6.589314864969435,109.3941812187568,517.658
122,5,12,-19.402098318621267,119.7986357021939,520.499
123,5,13,-31.52116251016335,131.9444332541474,523.829
124,5,14,-42.17317378497298,147.48442501224707,526.686
125,5,15,-49.974137741719645,168.27420944944524,528.079
126,5,16,-52.98064358038669,-165.8095493478245,527.315
127,5,17,-50.05432074748101,-139.81486023475313,524.23
128,5,18,-42.291032114196135,-118.91286944986997,519.289
129,5,19,-31.64137725465016,-103.29148232743128,513.467
130,5,20,-19.48304972066426,-91.07592805348443,507.996
131,5,21,-6.6232856645801395,-80.62631918944437,504.031
132,6,0,-0.07938015837909068,-70.66289685090416,502.867
133,6,1,12.948978279475531,-60.61831137445669,502.372
134,6,2,25.55470369466478,-49.4683622336802,504.106
135,6,3,37.13131255477716,-35.786294627945324,507.344
136,6,4,46.60531427324552,-17.704905592899816,511.051
137,6,5,52.23128303597708,6.114543293119971,514.217
138,6,6,52.190920033076885,33.02771441086599,516.169
139,6,7,46.50929547389348,56.75194619098757,516.751
140,6,8,37.024095660280885,74.73478925668813,516.342
141,6,9,25.46979761309235,88.34653664982314,515.682
142,6,10,12.90607103110951,99.4468166549553,515.588
143,6,11,-0.07933461489114844,109.45678673268914,516.641
144,6,12,-13.048173970565273,119.46170247043717,518.967
145,6,13,-25.58697121585121,130.563696853051,522.158
146,6,14,-37.1030833829375,144.1729443969498,525.383
147,6,15,-46.544580231145765,162.13471632906086,527.619
148,6,16,-52.19444099559403,-174.20378353587844,527.991
149,6,17,-52.23821226289006,-147.38141209918493,526.047
150,6,18,-46.64967293681017,-123.61891076914378,521.94
151,6,19,-37.22296686324956,-105.55249350875894,516.413
152,6,20,-25.686579279612094,-91.86890618593374,510.607
153,6,21,-13.106804314400662,-80.71510481846536,505.767
154,7,0,6.458756225871465,-60.70592904112961,502.316
155,7,1,19.336195530867105,-50.25928106409475,502.995
156,7,2,31.52104639694746,-38.05570352685751,505.597
157,7,3,42.22288731684692,-22.421979375230485,509.207
158,7,4,50.03149425527483,-1.4869890649809574,512.755
159,7,5,52.98069822190005,24.57097716171723,515.368
160,7,6,49.95780675941415,50.58722235180916,516.619
161,7,7,42.11612462993045,71.41656041449087,516.629
162,7,8,31.42881493749019,86.95741277642594,515.991
163,7,9,19.27056424313245,99.11081232892569,515.519
164,7,10,6.4408000854303245,109.51361390658364,515.95
165,7,11,-6.589314864969435,119.39417922030243,517.658
166,7,12,-19.402098318621267,129.79863370373954,520.499
167,7,13,-31.52116251016335,141.94443125569305,523.829
168,7,14,-42.17317378497298,157.4844230137927,526.686
169,7,15,-49.974137741719645,178.2742211113692,528.079
170,7,16,-52.98064358038669,-155.80955134627885,527.315
171,7,17,-50.05432074748101,-129.8148622332075,524.23
172,7,18,-42.291032114196135,-108.91287144832434,519.289
173,7,19,-31.64137725465016,-93.29148432588565,513.467
174,7,20,-19.48304972066426,-81.07592322174963,507.996
175,7,21,-6.6232856645801395,-70.62632118789874,504.031
176,8,0,-0.07938015837909068,-60.66289884935853,502.867
177,8,1,12.948978279475531,-50.61830995781647,502.372
178,8,2,25.55470369466478,-39.46836423213457,504.106
179,8,3,37.13131255477716,-25.786298333946988,507.344
180,8,4,46.60531427324552,-7.704907591354189,511.051
181,8,5,52.23128303597708,16.114542148439245,514.217
182,8,6,52.190920033076885,43.02771241241162,516.169
183,8,7,46.50929547389348,66.7519441925332,516.751
184,8,8,37.024095660280885,84.73478725823375,516.342
185,8,9,25.46979761309235,98.34653465136877,515.682
186,8,10,12.90607103110951,109.44681465650092,515.588
187,8,11,-0.07933461489114844,119.45678473423477,516.641
188,8,12,-13.048173970565273,129.4617004719828,518.967
189,8,13,-25.58697121585121,140.56369485459663,522.158
190,8,14,-37.1030833829375,154.17294239849542,525.383
191,8,15,-46.544580231145765,172.1347143306065,527.619
192,8,16,-52.19444099559403,-164.20378553433284,527.991
193,8,17,-52.23821226289006,-137.38141409763932,526.047
194,8,18,-46.64967293681017,-113.61890593740898,521.94
195,8,19,-37.22296686324956,-95.55249550721331,516.413
196,8,20,-25.686579279612094,-81.8689081843881,510.607
197,8,21,-13.106804314400662,-70.71510681691973,505.767
198,9,0,6.458756225871465,-50.70593103958398,502.316
199,9,1,19.336195530867105,-40.25927964745454,502.995
200,9,2,31.52104639694746,-28.055703817764595,505.597
201,9,3,42.22288731684692,-12.421977104816627,509.207
202,9,4,50.03149425527483,8.513012031494139,512.755
203,9,5,52.98069822190005,34.57097857835745,515.368
204,9,6,49.95780675941415,60.58722035335479,516.619
205,9,7,42.11612462993045,81.41655841603651,516.629
206,9,8,31.42881493749019,96.95741760816074,515.991
207,9,9,19.27056424313245,109.11081716066049,515.519
208,9,10,6.4408000854303245,119.51361190812928,515.95
209,9,11,-6.589314864969435,129.39417722184805,517.658
210,9,12,-19.402098318621267,139.79863170528517,520.499
211,9,13,-31.52116251016335,151.94442925723868,523.829
212,9,14,-42.17317378497298,167.48442101533834,526.686
213,9,15,-49.974137741719645,-171.72577724461948,528.079
214,9,16,-52.98064358038669,-145.80955334473322,527.315
215,9,17,-50.05432074748101,-119.81485057128351,524.23
216,9,18,-42.291032114196135,-98.91287344677872,519.289
217,9,19,-31.64137725465016,-83.29147949415085,513.467
218,9,20,-19.48304972066426,-71.075925220204,507.996
219,9,21,-6.6232856645801395,-60.62631635616394,504.031
220,10,0,-0.07938015837909068,-50.66289743271832,502.867
221,10,1,12.948978279475531,-40.61830854117626,502.372
222,10,2,25.55470369466478,-29.46836281549436,504.106
223,10,3,37.13131255477716,-15.786296917306773,507.344
224,10,4,46.60531427324552,2.2950938252860245,511.051
225,10,5,52.23128303597708,26.114543565079458,514.217
226,10,6,52.190920033076885,53.02771382905183,516.169
227,10,7,46.50929547389348,76.751949024268,516.751
228,10,8,37.024095660280885,94.73479208996855,516.342
229,10,9,25.46979761309235,108.34653948310357,515.682
230,10,10,12.90607103110951,119.44681265804655,515.588
231,10,11,-0.07933461489114844,129.4567827357804,516.641
232,10,12,-13.048173970565273,139.46169847352843,518.967
233,10,13,-25.58697121585121,150.56369285614227,522.158
234,10,14,-37.1030833829375,164.17294040004106,525.383
235,10,15,-46.544580231145765,-177.8652840253822,527.619
236,10,16,-52.19444099559403,-154.2037875327872,527.991
237,10,17,-52.23821226289006,-127.38141609609369,526.047
238,10,18,-46.64967293681017,-103.61890793586335,521.94
239,10,19,-37.22296686324956,-85.55249750566769,516.413
240,10,20,-25.686579279612094,-71.86891018284248,510.607
241,10,21,-13.106804314400662,-60.71510881537411,505.767
242,11,0,6.458756225871465,-40.70593303803835,502.316
243,11,1,19.336195530867105,-30.25928164590891,502.995
244,11,2,31.52104639694746,-18.055705816218964,505.597
245,11,3,42.22288731684692,-2.4219793167144092,509.207
246,11,4,50.03149425527483,18.513010886813415,512.755
247,11,5,52.98069822190005,44.570976579903075,515.368
248,11,6,49.95780675941415,70.58721835490041,516.619
249,11,7,42.11612462993045,91.41655641758213,516.629
250,11,8,31.42881493749019,106.95741560970637,515.991
251,11,9,19.27056424313245,119.11080833201694,515.519
252,11,10,6.4408000854303245,129.5136099096749,515.95
253,11,11,-6.589314864969435,139.3941752233937,517.658
254,11,12,-19.402098318621267,149.79862970683078,520.499
255,11,13,-31.52116251016335,161.94442725878432,523.829
256,11,14,-42.17317378497298,177.48441901688395,526.686
257,11,15,-49.974137741719645,-161.72577924307384,528.079
258,11,16,-52.98064358038669,-135.80955534318758,527.315
259,11,17,-50.05432074748101,-109.81485939992706,524.23
260,11,18,-42.291032114196135,-88.91287544523308,519.289
261,11,19,-31.64137725465016,-73.29148149260523,513.467
262,11,20,-19.48304972066426,-61.07592721865837,507.996
263,11,21,-6.6232856645801395,-50.62631835461831,504.031
264,12,0,-0.07938015837909068,-40.6628960160781,502.867
265,12,1,12.948978279475531,-30.618307124536045,502.372
266,12,2,25.55470369466478,-19.468361398854146,504.106
267,12,3,37.13131255477716,-5.786294646892913,507.344
268,12,4,46.60531427324552,12.295095241926239,511.051
269,12,5,52.23128303597708,36.114543274172384,514.217
270,12,6,52.190920033076885,63.02771524569204,516.169
271,12,7,46.50929547389348,86.75194702581362,516.751
272,12,8,37.024095660280885,104.73479009151418,516.342
273,12,9,25.46979761309235,118.34653748464919,515.682
274,12,10,12.90607103110951,129.4468106595922,515.588
275,12,11,-0.07933461489114844,139.45679439770436,516.641
276,12,12,-13.048173970565273,149.46169647507406,518.967
277,12,13,-25.58697121585121,160.56370451806623,522.158
278,12,14,-37.1030833829375,174.17293840158666,525.383
279,12,15,-46.544580231145765,-167.86527236345825,527.619
280,12,16,-52.19444099559403,-144.20378953124157,527.991
281,12,17,-52.23821226289006,-117.38141809454805,526.047
282,12,18,-46.64967293681017,-93.61890310412855,521.94
283,12,19,-37.22296686324956,-75.55249267393289,516.413
284,12,20,-25.686579279612094,-61.86890535110768,510.607
285,12,21,-13.106804314400662,-50.71510398363931,505.767
286,13,0,6.458756225871465,-30.70593162139814,502.316
287,13,1,19.336195530867105,-20.259280229268697,502.995
288,13,2,31.52104639694746,-8.055704399578751,505.597
289,13,3,42.22288731684692,7.578022313369216,509.207
290,13,4,50.03149425527483,28.51301230345363,512.755
291,13,5,52.98069822190005,54.570977996543284,515.368
292,13,6,49.95780675941415,80.58722318663521,516.619
293,13,7,42.11612462993045,101.41656124931693,516.629
294,13,8,31.42881493749019,116.95741361125201,515.991
295,13,9,19.27056424313245,129.1108199939409,515.519
296,13,10,6.4408000854303245,139.51362157159886,515.95
297,13,11,-6.589314864969435,149.39418688531765,517.658
298,13,12,-19.402098318621267,159.79862770837642,520.499
299,13,13,-31.52116251016335,171.94442526032992,523.829
300,13,14,-42.17317378497298,-172.51557933910473,526.686
301,13,15,-49.974137741719645,-151.72578124152824,528.079
302,13,16,-52.98064358038669,-125.80954368126363,527.315
303,13,17,-50.05432074748101,-99.81485456819226,524.23
304,13,18,-42.291032114196135,-78.91287061349828,519.289
305,13,19,-31.64137725465016,-63.291483491059594,513.467
306,13,20,-19.48304972066426,-51.075925802018155,507.996
307,13,21,-6.6232856645801395,-40.626316937978096,504.031
308,14,0,-0.07938015837909068,-30.662898014532473,502.867
309,14,1,12.948978279475531,-20.618309122990418,502.372
310,14,2,25.55470369466478,-9.46836254353487,504.106
311,14,3,37.13131255477716,4.213703354652715,507.344
312,14,4,46.60531427324552,22.295093243471868,511.051
313,14,5,52.23128303597708,46.11454127571801,514.217
314,14,6,52.190920033076885,73.02771324723767,516.169
315,14,7,46.50929547389348,96.75194502735926,516.751
316,14,8,37.024095660280885,114.73478809305982,516.342
317,14,9,25.46979761309235,128.34653548619482,515.682
318,14,10,12.90607103110951,139.4468086611378,515.588
319,14,11,-0.07933461489114844,149.45679239925,516.641
320,14,12,-13.048173970565273,159.4616944766197,518.967
321,14,13,-25.58697121585121,170.56370251961187,522.158
322,14,14,-37.1030833829375,-175.82705995440202,525.383
323,14,15,-46.544580231145765,-157.8652743619126,527.619
324,14,16,-52.19444099559403,-134.20379152969593,527.991
325,14,17,-52.23821226289006,-107.38141326281325,526.047
326,14,18,-46.64967293681017,-83.61890510258293,521.94
327,14,19,-37.22296686324956,-65.55249467238725,516.413
328,14,20,-25.686579279612094,-51.86890734956205,510.607
329,14,21,-13.106804314400662,-40.71510598209368,505.767
330,15,0,6.458756225871465,-20.705931912305218,502.316
331,15,1,19.336195530867105,-10.259282227723068,502.995
332,15,2,31.52104639694746,1.9442940288537003,505.597
333,15,3,42.22288731684692,17.5780194611412,509.207
334,15,4,50.03149425527483,38.513008597451964,512.755
335,15,5,52.98069822190005,64.57097599808891,515.368
336,15,6,49.95780675941415,90.58722118818085,516.619
337,15,7,42.11612462993045,111.41655925086256,516.629
338,15,8,31.42881493749019,126.95741161279763,515.991
339,15,9,19.27056424313245,139.11081799548654,515.519
340,15,10,6.4408000854303245,149.5136195731445,515.95
341,15,11,-6.589314864969435,159.3941848868633,517.658
342,15,12,-19.402098318621267,169.79862570992205,520.499
343,15,13,-31.52116251016335,-178.05557309565876,523.829
344,15,14,-42.17317378497298,-162.51558133755913,526.686
345,15,15,-49.974137741719645,-141.7257832399826,528.079
346,15,16,-52.98064358038669,-115.809545679718,527.315
347,15,17,-50.05432074748101,-89.81485656664663,524.23
348,15,18,-42.291032114196135,-68.91287261195266,519.289
349,15,19,-31.64137725465016,-53.29148548951397,513.467
350,15,20,-19.48304972066426,-41.07592780047253,507.996
351,15,21,-6.6232856645801395,-30.62631893643247,504.031
352,16,0,-0.07938015837909068,-20.662900012986846,502.867
353,16,1,12.948978279475531,-10.618311121444789,502.372
354,16,2,25.55470369466478,0.5316351912064943,504.106
355,16,3,37.13131255477716,14.213701356198344,507.344
356,16,4,46.60531427324552,32.295091245017495,511.051
357,16,5,52.23128303597708,56.11453927726364,514.217
358,16,6,52.190920033076885,83.0277112487833,516.169
359,16,7,46.50929547389348,106.75194302890488,516.751
360,16,8,37.024095660280885,124.73478609460544,516.342
361,16,9,25.46979761309235,138.34653348774046,515.682
362,16,10,12.90607103110951,149.44680666268343,515.588
363,16,11,-0.07933461489114844,159.45679040079563,516.641
364,16,12,-13.048173970565273,169.46169247816533,518.967
365,16,13,-25.58697121585121,-179.43630949675517,522.158
366,16,14,-37.1030833829375,-165.82706195285638,525.383
367,16,15,-46.544580231145765,-147.86527636036698,527.619
368,16,16,-52.19444099559403,-124.20379352815031,527.991
369,16,17,-52.23821226289006,-97.38141526126763,526.047
370,16,18,-46.64967293681017,-73.6189071010373,521.94
371,16,19,-37.22296686324956,-55.55249667084163,516.413
372,16,20,-25.686579279612094,-41.86890934801642,510.607
373,16,21,-13.106804314400662,-30.71510798054805,505.767
374,17,0,6.458756225871465,-10.705933910759589,502.316
375,17,1,19.336195530867105,-0.2592845997034093,502.995
376,17,2,31.52104639694746,11.944291603512506,505.597
377,17,3,42.22288731684692,27.578017462686827,509.207
378,17,4,50.03149425527483,48.51300659899759,512.755
379,17,5,52.98069822190005,74.57097399963455,515.368
380,17,6,49.95780675941415,100.58721918972647,516.619
381,17,7,42.11612462993045,121.41655725240818,516.629
382,17,8,31.42881493749019,136.95740961434325,515.991
383,17,9,19.27056424313245,149.11081599703218,515.519
384,17,10,6.4408000854303245,159.51361757469013,515.95
385,17,11,-6.589314864969435,169.39418288840892,517.658
386,17,12,-19.402098318621267,179.79862371146768,520.499
387,17,13,-31.52116251016335,-168.05557509411312,523.829
388,17,14,-42.17317378497298,-152.5155833360135,526.686
389,17,15,-49.974137741719645,-131.72578523843697,528.079
390,17,16,-52.98064358038669,-105.80955450836154,527.315
391,17,17,-50.05432074748101,-79.814858565101,524.23
392,17,18,-42.291032114196135,-58.91287461040703,519.289
393,17,19,-31.64137725465016,-43.29148748796834,513.467
394,17,20,-19.48304972066426,-31.0759297989269,507.996
395,17,21,-6.6232856645801395,-20.62632093488684,504.031
396,18,0,-0.07938015837909068,-10.662895181252047,502.867
397,18,1,12.948978279475531,-0.6183067165968125,502.372
398,18,2,25.55470369466478,10.531640289745557,504.106
399,18,3,37.13131255477716,24.213705334159496,507.344
400,18,4,46.60531427324552,42.295096076752294,511.051
401,18,5,52.23128303597708,66.11454410899843,514.217
402,18,6,52.190920033076885,93.0277160805181,516.169
403,18,7,46.50929547389348,116.75194786063967,516.751
404,18,8,37.024095660280885,134.73479775652942,516.342
405,18,9,25.46979761309235,148.34654514966442,515.682
406,18,10,12.90607103110951,159.4468183246074,515.588
407,18,11,-0.07933461489114844,169.45678840234126,516.641
408,18,12,-13.048173970565273,179.4617041400893,518.967
409,18,13,-25.58697121585121,-169.4362978348312,522.158
410,18,14,-37.1030833829375,-155.82706395131078,525.383
411,18,15,-46.544580231145765,-137.86527835882134,527.619
412,18,16,-52.19444099559403,-114.20378869641551,527.991
413,18,17,-52.23821226289006,-87.38141042953283,526.047
414,18,18,-46.64967293681017,-63.618902269302495,521.94
415,18,19,-37.22296686324956,-45.55249183910683,516.413
416,18,20,-25.686579279612094,-31.868904516281624,510.607
417,18,21,-13.106804314400662,-20.715103148813252,505.767
418,19,0,6.458756225871465,-0.7059290790247904,502.316
419,19,1,19.336195530867105,9.74072060555736,502.995
420,19,2,31.52104639694746,21.944296435247303,505.597
421,19,3,42.22288731684692,37.57802400196892,509.207
422,19,4,50.03149425527483,58.51301484582697,512.755
423,19,5,52.98069822190005,84.57097883136935,515.368
424,19,6,49.95780675941415,110.58722402146127,516.619
425,19,7,42.11612462993045,131.41655525395382,516.629
426,19,8,31.42881493749019,146.95742127626724,515.991
427,19,9,19.27056424313245,159.11081399857778,515.519
428,19,10,6.4408000854303245,169.51361557623576,515.95
429,19,11,-6.589314864969435,179.39418088995455,517.658
430,19,12,-19.402098318621267,-170.20137464452102,520.499
431,19,13,-31.52116251016335,-158.05556343218916,523.829
432,19,14,-42.17317378497298,-142.51558533446786,526.686
433,19,15,-49.974137741719645,-121.72578723689135,528.079
434,19,16,-52.98064358038669,-95.80954967662674,527.315
435,19,17,-50.05432074748101,-69.8148537333662,524.23
436,19,18,-42.291032114196135,-48.91286977867223,519.289
437,19,19,-31.64137725465016,-33.29148265623354,513.467
438,19,20,-19.48304972066426,-21.075923259644807,507.996
439,19,21,-6.6232856645801395,-10.62631695692569,504.031
440,20,0,-0.07938015837909068,-0.6628970196238588,502.867
441,20,1,12.948978279475531,9.38169171183564,502.372
442,20,2,25.55470369466478,20.53163743751754,504.106
443,20,3,37.13131255477716,34.21370504325242,507.344
444,20,4,46.60531427324552,52.29509407829792,511.051
445,20,5,52.23128303597708,76.11454211054406,514.217
446,20,6,52.190920033076885,103.02771408206372,516.169
447,20,7,46.50929547389348,126.75194586218531,516.751
448,20,8,37.024095660280885,144.73479575807505,516.342
449,20,9,25.46979761309235,158.34654315121006,515.682
450,20,10,12.90607103110951,169.44681632615303,515.588
451,20,11,-0.07933461489114844,179.45678640388687,516.641
452,20,12,-13.048173970565273,-170.5382942158994,518.967
453,20,13,-25.58697121585121,-159.43629983328557,522.158
454,20,14,-37.1030833829375,-145.82706594976514,525.383
455,20,15,-46.544580231145765,-127.86528035727572,527.619
456,20,16,-52.19444099559403,-104.20379069486988,527.991
457,20,17,-52.23821226289006,-77.3814124279872,526.047
458,20,18,-46.64967293681017,-53.61890426775687,521.94
459,20,19,-37.22296686324956,-35.5524938375612,516.413
460,20,20,-25.686579279612094,-21.868906514735997,510.607
461,20,21,-13.106804314400662,-10.71510600104127,505.767
462,21,0,6.458756225871465,9.294068922520838,502.316
463,21,1,19.336195530867105,19.740718607102988,502.995
464,21,2,31.52104639694746,31.944296144340225,505.597
465,21,3,42.22288731684692,47.57802200351455,509.207
466,21,4,50.03149425527483,68.51301284737261,512.755
467,21,5,52.98069822190005,94.57097683291497,515.368
468,21,6,49.95780675941415,120.5872220230069,516.619
469,21,7,42.11612462993045,141.41655325549945,516.629
470,21,8,31.42881493749019,156.95741927781285,515.991
471,21,9,19.27056424313245,169.11081200012342,515.519
472,21,10,6.4408000854303245,179.5136135777814,515.95
473,21,11,-6.589314864969435,-170.60581746603415,517.658
474,21,12,-19.402098318621267,-160.2013766429754,520.499
475,21,13,-31.52116251016335,-148.05556543064353,523.829
476,21,14,-42.17317378497298,-132.51558733292222,526.686
477,21,15,-49.974137741719645,-111.72578240515655,528.079
478,21,16,-52.98064358038669,-85.80955167508111,527.315
479,21,17,-50.05432074748101,-59.81485573182058,524.23
480,21,18,-42.291032114196135,-38.912871777126604,519.289
481,21,19,-31.64137725465016,-23.29148294714062,513.467
482,21,20,-19.48304972066426,-11.07592525809918,507.996
483,21,21,-6.6232856645801395,-0.6263189020192076,504.031
484,22,0,-0.07938015837909068,9.337100821839211,502.867
485,22,1,12.948978279475531,19.381689713381267,502.372
486,22,2,25.55470369466478,30.53163543906317,504.106
487,22,3,37.13131255477716,44.213703044798045,507.344
488,22,4,46.60531427324552,62.29508866474897,511.051
489,22,5,52.23128303597708,86.1145401120897,514.217
490,22,6,52.190920033076885,113.02771208360936,516.169
491,22,7,46.50929547389348,136.75194386373093,516.751
492,22,8,37.024095660280885,154.73479375962066,516.342
493,22,9,25.46979761309235,168.3465411527557,515.682
494,22,10,12.90607103110951,179.44681432769866,515.588
495,22,11,-0.07933461489114844,-170.5432119521018,516.641
496,22,12,-13.048173970565273,-160.53829621435378,518.967
497,22,13,-25.58697121585121,-149.43630183173997,522.158
498,22,14,-37.1030833829375,-135.8270679482195,525.383
499,22,15,-46.544580231145765,-117.8652823557301,527.619
500,22,16,-52.19444099559403,-94.20379269332426,527.991
501,22,17,-52.23821226289006,-67.38141442644157,526.047
502,22,18,-46.64967293681017,-43.61890626621124,521.94
503,22,19,-37.22296686324956,-25.552495836015574,516.413
504,22,20,-25.686579279612094,-11.868909366964013,510.607
505,22,21,-13.106804314400662,-0.7151076793305239,505.767
506,23,0,6.458756225871465,19.29407375425564,502.316
507,23,1,19.336195530867105,29.740723438837787,502.995
508,23,2,31.52104639694746,41.94430097607503,505.597
509,23,3,42.22288731684692,57.57802342015476,509.207
510,23,4,50.03149425527483,78.5130176791074,512.755
511,23,5,52.98069822190005,104.57098166464976,515.368
512,23,6,49.95780675941415,130.58722002455252,516.619
513,23,7,42.11612462993045,151.41656491742341,516.629
514,23,8,31.42881493749019,166.95741727935848,515.991
515,23,9,19.27056424313245,179.11082366204738,515.519
516,23,10,6.4408000854303245,-170.4863847782073,515.95
517,23,11,-6.589314864969435,-160.60581946448852,517.658
518,23,12,-19.402098318621267,-150.20136498105143,520.499
519,23,13,-31.52116251016335,-138.05556742909792,523.829
520,23,14,-42.17317378497298,-122.51557567099826,526.686
521,23,15,-49.974137741719645,-101.72577757342175,528.079
522,23,16,-52.98064358038669,-75.80954684334631,527.315
523,23,17,-50.05432074748101,-49.81485090008578,524.23
524,23,18,-42.291032114196135,-28.912866945391805,519.289
525,23,19,-31.64137725465016,-13.291478115405821,513.467
526,23,20,-19.48304972066426,-1.0759206398077927,507.996
527,23,21,-6.6232856645801395,9.373685876354738,504.031
528,24,0,-0.07938015837909068,19.33710565357401,502.867
529,24,1,12.948978279475531,29.381694545116066,502.372
530,24,2,25.55470369466478,40.531640270797965,504.106
531,24,3,37.13131255477716,54.213707876532844,507.344
532,24,4,46.60531427324552,72.29509349648376,511.051
533,24,5,52.23128303597708,96.1145449438245,514.217
534,24,6,52.190920033076885,123.02771691534416,516.169
535,24,7,46.50929547389348,146.7519555256549,516.751
536,24,8,37.024095660280885,164.7347917611663,516.342
537,24,9,25.46979761309235,178.3465391543013,515.682
538,24,10,12.90607103110951,-170.55318402829005,515.588
539,24,11,-0.07933461489114844,-160.54321395055618,516.641
540,24,12,-13.048173970565273,-150.53829821280814,518.967
541,24,13,-25.58697121585121,-139.43630383019433,522.158
542,24,14,-37.1030833829375,-125.82705628629554,525.383
543,24,15,-46.544580231145765,-107.8652775239953,527.619
544,24,16,-52.19444099559403,-84.20378786158946,527.991
545,24,17,-52.23821226289006,-57.381409594706774,526.047
546,24,18,-46.64967293681017,-33.61890143447644,521.94
547,24,19,-37.22296686324956,-15.552491004280775,516.413
548,24,20,-25.686579279612094,-1.868904108342392,510.607
549,24,21,-13.106804314400662,9.284896832239157,505.767
550,25,0,6.458756225871465,29.29407004825397,502.316
551,25,1,19.336195530867105,39.74072144038342,502.995
552,25,2,31.52104639694746,51.944298977620655,505.597
553,25,3,42.22288731684692,67.57802142170038,509.207
554,25,4,50.03149425527483,88.51301568065303,512.755
555,25,5,52.98069822190005,114.5709796661954,515.368
556,25,6,49.95780675941415,140.58721802609816,516.619
557,25,7,42.11612462993045,161.41656291896905,516.629
558,25,8,31.42881493749019,176.95741528090412,515.991
559,25,9,19.27056424313245,-170.88918835431966,515.519
560,25,10,6.4408000854303245,-160.48638677666167,515.95
561,25,11,-6.589314864969435,-150.6058214629429,517.658
562,25,12,-19.402098318621267,-140.2013669795058,520.499
563,25,13,-31.52116251016335,-128.05556942755229,523.829
564,25,14,-42.17317378497298,-112.51557766945263,526.686
565,25,15,-49.974137741719645,-91.72577957187612,528.079
566,25,16,-52.98064358038669,-65.80954884180069,527.315
567,25,17,-50.05432074748101,-39.814852898540146,524.23
568,25,18,-42.291032114196135,-18.91287065139347,519.289
569,25,19,-31.64137725465016,-3.291480540747015,513.467
570,25,20,-19.48304972066426,8.924077575181247,507.996
571,25,21,-6.6232856645801395,19.373684731674015,504.031
572,26,0,-0.07938015837909068,29.337103655119638,502.867
573,26,1,12.948978279475531,39.3816925466617,502.372
574,26,2,25.55470369466478,50.53163827234359,504.106
575,26,3,37.13131255477716,64.21370246298389,507.344
576,26,4,46.60531427324552,82.2950914980294,511.051
577,26,5,52.23128303597708,106.11454294537012,514.217
578,26,6,52.190920033076885,133.02771491688978,516.169
579,26,7,46.50929547389348,156.75195352720053,516.751
580,26,8,37.024095660280885,174.73478976271193,516.342
581,26,9,25.46979761309235,-171.65345920168738,515.682
582,26,10,12.90607103110951,-160.5531860267444,515.588
583,26,11,-0.07933461489114844,-150.54321594901057,516.641
584,26,12,-13.048173970565273,-140.53830021126254,518.967
585,26,13,-25.58697121585121,-129.4363058286487,522.158
586,26,14,-37.1030833829375,-115.82705828474991,525.383
587,26,15,-46.544580231145765,-97.86527952244967,527.619
588,26,16,-52.19444099559403,-74.20378986004383,527.991
589,26,17,-52.23821226289006,-47.38141159316115,526.047
590,26,18,-46.64967293681017,-23.618903432930814,521.94
591,26,19,-37.22296686324956,-5.552493856508792,516.413
592,26,20,-25.686579279612094,8.131093466316413,510.607
593,26,21,-13.106804314400662,19.284895687558432,505.767
594,27,0,6.458756225871465,39.2940680497996,502.316
595,27,1,19.336195530867105,49.740719441929045,502.995
596,27,2,31.52104639694746,61.94429697916628,505.597
597,27,3,42.22288731684692,77.57801942324602,509.207
598,27,4,50.03149425527483,98.51301368219866,512.755
599,27,5,52.98069822190005,124.5709844979302,515.368
600,27,6,49.95780675941415,150.5872160276438,516.619
601,27,7,42.11612462993045,171.41656092051468,516.629
602,27,8,31.42881493749019,-173.0425830750846,515.991
603,27,9,19.27056424313245,-160.88919035277402,515.519
604,27,10,6.4408000854303245,-150.48638877511607,515.95
605,27,11,-6.589314864969435,-140.60582346139728,517.658
606,27,12,-19.402098318621267,-130.20136897796016,520.499
607,27,13,-31.52116251016335,-118.05557142600665,523.829
608,27,14,-42.17317378497298,-102.515579667907,526.686
609,27,15,-49.974137741719645,-81.7257815703305,528.079
610,27,16,-52.98064358038669,-55.809550840255056,527.315
611,27,17,-50.05432074748101,-29.81485489699452,524.23
612,27,18,-42.291032114196135,-8.912872649847841,519.289
613,27,19,-31.64137725465016,6.708517460798613,513.467
614,27,20,-19.48304972066426,18.924075576726874,507.996
615,27,21,-6.6232856645801395,29.373682733219642,504.031
616,28,0,-0.07938015837909068,39.33710165666527,502.867
617,28,1,12.948978279475531,49.381690548207324,502.372
618,28,2,25.55470369466478,60.53163627388923,504.106
619,28,3,37.13131255477716,74.21370046452951,507.344
620,28,4,46.60531427324552,92.29508949957503,511.051
621,28,5,52.23128303597708,116.11454094691575,514.217
622,28,6,52.190920033076885,143.0277129184354,516.169
623,28,7,46.50929547389348,166.75195152874616,516.751
624,28,8,37.024095660280885,-175.26520859327678,516.342
625,28,9,25.46979761309235,-161.65346120014178,515.682
626,28,10,12.90607103110951,-150.55318802519878,515.588
627,28,11,-0.07933461489114844,-140.54321794746494,516.641
628,28,12,-13.048173970565273,-130.5383022097169,518.967
629,28,13,-25.58697121585121,-119.43630782710306,522.158
630,28,14,-37.1030833829375,-105.82706028320429,525.383
631,28,15,-46.544580231145765,-87.86528152090405,527.619
632,28,16,-52.19444099559403,-64.20379185849819,527.991
633,28,17,-52.23821226289006,-37.38141359161551,526.047
634,28,18,-46.64967293681017,-13.61890628515883,521.94
635,28,19,-37.22296686324956,4.447504145036836,516.413
636,28,20,-25.686579279612094,18.131092321635688,510.607
637,28,21,-13.106804314400662,29.28489368910406,505.767
638,29,0,6.458756225871465,49.29406605134523,502.316
639,29,1,19.336195530867105,59.74071402838009,502.995
640,29,2,31.52104639694746,71.94429498071192,505.597
641,29,3,42.22288731684692,87.57801742479164,509.207
642,29,4,50.03149425527483,108.51301168374428,512.755
643,29,5,52.98069822190005,134.57098249947583,515.368
644,29,6,49.95780675941415,160.58721402918943,516.619
645,29,7,42.11612462993045,-178.58343743547402,516.629
646,29,8,31.42881493749019,-163.04258507353896,515.991
647,29,9,19.27056424313245,-150.8891923512284,515.519
648,29,10,6.4408000854303245,-140.48639077357043,515.95
649,29,11,-6.589314864969435,-130.60582545985164,517.658
650,29,12,-19.402098318621267,-120.20137097641454,520.499
651,29,13,-31.52116251016335,-108.05557342446103,523.829
652,29,14,-42.17317378497298,-92.51558166636137,526.686
653,29,15,-49.974137741719645,-71.72578356878486,528.079
654,29,16,-52.98064358038669,-45.80955283870943,527.315
655,29,17,-50.05432074748101,-19.814858602996186,524.23
656,29,18,-42.291032114196135,1.0871254584194927,519.289
657,29,19,-31.64137725465016,16.708515889231066,513.467
658,29,20,-19.48304972066426,28.92407187072521,507.996
659,29,21,-6.6232856645801395,39.37368073476527,504.031
660,30,0,-0.07938015837909068,49.337099658210896,502.867
661,30,1,12.948978279475531,59.38168513465837,502.372
662,30,2,25.55470369466478,70.53163427543485,504.106
663,30,3,37.13131255477716,84.21369846607514,507.344
664,30,4,46.60531427324552,102.29508750112065,511.051
665,30,5,52.23128303597708,126.11453894846137,514.217
666,30,6,52.190920033076885,153.02771091998105,516.169
667,30,7,46.50929547389348,176.7519495302918,516.751
668,30,8,37.024095660280885,-165.26521059173115,516.342
669,30,9,25.46979761309235,-151.65346319859614,515.682
670,30,10,12.90607103110951,-140.55319002365314,515.588
671,30,11,-0.07933461489114844,-130.5432199459193,516.641
672,30,12,-13.048173970565273,-120.53830420817127,518.967
673,30,13,-25.58697121585121,-109.43630299536827,522.158
674,30,14,-37.1030833829375,-95.82706228165866,525.383
675,30,15,-46.544580231145765,-77.86528351935841,527.619
676,30,16,-52.19444099559403,-54.20379044185798,527.991
677,30,17,-52.23821226289006,-27.38141559006989,526.047
678,30,18,-46.64967293681017,-3.6189078567263793,521.94
679,30,19,-37.22296686324956,14.447503000356111,516.413
680,30,20,-25.686579279612094,28.131090323181315,510.607
681,30,21,-13.106804314400662,39.28489169064969,505.767
682,31,0,6.458756225871465,59.29406746798544,502.316
683,31,1,19.336195530867105,69.74071202992572,502.995
684,31,2,31.52104639694746,81.94429298225754,505.597
685,31,3,42.22288731684692,97.57801542633727,509.207
686,31,4,50.03149425527483,118.51300285510075,512.755
687,31,5,52.98069822190005,144.57098050102147,515.368
688,31,6,49.95780675941415,170.58721203073503,516.619
689,31,7,42.11612462993045,-168.5834394339284,516.629
690,31,8,31.42881493749019,-153.04258707199332,515.991
691,31,9,19.27056424313245,-140.88919434968275,515.519
692,31,10,6.4408000854303245,-130.4863927720248,515.95
693,31,11,-6.589314864969435,-120.60582745830601,517.658
694,31,12,-19.402098318621267,-110.2013729748689,520.499
695,31,13,-31.52116251016335,-98.0555754229154,523.829
696,31,14,-42.17317378497298,-82.51558366481575,526.686
697,31,15,-49.974137741719645,-61.725785567239235,528.079
698,31,16,-52.98064358038669,-35.8095548371638,527.315
699,31,17,-50.05432074748101,-9.814859747676909,524.23
700,31,18,-42.291032114196135,11.087123353243415,519.289
701,31,19,-31.64137725465016,26.708513890776693,513.467
702,31,20,-19.48304972066426,38.92406987227084,507.996
703,31,21,-6.6232856645801395,49.3736787363109,504.031
704,32,0,-0.07938015837909068,59.33709765975652,502.867
705,32,1,12.948978279475531,69.38168313620399,502.372
706,32,2,25.55470369466478,80.53163227698047,504.106
707,32,3,37.13131255477716,94.21369646762078,507.344
708,32,4,46.60531427324552,112.29508550266628,511.051
709,32,5,52.23128303597708,136.114536950007,514.217
710,32,6,52.190920033076885,163.02770892152668,516.169
711,32,7,46.50929547389348,-173.24806248607524,516.751
712,32,8,37.024095660280885,-155.2652125901855,516.342
713,32,9,25.46979761309235,-141.6534651970505,515.682
714,32,10,12.90607103110951,-130.5531920221075,515.588
715,32,11,-0.07933461489114844,-120.54322194437367,516.641
716,32,12,-13.048173970565273,-110.53830620662563,518.967
717,32,13,-25.58697121585121,-99.43630499382265,522.158
718,32,14,-37.1030833829375,-85.82706428011302,525.383
719,32,15,-46.544580231145765,-67.86528551781278,527.619
720,32,16,-52.19444099559403,-44.203792440312355,527.991
721,32,17,-52.23821226289006,-17.381417588524258,526.047
722,32,18,-46.64967293681017,6.381090144819249,521.94
723,32,19,-37.22296686324956,24.44750100190174,516.413
724,32,20,-25.686579279612094,38.131088324726946,510.607
725,32,21,-13.106804314400662,49.28488969219532,505.767
726,33,0,6.458756225871465,69.29406546953108,502.316
727,33,1,19.336195530867105,79.74071003147134,502.995
728,33,2,31.52104639694746,91.94429098380317,505.597
729,33,3,42.22288731684692,107.57801342788291,509.207
730,33,4,50.03149425527483,128.51300085664639,512.755
731,33,5,52.98069822190005,154.57097850256707,515.368
732,33,6,49.95780675941415,-179.41278632525365,516.619
733,33,7,42.11612462993045,-158.58344143238278,516.629
734,33,8,31.42881493749019,-143.0425890704477,515.991
735,33,9,19.27056424313245,-130.88919634813712,515.519
736,33,10,6.4408000854303245,-120.48639477047917,515.95
737,33,11,-6.589314864969435,-110.60582262657121,517.658
738,33,12,-19.402098318621267,-100.20137497332328,520.499
739,33,13,-31.52116251016335,-88.05557742136976,523.829
740,33,14,-42.17317378497298,-72.51558566327012,526.686
741,33,15,-49.974137741719645,-51.72579098078819,528.079
742,33,16,-52.98064358038669,-25.80955512807088,527.315
743,33,17,-50.05432074748101,0.18513789368296235,524.23
744,33,18,-42.291032114196135,21.087121354789044,519.289
745,33,19,-31.64137725465016,36.70851018477503,513.467
746,33,20,-19.48304972066426,48.92406787381647,507.996
747,33,21,-6.6232856645801395,59.373673322761945,504.031
748,34,0,-0.07938015837909068,69.33709566130216,502.867
749,34,1,12.948978279475531,79.38168113774962,502.372
750,34,2,25.55470369466478,90.53163027852611,504.106
751,34,3,37.13131255477716,104.2136944691664,507.344
752,34,4,46.60531427324552,122.2950835042119,511.051
753,34,5,52.23128303597708,146.11453495155263,514.217
754,34,6,52.190920033076885,173.0277069230723,516.169
755,34,7,46.50929547389348,-163.2480644845296,516.751
756,34,8,37.024095660280885,-145.26521458863988,516.342
757,34,9,25.46979761309235,-131.65346719550487,515.682
758,34,10,12.90607103110951,-120.55319402056189,515.588
759,34,11,-0.07933461489114844,-110.54322394282805,516.641
760,34,12,-13.048173970565273,-100.53830820508001,518.967
761,34,13,-25.58697121585121,-89.43630699227701,522.158
762,34,14,-37.1030833829375,-75.8270662785674,525.383
763,34,15,-46.544580231145765,-57.86528751626716,527.619
764,34,16,-52.19444099559403,-34.20379443876673,527.991
765,34,17,-52.23821226289006,-7.38141958697863,526.047
766,34,18,-46.64967293681017,16.381088573251702,521.94
767,34,19,-37.22296686324956,34.44749900344737,516.413
768,34,20,-25.686579279612094,48.13108632627257,510.607
769,34,21,-13.106804314400662,59.28488769374095,505.767
770,35,0,6.458756225871465,79.29407713145504,502.316
771,35,1,19.336195530867105,89.74072169339532,502.995
772,35,2,31.52104639694746,101.94430264572713,505.597
773,35,3,42.22288731684692,117.57803191999604,509.207
774,35,4,50.03149425527483,138.51301251857035,512.755
775,35,5,52.98069822190005,164.57099016449104,515.368
776,35,6,49.95780675941415,-169.41277466332969,516.619
777,35,7,42.11612462993045,-148.5834297704588,516.629
778,35,8,31.42881493749019,-133.04257740852373,515.991
779,35,9,19.27056424313245,-120.88918468621316,515.519
780,35,10,6.4408000854303245,-110.48637627836604,515.95
781,35,11,-6.589314864969435,-100.60581096464725,517.658
782,35,12,-19.402098318621267,-90.20136331139932,520.499
783,35,13,-31.52116251016335,-78.0555657594458,523.829
784,35,14,-42.17317378497298,-62.515574001346145,526.686
785,35,15,-49.974137741719645,-41.72577931886422,528.079
786,35,16,-52.98064358038669,-15.809543466146911,527.315
787,35,17,-50.05432074748101,10.185149915792689,524.23
788,35,18,-42.291032114196135,31.087134724260306,519.289
789,35,19,-31.64137725465016,46.708521846699,513.467
790,35,20,-19.48304972066426,58.92408295083502,507.996
791,35,21,-6.6232856645801395,69.37368498468591,504.031
792,36,0,-0.07938015837909068,79.33710732322612,502.867
793,36,1,12.948978279475531,89.38169279967359,502.372
794,36,2,25.55470369466478,100.53164194045007,504.106
795,36,3,37.13131255477716,114.21370613109038,507.344
796,36,4,46.60531427324552,132.29509516613587,511.051
797,36,5,52.23128303597708,156.1145466134766,514.217
798,36,6,52.190920033076885,-176.97227777253806,516.169
799,36,7,46.50929547389348,-153.24805282260564,516.751
800,36,8,37.024095660280885,-135.26520292671592,516.342
801,36,9,25.46979761309235,-121.65345553358091,515.682
802,36,10,12.90607103110951,-110.55318235863793,515.588
803,36,11,-0.07933461489114844,-100.54321228090409,516.641
804,36,12,-13.048173970565273,-90.53829654315604,518.967
805,36,13,-25.58697121585121,-79.43629533035305,522.158
806,36,14,-37.1030833829375,-65.82705461664342,525.383
807,36,15,-46.544580231145765,-47.86527585434319,527.619
808,36,16,-52.19444099559403,-24.203784484390052,527.991
809,36,17,-52.23821226289006,2.618591861501927,526.047
810,36,18,-46.64967293681017,26.38110023517567,521.94
811,36,19,-37.22296686324956,44.44751066537134,516.413
812,36,20,-25.686579279612094,58.131097988196544,510.607
813,36,21,-13.106804314400662,69.28489935566492,505.767
814,37,0,6.458756225871465,89.29407513300067,502.316
815,37,1,19.336195530867105,99.74071969494094,502.995
816,37,2,31.52104639694746,111.94430064727277,505.597
817,37,3,42.22288731684692,127.57802992154167,509.207
818,37,4,50.03149425527483,148.51301052011598,512.755
819,37,5,52.98069822190005,174.57098816603667,515.368
820,37,6,49.95780675941415,-159.41277666178405,516.619
821,37,7,42.11612462993045,-138.5834317689132,516.629
822,37,8,31.42881493749019,-123.0425794069781,515.991
823,37,9,19.27056424313245,-110.88918668466754,515.519
824,37,10,6.4408000854303245,-100.4863782768204,515.95
825,37,11,-6.589314864969435,-90.60581296310161,517.658
826,37,12,-19.402098318621267,-80.20136530985368,520.499
827,37,13,-31.52116251016335,-68.05556775790016,523.829
828,37,14,-42.17317378497298,-52.51557599980052,526.686
829,37,15,-49.974137741719645,-31.725781317318592,528.079
830,37,16,-52.98064358038669,-5.809545891488106,527.315
831,37,17,-50.05432074748101,20.18514706356467,524.23
832,37,18,-42.291032114196135,41.08713272580594,519.289
833,37,19,-31.64137725465016,56.70851984824463,513.467
834,37,20,-19.48304972066426,68.92408095238065,507.996
835,37,21,-6.6232856645801395,79.37368298623154,504.031
836,38,0,-0.07938015837909068,89.33710532477176,502.867
837,38,1,12.948978279475531,99.38169080121922,502.372
838,38,2,25.55470369466478,110.5316399419957,504.106
839,38,3,37.13131255477716,124.21371096282517,507.344
840,38,4,46.60531427324552,142.2950931676815,511.051
841,38,5,52.23128303597708,166.11454461502223,514.217
842,38,6,52.190920033076885,-166.97227977099243,516.169
843,38,7,46.50929547389348,-143.24805482106,516.751
844,38,8,37.024095660280885,-125.2652049251703,516.342
845,38,9,25.46979761309235,-111.65345753203528,515.682
846,38,10,12.90607103110951,-100.55318435709229,515.588
847,38,11,-0.07933461489114844,-90.54321427935845,516.641
848,38,12,-13.048173970565273,-80.53829854161042,518.967
849,38,13,-25.58697121585121,-69.43629732880741,522.158
850,38,14,-37.1030833829375,-55.827060030192385,525.383
851,38,15,-46.544580231145765,-37.86527785279756,527.619
852,38,16,-52.19444099559403,-14.203786482844423,527.991
853,38,17,-52.23821226289006,12.618590076490968,526.047
854,38,18,-46.64967293681017,36.3810982367213,521.94
855,38,19,-37.22296686324956,54.44750866691697,516.413
856,38,20,-25.686579279612094,68.13109598974216,510.607
857,38,21,-13.106804314400662,79.28489735721054,505.767
858,39,0,6.458756225871465,99.2940731345463,502.316
859,39,1,19.336195530867105,109.74071769648657,502.995
860,39,2,31.52104639694746,121.94429864881839,505.597
861,39,3,42.22288731684692,137.5780279230873,509.207
862,39,4,50.03149425527483,158.5130085216616,512.755
863,39,5,52.98069822190005,-175.42902385033037,515.368
864,39,6,49.95780675941415,-149.41277866023844,516.619
865,39,7,42.11612462993045,-128.58343376736755,516.629
866,39,8,31.42881493749019,-113.04258140543247,515.991
867,39,9,19.27056424313245,-100.8891886831219,515.519
868,39,10,6.4408000854303245,-90.48638027527477,515.95
869,39,11,-6.589314864969435,-80.60581496155599,517.658
870,39,12,-19.402098318621267,-70.20136730830805,520.499
871,39,13,-31.52116251016335,-58.055569756354544,523.829
872,39,14,-42.17317378497298,-42.51557799825489,526.686
873,39,15,-49.974137741719645,-21.72578160822567,528.079
874,39,16,-52.98064358038669,4.190452110057523,527.315
875,39,17,-50.05432074748101,30.185146772657593,524.23
876,39,18,-42.291032114196135,51.087130727351564,519.289
877,39,19,-31.64137725465016,66.70851784979025,513.467
878,39,20,-19.48304972066426,78.92407895392628,507.996
879,39,21,-6.6232856645801395,89.37368098777716,504.031
880,40,0,-0.07938015837909068,99.33710332631738,502.867
881,40,1,12.948978279475531,109.38168880276486,502.372
882,40,2,25.55470369466478,120.53163794354134,504.106
883,40,3,37.13131255477716,134.2137089643708,507.344
884,40,4,46.60531427324552,152.29509116922713,511.051
885,40,5,52.23128303597708,176.11454261656786,514.217
886,40,6,52.190920033076885,-156.9722817694468,516.169
887,40,7,46.50929547389348,-133.2480568195144,516.751
888,40,8,37.024095660280885,-115.26520692362466,516.342
889,40,9,25.46979761309235,-101.65345953048966,515.682
890,40,10,12.90607103110951,-90.55318635554667,515.588
891,40,11,-0.07933461489114844,-80.54321627781282,516.641
892,40,12,-13.048173970565273,-70.53830054006478,518.967
893,40,13,-25.58697121585121,-59.436299327261786,522.158
894,40,14,-37.1030833829375,-45.82706202864676,525.383
895,40,15,-46.544580231145765,-27.86527814370464,527.619
896,40,16,-52.19444099559403,-4.203788481298796,527.991
897,40,17,-52.23821226289006,22.618588078036595,526.047
898,40,18,-46.64967293681017,46.38109623826693,521.94
899,40,19,-37.22296686324956,64.4475066684626,516.413
900,40,20,-25.686579279612094,78.1310939912878,510.607
901,40,21,-13.106804314400662,89.28489535875617,505.767
902,41,0,6.458756225871465,109.29407113609193,502.316
903,41,1,19.336195530867105,119.7407156980322,502.995
904,41,2,31.52104639694746,131.944296650364,505.597
905,41,3,42.22288731684692,147.57802592463293,509.207
906,41,4,50.03149425527483,168.51300652320722,512.755
907,41,5,52.98069822190005,-165.42902584878473,515.368
908,41,6,49.95780675941415,-139.4127806586928,516.619
909,41,7,42.11612462993045,-118.58343576582192,516.629
910,41,8,31.42881493749019,-103.04258340388685,515.991
911,41,9,19.27056424313245,-90.88919068157628,515.519
912,41,10,6.4408000854303245,-80.48638227372915,515.95
913,41,11,-6.589314864969435,-70.60581696001036,517.658
914,41,12,-19.402098318621267,-60.20136930676243,520.499
915,41,13,-31.52116251016335,-48.05556833971433,523.829
916,41,14,-42.17317378497298,-32.51557999670926,526.686
917,41,15,-49.974137741719645,-11.725784460453688,528.079
918,41,16,-52.98064358038669,14.190449684716327,527.315
919,41,17,-50.05432074748101,40.185144774203216,524.23
920,41,18,-42.291032114196135,61.08712872889719,519.289
921,41,19,-31.64137725465016,76.70851585133589,513.467
922,41,20,-19.48304972066426,88.9240769554719,507.996
923,41,21,-6.6232856645801395,99.3736789893228,504.031
924,42,0,-0.07938015837909068,109.33710132786301,502.867
925,42,1,12.948978279475531,119.38169363449965,502.372
926,42,2,25.55470369466478,130.53163594508698,504.106
927,42,3,37.13131255477716,144.21370696591643,507.344
928,42,4,46.60531427324552,162.29508917077277,511.051
929,42,5,52.23128303597708,-173.88545573942085,514.217
930,42,6,52.190920033076885,-146.9722837679012,516.169
931,42,7,46.50929547389348,-123.24805881796877,516.751
932,42,8,37.024095660280885,-105.26520892207904,516.342
933,42,9,25.46979761309235,-91.65346152894402,515.682
934,42,10,12.90607103110951,-80.55318835400104,515.588
935,42,11,-0.07933461489114844,-70.5432182762672,516.641
936,42,12,-13.048173970565273,-60.538302538519154,518.967
937,42,13,-25.58697121585121,-49.43630132571616,522.158
938,42,14,-37.1030833829375,-35.82706402710113,525.383
939,42,15,-46.544580231145765,-17.86528014215901,527.619
940,42,16,-52.19444099559403,5.796209520246833,527.991
941,42,17,-52.23821226289006,32.61858607958222,526.047
942,42,18,-46.64967293681017,56.381094239812555,521.94
943,42,19,-37.22296686324956,74.44750467000823,516.413
944,42,20,-25.686579279612094,88.13109199283343,510.607
945,42,21,-13.106804314400662,99.2848933603018,505.767
946,43,0,6.458756225871465,119.29406230744839,502.316
947,43,1,19.336195530867105,129.74071369957784,502.995
948,43,2,31.52104639694746,141.94429465190964,505.597
949,43,3,42.22288731684692,157.57802392617856,509.207
950,43,4,50.03149425527483,178.51300452475286,512.755
951,43,5,52.98069822190005,-155.4290278472391,515.368
952,43,6,49.95780675941415,-129.41278265714718,516.619
953,43,7,42.11612462993045,-108.58344459446546,516.629
954,43,8,31.42881493749019,-93.04258540234122,515.991
955,43,9,19.27056424313245,-80.88919268003065,515.519
956,43,10,6.4408000854303245,-70.48638427218351,515.95
957,43,11,-6.589314864969435,-60.60581895846473,517.658
958,43,12,-19.402098318621267,-50.201371305216796,520.499
959,43,13,-31.52116251016335,-38.0555703381687,523.829
960,43,14,-42.17317378497298,-22.515583702710927,526.686
961,43,15,-49.974137741719645,-1.7257863521863548,528.079
962,43,16,-52.98064358038669,24.190448540035604,527.315
963,43,17,-50.05432074748101,50.18514277574885,524.23
964,43,18,-42.291032114196135,71.08712673044282,519.289
965,43,19,-31.64137725465016,86.70851385288151,513.467
966,43,20,-19.48304972066426,98.92407495701754,507.996
967,43,21,-6.6232856645801395,109.37367699086842,504.031
968,44,0,-0.07938015837909068,119.33710615959781,502.867
969,44,1,12.948978279475531,129.38169163604528,502.372
970,44,2,25.55470369466478,140.53163394663258,504.106
971,44,3,37.13131255477716,154.21370496746206,507.344
972,44,4,46.60531427324552,172.2950871723184,511.051
973,44,5,52.23128303597708,-163.8854577378752,514.217
974,44,6,52.190920033076885,-136.97228576635555,516.169
975,44,7,46.50929547389348,-113.24805398623397,516.751
976,44,8,37.024095660280885,-95.2652109205334,516.342
977,44,9,25.46979761309235,-81.6534635273984,515.682
978,44,10,12.90607103110951,-70.55319035245542,515.588
979,44,11,-0.07933461489114844,-60.54322027472156,516.641
980,44,12,-13.048173970565273,-50.53830453697353,518.967
981,44,13,-25.58697121585121,-39.43630332417053,522.158
982,44,14,-37.1030833829375,-25.8270660255555,525.383
983,44,15,-46.544580231145765,-7.8652829943870275,527.619
984,44,16,-52.19444099559403,15.796207521792462,527.991
985,44,17,-52.23821226289006,42.61858408112785,526.047
986,44,18,-46.64967293681017,66.38109224135819,521.94
987,44,19,-37.22296686324956,84.44750267155385,516.413
988,44,20,-25.686579279612094,98.13108999437905,510.607
989,44,21,-13.106804314400662,109.28489136184743,505.767
990,45,0,6.458756225871465,129.294060308994,502.316
991,45,1,19.336195530867105,139.74071170112344,502.995
992,45,2,31.52104639694746,151.94429265345528,505.597
993,45,3,42.22288731684692,167.5780219277242,509.207
994,45,4,50.03149425527483,-171.48699383123585,512.755
995,45,5,52.98069822190005,-145.42902984569346,515.368
996,45,6,49.95780675941415,-119.41278465560154,516.619
997,45,7,42.11612462993045,-98.58344659291983,516.629
998,45,8,31.42881493749019,-83.04258740079558,515.991
999,45,9,19.27056424313245,-70.88919467848503,515.519
1000,45,10,6.4408000854303245,-60.48638627063789,515.95
1001,45,11,-6.589314864969435,-50.6058209569191,517.658
1002,45,12,-19.402098318621267,-40.20137330367117,520.499
1003,45,13,-31.52116251016335,-28.055574044170363,523.829
1004,45,14,-42.17317378497298,-12.51558484739165,526.686
1005,45,15,-49.974137741719645,8.274211542637568,528.079
1006,45,16,-52.98064358038669,34.19044483403394,527.315
1007,45,17,-50.05432074748101,60.18514077729448,524.23
1008,45,18,-42.291032114196135,81.08712473198845,519.289
1009,45,19,-31.64137725465016,96.70851185442714,513.467
1010,45,20,-19.48304972066426,108.92407295856316,507.996
1011,45,21,-6.6232856645801395,119.37367499241405,504.031
1012,46,0,-0.07938015837909068,129.3371178215218,502.867
1013,46,1,12.948978279475531,139.38170329796924,502.372
1014,46,2,25.55470369466478,150.53164560855657,504.106
1015,46,3,37.13131255477716,164.21371662938603,507.344
1016,46,4,46.60531427324552,-177.70489752329198,511.051
1017,46,5,52.23128303597708,-153.88544607595125,514.217
1018,46,6,52.190920033076885,-126.97227410443158,516.169
1019,46,7,46.50929547389348,-103.24804232430999,516.751
1020,46,8,37.024095660280885,-85.26519925860944,516.342
1021,46,9,25.46979761309235,-71.65345186547442,515.682
1022,46,10,12.90607103110951,-60.553178690531446,515.588
1023,46,11,-0.07933461489114844,-50.54320519770301,516.641
1024,46,12,-13.048173970565273,-40.53829287504956,518.967
1025,46,13,-25.58697121585121,-29.436291662246564,522.158
1026,46,14,-37.1030833829375,-15.827054363631532,525.383
1027,46,15,-46.544580231145765,2.1347286675369417,527.619
1028,46,16,-52.19444099559403,25.79621918371643,527.991
1029,46,17,-52.23821226289006,52.61859574305182,526.047
1030,46,18,-46.64967293681017,76.38110390328215,521.94
1031,46,19,-37.22296686324956,94.44751433347783,516.413
1032,46,20,-25.686579279612094,108.13110165630303,510.607
1033,46,21,-13.106804314400662,119.28489619358223,505.767
1034,47,0,6.458756225871465,139.29407197091797,502.316
1035,47,1,19.336195530867105,149.74072336304744,502.995
1036,47,2,31.52104639694746,161.94430431537924,505.597
1037,47,3,42.22288731684692,177.57803358964816,509.207
1038,47,4,50.03149425527483,-161.4869821693119,512.755
1039,47,5,52.98069822190005,-135.4290181837695,515.368
1040,47,6,49.95780675941415,-109.41277299367758,516.619
1041,47,7,42.11612462993045,-88.58343493099586,516.629
1042,47,8,31.42881493749019,-73.04257573887162,515.991
1043,47,9,19.27056424313245,-60.88918301656105,515.519
1044,47,10,6.4408000854303245,-50.48637460871392,515.95
1045,47,11,-6.589314864969435,-40.60580929499513,517.658
1046,47,12,-19.402098318621267,-30.2013616417472,520.499
1047,47,13,-31.52116251016335,-18.055562382246393,523.829
1048,47,14,-42.17317378497298,-2.5155731854676824,526.686
1049,47,15,-49.974137741719645,18.274224058335182,528.079
1050,47,16,-52.98064358038669,44.19045649595791,527.315
1051,47,17,-50.05432074748101,70.18515243921844,524.23
1052,47,18,-42.291032114196135,91.08713639391242,519.289
1053,47,19,-31.64137725465016,106.70852351635111,513.467
1054,47,20,-19.48304972066426,118.92408462048714,507.996
1055,47,21,-6.6232856645801395,129.37368665433803,504.031
1056,48,0,-0.07938015837909068,139.3371158230674,502.867
1057,48,1,12.948978279475531,149.38170129951487,502.372
1058,48,2,25.55470369466478,160.53164361010218,504.106
1059,48,3,37.13131255477716,174.21371463093166,507.344
1060,48,4,46.60531427324552,-167.70489952174634,511.051
1061,48,5,52.23128303597708,-143.88544807440562,514.217
1062,48,6,52.190920033076885,-116.97227610288596,516.169
1063,48,7,46.50929547389348,-93.24804432276437,516.751
1064,48,8,37.024095660280885,-75.26520125706381,516.342
1065,48,9,25.46979761309235,-61.653453863928796,515.682
1066,48,10,12.90607103110951,-50.55318068898582,515.588
1067,48,11,-0.07933461489114844,-40.54320719615738,516.641
1068,48,12,-13.048173970565273,-30.53829487350393,518.967
1069,48,13,-25.58697121585121,-19.436293660700933,522.158
1070,48,14,-37.1030833829375,-5.8270559351990805,525.383
1071,48,15,-46.544580231145765,12.13472666908257,527.619
1072,48,16,-52.19444099559403,35.79621889280935,527.991
1073,48,17,-52.23821226289006,62.61859374459745,526.047
1074,48,18,-46.64967293681017,86.38110190482779,521.94
1075,48,19,-37.22296686324956,104.44751233502345,516.413
1076,48,20,-25.686579279612094,118.13109965784865,510.607
1077,48,21,-13.106804314400662,129.28489419512786,505.767
1078,49,0,6.458756225871465,149.2940699724636,502.316
1079,49,1,19.336195530867105,159.74072136459304,502.995
1080,49,2,31.52104639694746,171.94430231692488,505.597
1081,49,3,42.22288731684692,-172.42197842671888,509.207
1082,49,4,50.03149425527483,-151.48698416776625,512.755
1083,49,5,52.98069822190005,-125.42902018222388,515.368
1084,49,6,49.95780675941415,-99.41277499213194,516.619
1085,49,7,42.11612462993045,-78.58343692945023,516.629
1086,49,8,31.42881493749019,-63.04257773732599,515.991
1087,49,9,19.27056424313245,-50.88918159992084,515.519
1088,49,10,6.4408000854303245,-40.48637660716829,515.95
1089,49,11,-6.589314864969435,-30.605811293449506,517.658
1090,49,12,-19.402098318621267,-20.201365347748865,520.499
1091,49,13,-31.52116251016335,-8.05556352692712,523.829
1092,49,14,-42.17317378497298,7.484424816077946,526.686
1093,49,15,-49.974137741719645,28.27422205988081,528.079
1094,49,16,-52.98064358038669,54.19045449750354,527.315
1095,49,17,-50.05432074748101,80.18515044076408,524.23
1096,49,18,-42.291032114196135,101.08713439545805,519.289
1097,49,19,-31.64137725465016,116.70852151789674,513.467
1098,49,20,-19.48304972066426,128.92408262203276,507.996
1099,49,21,-6.6232856645801395,139.37368465588364,504.031
1100,50,0,-0.07938015837909068,149.33711382461303,502.867
1101,50,1,12.948978279475531,159.3816993010605,502.372
1102,50,2,25.55470369466478,170.5316416116478,504.106
1103,50,3,37.13131255477716,-175.78629738543538,507.344
1104,50,4,46.60531427324552,-157.7049015202007,511.051
1105,50,5,52.23128303597708,-133.88545007285998,514.217
1106,50,6,52.190920033076885,-106.97228493152949,516.169
1107,50,7,46.50929547389348,-83.24804632121874,516.751
1108,50,8,37.024095660280885,-65.26520325551819,516.342
1109,50,9,25.46979761309235,-51.65345586238317,515.682
1110,50,10,12.90607103110951,-40.553182687440184,515.588
1111,50,11,-0.07933461489114844,-30.543209194611755,516.641
1112,50,12,-13.048173970565273,-20.53829516441101,518.967
1113,50,13,-25.58697121585121,-9.436295659155306,522.158
1114,50,14,-37.1030833829375,4.172942066346549,525.383
1115,50,15,-46.544580231145765,22.134725524401844,527.619
1116,50,16,-52.19444099559403,45.79621689435498,527.991
1117,50,17,-52.23821226289006,72.61859174614308,526.047
1118,50,18,-46.64967293681017,96.38109990637341,521.94
1119,50,19,-37.22296686324956,114.44751033656908,516.413
1120,50,20,-25.686579279612094,128.13109765939427,510.607
1121,50,21,-13.106804314400662,139.2848921966735,505.767
1122,51,0,6.458756225871465,159.29406797400924,502.316
1123,51,1,19.336195530867105,169.74071936613868,502.995
1124,51,2,31.52104639694746,-178.05569603906383,505.597
1125,51,3,42.22288731684692,-162.42198042517325,509.207
1126,51,4,50.03149425527483,-141.48698616622062,512.755
1127,51,5,52.98069822190005,-115.42902218067825,515.368
1128,51,6,49.95780675941415,-89.41277699058632,516.619
1129,51,7,42.11612462993045,-68.58343892790461,516.629
1130,51,8,31.42881493749019,-53.042579735780365,515.991
1131,51,9,19.27056424313245,-40.88918359837521,515.519
1132,51,10,6.4408000854303245,-30.486378605622665,515.95
1133,51,11,-6.589314864969435,-20.60581499945117,517.658
1134,51,12,-19.402098318621267,-10.201367346203236,520.499
1135,51,13,-31.52116251016335,1.944434261175097,523.829
1136,51,14,-42.17317378497298,17.48442196384993,526.686
1137,51,15,-49.974137741719645,38.27421835387915,528.079
1138,51,16,-52.98064358038669,64.19045249904916,527.315
1139,51,17,-50.05432074748101,90.1851484423097,524.23
1140,51,18,-42.291032114196135,111.08713239700367,519.289
1141,51,19,-31.64137725465016,126.70851951944236,513.467
1142,51,20,-19.48304972066426,138.9240806235784,507.996
1143,51,21,-6.6232856645801395,149.37368265742927,504.031
1144,52,0,-0.07938015837909068,159.33711182615866,502.867
1145,52,1,12.948978279475531,169.38169730260614,502.372
1146,52,2,25.55470369466478,-179.4683567443409,504.106
1147,52,3,37.13131255477716,-165.78629938388977,507.344
1148,52,4,46.60531427324552,-147.70490351865507,511.051
1149,52,5,52.23128303597708,-123.88545207131436,514.217
1150,52,6,52.190920033076885,-96.97228692998387,516.169
1151,52,7,46.50929547389348,-73.24804831967312,516.751
1152,52,8,37.024095660280885,-55.265208669067135,516.342
1153,52,9,25.46979761309235,-41.65345786083754,515.682
1154,52,10,12.90607103110951,-30.553184685894557,515.588
1155,52,11,-0.07933461489114844,-20.543211193066128,516.641
1156,52,12,-13.048173970565273,-10.538298016639027,518.967
1157,52,13,-25.58697121585121,0.5637019688643521,522.158
1158,52,14,-37.1030833829375,14.172939641005353,525.383
1159,52,15,-46.544580231145765,32.13472181840018,527.619
1160,52,16,-52.19444099559403,55.79621489590061,527.991
1161,52,17,-52.23821226289006,82.6185897476887,526.047
1162,52,18,-46.64967293681017,106.38109790791904,521.94
1163,52,19,-37.22296686324956,124.4475083381147,516.413
1164,52,20,-25.686579279612094,138.1310956609399,510.607
1165,52,21,-13.106804314400662,149.2848901982191,505.767
1166,53,0,6.458756225871465,169.29406597555487,502.316
1167,53,1,19.336195530867105,179.7407173676843,502.995
1168,53,2,31.52104639694746,-168.0556980375182,505.597
1169,53,3,42.22288731684692,-152.42198242362764,509.207
1170,53,4,50.03149425527483,-131.48698816467498,512.755
1171,53,5,52.98069822190005,-105.42901734894345,515.368
1172,53,6,49.95780675941415,-79.41277898904069,516.619
1173,53,7,42.11612462993045,-58.583440926358975,516.629
1174,53,8,31.42881493749019,-43.04258173423474,515.991
1175,53,9,19.27056424313245,-30.88918559682958,515.519
1176,53,10,6.4408000854303245,-20.486380604077034,515.95
1177,53,11,-6.589314864969435,-10.605816997905542,517.658
1178,53,12,-19.402098318621267,-0.20136929129675554,520.499
1179,53,13,-31.52116251016335,11.944432476164137,523.829
1180,53,14,-42.17317378497298,27.484419965395556,526.686
1181,53,15,-49.974137741719645,48.27421635542478,528.079
1182,53,16,-52.98064358038669,74.19045050059479,527.315
1183,53,17,-50.05432074748101,100.18514644385533,524.23
1184,53,18,-42.291032114196135,121.08712356836013,519.289
1185,53,19,-31.64137725465016,136.70851752098798,513.467
1186,53,20,-19.48304972066426,148.92407862512403,507.996
1187,53,21,-6.6232856645801395,159.3736806589749,504.031
1188,54,0,-0.07938015837909068,169.3371098277043,502.867
1189,54,1,12.948978279475531,179.38169530415175,502.372
1190,54,2,25.55470369466478,-169.46835874279526,504.106
1191,54,3,37.13131255477716,-155.78630138234413,507.344
1192,54,4,46.60531427324552,-137.70490551710947,511.051
1193,54,5,52.23128303597708,-113.88545406976873,514.217
1194,54,6,52.190920033076885,-86.97228892843823,516.169
1195,54,7,46.50929547389348,-63.24805031812748,516.751
1196,54,8,37.024095660280885,-45.26521066752151,516.342
1197,54,9,25.46979761309235,-31.653459859291914,515.682
1198,54,10,12.90607103110951,-20.55318497680164,515.588
1199,54,11,-0.07933461489114844,-10.543213191520497,516.641
1200,54,12,-13.048173970565273,-0.5382995882065755,518.967
1201,54,13,-25.58697121585121,10.56370034393595,522.158
1202,54,14,-37.1030833829375,24.172937642550984,525.383
1203,54,15,-46.544580231145765,42.13471981994581,527.619
1204,54,16,-52.19444099559403,65.79620948235166,527.991
1205,54,17,-52.23821226289006,92.61858774923434,526.047
1206,54,18,-46.64967293681017,116.38109590946466,521.94
1207,54,19,-37.22296686324956,134.44750633966032,516.413
1208,54,20,-25.686579279612094,148.13109366248554,510.607
1209,54,21,-13.106804314400662,159.28488819976474,505.767
1210,55,0,6.458756225871465,179.2940639771005,502.316
1211,55,1,19.336195530867105,-170.2592809883044,502.995
1212,55,2,31.52104639694746,-158.05570003597256,505.597
1213,55,3,42.22288731684692,-142.421984422082,509.207
1214,55,4,50.03149425527483,-121.48699016312936,512.755
1215,55,5,52.98069822190005,-95.42901934739783,515.368
1216,55,6,49.95780675941415,-69.41278098749507,516.619
1217,55,7,42.11612462993045,-48.58344292481335,516.629
1218,55,8,31.42881493749019,-33.0425837326891,515.991
1219,55,9,19.27056424313245,-20.889187595283953,515.519
1220,55,10,6.4408000854303245,-10.486383456305052,515.95
1221,55,11,-6.589314864969435,-0.6058186228339433,517.658
1222,55,12,-19.402098318621267,9.79862865688802,520.499
1223,55,13,-31.52116251016335,21.94442962393612,523.829
1224,55,14,-42.17317378497298,37.48441967448848,526.686
1225,55,15,-49.974137741719645,58.274217772064986,528.079
1226,55,16,-52.98064358038669,84.19044850214043,527.315
1227,55,17,-50.05432074748101,110.18514444540097,524.23
1228,55,18,-42.291032114196135,131.08712156990575,519.289
1229,55,19,-31.64137725465016,146.70851552253362,513.467
1230,55,20,-19.48304972066426,158.92407662666966,507.996
1231,55,21,-6.6232856645801395,169.37367866052054,504.031
1232,56,0,-0.07938015837909068,179.3371078292499,502.867
1233,56,1,12.948978279475531,-170.6183167122153,502.372
1234,56,2,25.55470369466478,-159.46836074124963,504.106
1235,56,3,37.13131255477716,-145.7863033807985,507.344
1236,56,4,46.60531427324552,-127.70490751556383,511.051
1237,56,5,52.23128303597708,-103.88545606822309,514.217
1238,56,6,52.190920033076885,-76.97229092689261,516.169
1239,56,7,46.50929547389348,-53.248055731676445,516.751
1240,56,8,37.024095660280885,-35.26521266597588,516.342
1241,56,9,25.46979761309235,-21.653461857746283,515.682
1242,56,10,12.90607103110951,-10.553187829029655,515.588
1243,56,11,-0.07933461489114844,-0.543215243335722,516.641
1244,56,12,-13.048173970565273,9.46169798645223,518.967
1245,56,13,-25.58697121585121,20.56369834548158,522.158
1246,56,14,-37.1030833829375,34.17293564409661,525.383
1247,56,15,-46.544580231145765,52.134717821491435,527.619
1248,56,16,-52.19444099559403,75.79620748389728,527.991
1249,56,17,-52.23821226289006,102.61858575077997,526.047
1250,56,18,-46.64967293681017,126.3810939110103,521.94
1251,56,19,-37.22296686324956,144.44750434120596,516.413
1252,56,20,-25.686579279612094,158.13109166403117,510.607
1253,56,21,-13.106804314400662,169.28488620131037,505.767
1254,57,0,6.458756225871465,-170.7059343788882,502.316
1255,57,1,19.336195530867105,-160.25928298675876,502.995
1256,57,2,31.52104639694746,-148.05570203442693,505.597
1257,57,3,42.22288731684692,-132.42198642053637,509.207
1258,57,4,50.03149425527483,-111.48699216158373,512.755
1259,57,5,52.98069822190005,-85.42902134585219,515.368
1260,57,6,49.95780675941415,-59.412782985949434,516.619
1261,57,7,42.11612462993045,-38.58344492326772,516.629
1262,57,8,31.42881493749019,-23.04258743869077,515.991
1263,57,9,19.27056424313245,-10.889189593738324,515.519
1264,57,10,6.4408000854303245,-0.4863854013985714,515.95
1265,57,11,-6.589314864969435,9.394179005185714,517.658
1266,57,12,-19.402098318621267,19.798626658433648,520.499
1267,57,13,-31.52116251016335,31.944429333029042,523.829
1268,57,14,-42.17317378497298,47.484417676034106,526.686
1269,57,15,-49.974137741719645,68.27421577361062,528.079
1270,57,16,-52.98064358038669,94.19044650368605,527.315
1271,57,17,-50.05432074748101,120.18514244694659,524.23
1272,57,18,-42.291032114196135,141.08711957145138,519.289
1273,57,19,-31.64137725465016,156.70851352407925,513.467
1274,57,20,-19.48304972066426,168.92407462821527,507.996
1275,57,21,-6.6232856645801395,179.37367666206617,504.031
1276,58,0,-0.07938015837909068,-170.66290418711714,502.867
1277,58,1,12.948978279475531,-160.61831871066966,502.372
1278,58,2,25.55470369466478,-149.468362739704,504.106
1279,58,3,37.13131255477716,-135.78630537925287,507.344
1280,58,4,46.60531427324552,-117.7049095140182,511.051
1281,58,5,52.23128303597708,-93.88545806667747,514.217
1282,58,6,52.190920033076885,-66.97229292534698,516.169
1283,58,7,46.50929547389348,-43.24805773013081,516.751
1284,58,8,37.024095660280885,-25.26521295688296,516.342
1285,58,9,25.46979761309235,-11.653464709974301,515.682
1286,58,10,12.90607103110951,-0.5531896674014678,515.588
1287,58,11,-0.07933461489114844,9.45678281157076,516.641
1288,58,12,-13.048173970565273,19.461696841771506,518.967
1289,58,13,-25.58697121585121,30.563696347027207,522.158
1290,58,14,-37.1030833829375,44.17293364564224,525.383
1291,58,15,-46.544580231145765,62.13471582303707,527.619
1292,58,16,-52.19444099559403,85.79620548544291,527.991
1293,58,17,-52.23821226289006,112.61858375232559,526.047
1294,58,18,-46.64967293681017,136.38109191255592,521.94
1295,58,19,-37.22296686324956,154.4475023427516,516.413
1296,58,20,-25.686579279612094,168.1310896655768,510.607
1297,58,21,-13.106804314400662,179.284884202856,505.767
1298,59,0,6.458756225871465,-160.70593637734257,502.316
1299,59,1,19.336195530867105,-150.25928498521313,502.995
1300,59,2,31.52104639694746,-138.05570403288132,505.597
1301,59,3,42.22288731684692,-122.42198841899075,509.207
1302,59,4,50.03149425527483,-101.48699416003811,512.755
1303,59,5,52.98069822190005,-75.42902334430657,515.368
1304,59,6,49.95780675941415,-49.412781569309224,516.619
1305,59,7,42.11612462993045,-28.583446921722093,516.629
1306,59,8,31.42881493749019,-13.042589437145141,515.991
1307,59,9,19.27056424313245,-0.8891916455535479,515.519
1308,59,10,6.4408000854303245,9.513612546786204,515.95
1309,59,11,-6.589314864969435,19.394177006731343,517.658
1310,59,12,-19.402098318621267,29.79862636752657,520.499
1311,59,13,-31.52116251016335,41.94442733457467,523.829
1312,59,14,-42.17317378497298,57.48441567757973,526.686
1313,59,15,-49.974137741719645,78.27421377515624,528.079
1314,59,16,-52.98064358038669,104.19044450523168,527.315
1315,59,17,-50.05432074748101,130.1851404484922,524.23
1316,59,18,-42.291032114196135,151.08711757299702,519.289
1317,59,19,-31.64137725465016,166.70851152562489,513.467
1318,59,20,-19.48304972066426,178.9240726297609,507.996
1319,59,21,-6.6232856645801395,-170.62632169392253,504.031
1320,60,0,-0.07938015837909068,-160.6629061855715,502.867
1321,60,1,12.948978279475531,-150.61832070912402,502.372
1322,60,2,25.55470369466478,-139.46836473815836,504.106
1323,60,3,37.13131255477716,-125.78630737770725,507.344
1324,60,4,46.60531427324552,-107.70491151247256,511.051
1325,60,5,52.23128303597708,-83.88546006513184,514.217
1326,60,6,52.190920033076885,-56.97229150870676,516.169
1327,60,7,46.50929547389348,-33.24805972858518,516.751
1328,60,8,37.024095660280885,-15.265214955337331,516.342
1329,60,9,25.46979761309235,-1.6534663882635556,515.682
1330,60,10,12.90607103110951,9.446808174061601,515.588
1331,60,11,-0.07933461489114844,19.45678081311639,516.641
1332,60,12,-13.048173970565273,29.461693135769842,518.967
1333,60,13,-25.58697121585121,40.56369434857284,522.158
1334,60,14,-37.1030833829375,54.172931647187866,525.383
1335,60,15,-46.544580231145765,72.13471382458269,527.619
1336,60,16,-52.19444099559403,95.79620348698853,527.991
1337,60,17,-52.23821226289006,122.61857492368205,526.047
1338,60,18,-46.64967293681017,146.38108991410155,521.94
1339,60,19,-37.22296686324956,164.44750034429723,516.413
1340,60,20,-25.686579279612094,178.13108766712242,510.607
1341,60,21,-13.106804314400662,-170.7151141531327,505.767
1342,61,0,6.458756225871465,-150.70593837579693,502.316
1343,61,1,19.336195530867105,-140.2592869836675,502.995
1344,61,2,31.52104639694746,-128.0557060313357,505.597
1345,61,3,42.22288731684692,-112.42198358725595,509.207
1346,61,4,50.03149425527483,-91.48699615849247,512.755
1347,61,5,52.98069822190005,-65.42902534276094,515.368
1348,61,6,49.95780675941415,-39.41278356776359,516.619
1349,61,7,42.11612462993045,-18.583448920176462,516.629
1350,61,8,31.42881493749019,-3.042591222156101,515.991
1351,61,9,19.27056424313245,9.110806409352934,515.519
1352,61,10,6.4408000854303245,19.51361140210548,515.95
1353,61,11,-6.589314864969435,29.394176715824266,517.658
1354,61,12,-19.402098318621267,39.7986243690722,520.499
1355,61,13,-31.52116251016335,51.9444253361203,523.829
1356,61,14,-42.17317378497298,67.48441367912537,526.686
1357,61,15,-49.974137741719645,88.27421177670188,528.079
1358,61,16,-52.98064358038669,114.1904425067773,527.315
1359,61,17,-50.05432074748101,140.18513845003784,524.23
1360,61,18,-42.291032114196135,161.08711557454265,519.289
1361,61,19,-31.64137725465016,176.70850952717052,513.467
1362,61,20,-19.48304972066426,-171.07592572622778,507.996
1363,61,21,-6.6232856645801395,-160.6263236923769,504.031
1364,62,0,-0.07938015837909068,-150.66290818402587,502.867
1365,62,1,12.948978279475531,-140.6183227075784,502.372
1366,62,2,25.55470369466478,-129.46836673661275,504.106
1367,62,3,37.13131255477716,-115.78630937616161,507.344
1368,62,4,46.60531427324552,-97.70491351092694,511.051
1369,62,5,52.23128303597708,-73.88546206358622,514.217
1370,62,6,52.190920033076885,-46.97229350716113,516.169
1371,62,7,46.50929547389348,-23.248061727039556,516.751
1372,62,8,37.024095660280885,-5.265217807565348,516.342
1373,62,9,25.46979761309235,8.346531293116955,515.682
1374,62,10,12.90607103110951,19.446807029380878,515.588
1375,62,11,-0.07933461489114844,29.456778814662016,516.641
1376,62,12,-13.048173970565273,39.46169113731547,518.967
1377,62,13,-25.58697121585121,50.563692350118465,522.158
1378,62,14,-37.1030833829375,64.17293306382808,525.383
1379,62,15,-46.544580231145765,82.13471182612832,527.619
1380,62,16,-52.19444099559403,105.79620148853417,527.991
1381,62,17,-52.23821226289006,132.61857292522768,526.047
1382,62,18,-46.64967293681017,156.38108791564719,521.94
1383,62,19,-37.22296686324956,174.44749834584286,516.413
1384,62,20,-25.686579279612094,-171.86891068886626,510.607
1385,62,21,-13.106804314400662,-160.71511615158707,505.767
1386,63,0,6.458756225871465,-140.70594037425133,502.316
1387,63,1,19.336195530867105,-130.2592889821219,502.995
1388,63,2,31.52104639694746,-118.05570802979005,505.597
1389,63,3,42.22288731684692,-102.42198558571032,509.207
1390,63,4,50.03149425527483,-81.48699815694684,512.755
1391,63,5,52.98069822190005,-55.42903075630989,515.368
1392,63,6,49.95780675941415,-29.412785566217963,516.619
1393,63,7,42.11612462993045,-8.583450064857187,516.629
1394,63,8,31.42881493749019,6.957406992832939,515.991
1395,63,9,19.27056424313245,19.110804410898563,515.519
1396,63,10,6.4408000854303245,29.513609403651106,515.95
1397,63,11,-6.589314864969435,39.39417471736989,517.658
1398,63,12,-19.402098318621267,49.79862237061783,520.499
1399,63,13,-31.52116251016335,61.94441992257134,523.829
1400,63,14,-42.17317378497298,77.48441168067099,526.686
1401,63,15,-49.974137741719645,98.27420977824751,528.079
1402,63,16,-52.98064358038669,124.1904473385121,527.315
1403,63,17,-50.05432074748101,150.18513645158347,524.23
1404,63,18,-42.291032114196135,171.08711357608829,519.289
1405,63,19,-31.64137725465016,-173.2914888288182,513.467
1406,63,20,-19.48304972066426,-161.07592772468217,507.996
1407,63,21,-6.6232856645801395,-150.62632569083127,504.031
1408,64,0,-0.07938015837909068,-140.66291018248023,502.867
1409,64,1,12.948978279475531,-130.61832470603275,502.372
1410,64,2,25.55470369466478,-119.46836873506712,504.106
1411,64,3,37.13131255477716,-105.78630454442681,507.344
1412,64,4,46.60531427324552,-87.70491550938131,511.051
1413,64,5,52.23128303597708,-63.88546406204058,514.217
1414,64,6,52.190920033076885,-36.972295505615506,516.169
1415,64,7,46.50929547389348,-13.248063725493926,516.751
1416,64,8,37.024095660280885,4.7347801939802805,516.342
1417,64,9,25.46979761309235,18.34653014843623,515.682
1418,64,10,12.90607103110951,29.446803323379214,515.588
1419,64,11,-0.07933461489114844,39.45677681620764,516.641
1420,64,12,-13.048173970565273,49.4616891388611,518.967
1421,64,13,-25.58697121585121,60.56369035166409,522.158
1422,64,14,-37.1030833829375,74.1729310653737,525.383
1423,64,15,-46.544580231145765,92.13470982767396,527.619
1424,64,16,-52.19444099559403,115.7961994900798,527.991
1425,64,17,-52.23821226289006,142.61857092677332,526.047
1426,64,18,-46.64967293681017,166.38108591719282,521.94
1427,64,19,-37.22296686324956,-175.55250001014585,516.413
1428,64,20,-25.686579279612094,-161.86891268732066,510.607
1429,64,21,-13.106804314400662,-150.71511815004143,505.767
1430,65,0,6.458756225871465,-130.7059423727057,502.316
1431,65,1,19.336195530867105,-120.25929098057625,502.995
1432,65,2,31.52104639694746,-108.0557168584336,505.597
1433,65,3,42.22288731684692,-92.42198758416468,509.207
1434,65,4,50.03149425527483,-71.48700015540122,512.755
1435,65,5,52.98069822190005,-45.429032754764265,515.368
1436,65,6,49.95780675941415,-19.412787564672335,516.619
1437,65,7,42.11612462993045,1.4165476165233235,516.629
1438,65,8,31.42881493749019,16.957404567491743,515.991
1439,65,9,19.27056424313245,29.11080241244419,515.519
1440,65,10,6.4408000854303245,39.51360740519674,515.95
1441,65,11,-6.589314864969435,49.39417271891552,517.658
1442,65,12,-19.402098318621267,59.798620372163455,520.499
1443,65,13,-31.52116251016335,71.94441792411698,523.829
1444,65,14,-42.17317378497298,87.48440968221662,526.686
1445,65,15,-49.974137741719645,108.27420777979313,528.079
1446,65,16,-52.98064358038669,134.19044534005772,527.315
1447,65,17,-50.05432074748101,160.1851344531291,524.23
1448,65,18,-42.291032114196135,-178.91288477990042,519.289
1449,65,19,-31.64137725465016,-163.29149082727255,513.467
1450,65,20,-19.48304972066426,-151.07592972313654,507.996
1451,65,21,-6.6232856645801395,-140.62632768928566,504.031
1452,66,0,-0.07938015837909068,-130.6629121809346,502.867
1453,66,1,12.948978279475531,-120.61832670448713,502.372
1454,66,2,25.55470369466478,-109.46837073352148,504.106
1455,66,3,37.13131255477716,-95.78630654288119,507.344
1456,66,4,46.60531427324552,-77.70491750783569,511.051
1457,66,5,52.23128303597708,-53.88546947558954,514.217
1458,66,6,52.190920033076885,-26.97229921161717,516.169
1459,66,7,46.50929547389348,-3.2480655105048872,516.751
1460,66,8,37.024095660280885,14.734779049299556,516.342
1461,66,9,25.46979761309235,28.346528149981857,515.682
1462,66,10,12.90607103110951,39.44680132492484,515.588
1463,66,11,-0.07933461489114844,49.45677481775327,516.641
1464,66,12,-13.048173970565273,59.461687140406724,518.967
1465,66,13,-25.58697121585121,70.56368835320973,522.158
1466,66,14,-37.1030833829375,84.17292906691934,525.383
1467,66,15,-46.544580231145765,102.13470782921958,527.619
1468,66,16,-52.19444099559403,125.79619749162542,527.991
1469,66,17,-52.23821226289006,152.61856892831895,526.047
1470,66,18,-46.64967293681017,176.38108391873843,521.94
1471,66,19,-37.22296686324956,-165.55250200860021,516.413
1472,66,20,-25.686579279612094,-151.86891468577502,510.607
1473,66,21,-13.106804314400662,-140.71512014849583,505.767
1474,67,0,6.458756225871465,-120.70594437116006,502.316
1475,67,1,19.336195530867105,-110.25929297903062,502.995
1476,67,2,31.52104639694746,-98.05571885688796,505.597
1477,67,3,42.22288731684692,-82.42198958261906,509.207
1478,67,4,50.03149425527483,-61.487002153855585,512.755
1479,67,5,52.98069822190005,-35.42903475321864,515.368
1480,67,6,49.95780675941415,-9.412790416900354,516.619
1481,67,7,42.11612462993045,11.41654593823407,516.629
1482,67,8,31.42881493749019,26.957402569037374,515.991
1483,67,9,19.27056424313245,39.11080041398982,515.519
1484,67,10,6.4408000854303245,49.513605406742364,515.95
1485,67,11,-6.589314864969435,59.39417072046115,517.658
1486,67,12,-19.402098318621267,69.79861837370909,520.499
1487,67,13,-31.52116251016335,81.9444159256626,523.829
1488,67,14,-42.17317378497298,97.48440768376224,526.686
1489,67,15,-49.974137741719645,118.27420578133876,528.079
1490,67,16,-52.98064358038669,144.19044334160336,527.315
1491,67,17,-50.05432074748101,170.18513245467474,524.23
1492,67,18,-42.291032114196135,-168.9128867783548,519.289
1493,67,19,-31.64137725465016,-153.29149282572692,513.467
1494,67,20,-19.48304972066426,-141.0759317215909,507.996
1495,67,21,-6.6232856645801395,-130.62632968774003,504.031
1496,68,0,-0.07938015837909068,-120.66291417938898,502.867
1497,68,1,12.948978279475531,-110.61832187275233,502.372
1498,68,2,25.55470369466478,-99.46837273197585,504.106
1499,68,3,37.13131255477716,-85.78630854133556,507.344
1500,68,4,46.60531427324552,-67.70491950629005,511.051
1501,68,5,52.23128303597708,-43.88547147404391,514.217
1502,68,6,52.190920033076885,-16.972301210071542,516.169
1503,68,7,46.50929547389348,6.751932704484153,516.751
1504,68,8,37.024095660280885,24.734777050845185,516.342
1505,68,9,25.46979761309235,38.346526151527485,515.682
1506,68,10,12.90607103110951,49.44679932647047,515.588
1507,68,11,-0.07933461489114844,59.456769404204316,516.641
1508,68,12,-13.048173970565273,69.46168514195236,518.967
1509,68,13,-25.58697121585121,80.56368635475535,522.158
1510,68,14,-37.1030833829375,94.17292706846497,525.383
1511,68,15,-46.544580231145765,112.13470583076521,527.619
1512,68,16,-52.19444099559403,135.79619549317104,527.991
1513,68,17,-52.23821226289006,162.61856692986456,526.047
1514,68,18,-46.64967293681017,-173.61891443725025,521.94
1515,68,19,-37.22296686324956,-155.55250400705458,516.413
1516,68,20,-25.686579279612094,-141.8689166842294,510.607
1517,68,21,-13.106804314400662,-130.7151221469502,505.767
1518,69,0,6.458756225871465,-110.70591904885775,502.316
1519,69,1,19.336195530867105,-100.25926765672831,502.995
1520,69,2,31.52104639694746,-88.05569353458566,505.597
1521,69,3,42.22288731684692,-72.42196426031676,509.207
1522,69,4,50.03149425527483,-51.48697683155328,512.755
1523,69,5,52.98069822190005,-25.429009430916327,515.368
1524,69,6,49.95780675941415,0.587234905401955,516.619
1525,69,7,42.11612462993045,21.41657040676273,516.629
1526,69,8,31.42881493749019,36.957429598886975,515.991
1527,69,9,19.27056424313245,49.11082573629213,515.519
1528,69,10,6.4408000854303245,59.51363072904467,515.95
1529,69,11,-6.589314864969435,69.39419604276345,517.658
1530,69,12,-19.402098318621267,79.7986436960114,520.499
1531,69,13,-31.52116251016335,91.9444412479649,523.829
1532,69,14,-42.17317378497298,107.48443300606456,526.686
1533,69,15,-49.974137741719645,128.27423110364106,528.079
1534,69,16,-52.98064358038669,154.19046866390568,527.315
1535,69,17,-50.05432074748101,-179.81483858055728,524.23
1536,69,18,-42.291032114196135,-158.9128614560525,519.289
1537,69,19,-31.64137725465016,-143.29146750342463,513.467
1538,69,20,-19.48304972066426,-131.0759063992886,507.996
1539,69,21,-6.6232856645801395,-120.62630436543772,504.031
1540,70,0,-0.07938015837909068,-110.66288885708667,502.867
1541,70,1,12.948978279475531,-100.61829655045003,502.372
1542,70,2,25.55470369466478,-89.46834740967354,504.106
1543,70,3,37.13131255477716,-75.78628321903325,507.344
1544,70,4,46.60531427324552,-57.70489418398775,511.051
1545,70,5,52.23128303597708,-33.885446151741604,514.217
1546,70,6,52.190920033076885,-6.9722750339955875,516.169
1547,70,7,46.50929547389348,16.75195759989964,516.751
1548,70,8,37.024095660280885,34.7348006656002,516.342
1549,70,9,25.46979761309235,48.3465514738298,515.682
1550,70,10,12.90607103110951,59.446824648772775,515.588
1551,70,11,-0.07933461489114844,69.45679472650663,516.641
1552,70,12,-13.048173970565273,79.46171046425466,518.967
1553,70,13,-25.58697121585121,90.56371167705765,522.158
1554,70,14,-37.1030833829375,104.17295239076728,525.383
1555,70,15,-46.544580231145765,122.13473798325668,527.619
1556,70,16,-52.19444099559403,145.79622081547336,527.991
1557,70,17,-52.23821226289006,172.61859225216688,526.047
1558,70,18,-46.64967293681017,-163.61888911494796,521.94
1559,70,19,-37.22296686324956,-145.5524786847523,516.413
1560,70,20,-25.686579279612094,-131.86889136192707,510.607
1561,70,21,-13.106804314400662,-120.71509682464787,505.767
1562,71,0,6.458756225871465,-100.70592104731212,502.316
1563,71,1,19.336195530867105,-90.25926965518268,502.995
1564,71,2,31.52104639694746,-78.05569553304002,505.597
1565,71,3,42.22288731684692,-62.42196625877112,509.207
1566,71,4,50.03149425527483,-41.48697883000765,512.755
1567,71,5,52.98069822190005,-15.429011429370698,515.368
1568,71,6,49.95780675941415,10.587232906947584,516.619
1569,71,7,42.11612462993045,31.41656840830836,516.629
1570,71,8,31.42881493749019,46.9574276004326,515.991
1571,71,9,19.27056424313245,59.11082032274317,515.519
1572,71,10,6.4408000854303245,69.5136287305903,515.95
1573,71,11,-6.589314864969435,79.39419404430909,517.658
1574,71,12,-19.402098318621267,89.79864169755702,520.499
1575,71,13,-31.52116251016335,101.94443924951054,523.829
1576,71,14,-42.17317378497298,117.48443100761018,526.686
1577,71,15,-49.974137741719645,138.2742291051867,528.079
1578,71,16,-52.98064358038669,164.1904666654513,527.315
1579,71,17,-50.05432074748101,-169.81484057901167,524.23
1580,71,18,-42.291032114196135,-148.91286345450686,519.289
1581,71,19,-31.64137725465016,-133.291469501879,513.467
1582,71,20,-19.48304972066426,-121.07590839774296,507.996
1583,71,21,-6.6232856645801395,-110.62630636389208,504.031
