0,891
0,759
0,1539
0,801
891,890
891,892
891,914
759,604
759,758
759,761
1539,497
1539,561
1539,1538
801,44
801,802
801,800
1,24
1,1562
1,131
1,1040
24,47
24,1063
24,1085
1562,1000
1562,1541
1562,1582
131,110
131,198
131,1561
1040,1017
1040,1041
1040,1039
2,3
2,25
2,1563
2,1064
3,4
3,26
3,1564
25,48
25,1174
25,1563
1563,1152
1563,1564
1064,1041
1064,1065
1064,1087
4,5
4,27
4,1565
26,49
26,1173
26,1219
1564,45
1564,1565
5,28
5,1351
5,1566
27,28
27,50
27,1196
1565,1542
1565,1566
28,29
28,51
1351,1350
1351,1352
1351,1374
1566,1543
1566,1567
6,7
6,29
6,1439
6,1567
7,8
7,30
7,1568
29,30
29,52
1439,1438
1439,1440
1439,1441
1567,1544
1567,1568
8,9
8,31
8,1569
30,31
30,53
1568,1545
1568,1569
9,10
9,32
9,1570
31,54
31,703
1569,1546
1569,1570
10,11
10,1550
10,1571
32,55
32,878
32,1574
1570,1547
1570,1572
11,747
11,989
11,1031
1550,1332
1550,1527
1550,1573
1571,1396
1571,1507
1571,1548
747,724
747,726
747,746
989,34
989,143
989,987
1031,1008
1031,1030
1031,1032
12,836
12,1573
12,1269
12,1530
836,837
836,857
836,859
1573,122
1573,1397
1269,36
1269,1119
1269,1268
1530,1528
1530,1529
1530,1531
13,78
13,1402
13,1271
13,1074
78,1118
78,1508
78,1184
1402,82
1402,1382
1402,1401
1271,103
1271,144
1271,1270
1074,1054
1074,1072
1074,1073
14,1552
14,1184
14,1335
14,1534
1552,1529
1552,1532
1552,1551
1184,1165
1184,1182
1335,1312
1335,1358
1335,1336
1534,38
1534,235
1534,343
15,16
15,57
15,1099
15,1468
16,1315
16,1209
16,1120
57,56
57,1030
57,1553
1099,1098
1099,1101
1099,1119
1468,1447
1468,1467
1468,1469
1315,278
1315,300
1315,1313
1209,234
1209,363
1209,452
1120,966
1120,1185
1120,1121
17,389
17,1385
17,277
17,189
389,369
389,653
389,1557
1385,409
1385,1364
1385,1405
277,276
277,278
277,1272
189,168
189,1557
189,1382
18,565
18,411
18,172
18,1382
565,716
565,676
565,652
411,129
411,347
411,1495
172,693
172,282
172,781
1382,1401
19,83
19,1451
19,542
19,1340
83,106
83,126
83,1578
1451,21
1451,629
1451,1450
542,43
542,454
542,630
1340,1339
1340,1359
1340,1361
20,1516
20,194
20,607
20,760
1516,41
1516,366
1516,1535
194,739
194,1471
194,1450
607,498
607,606
607,1494
760,651
760,696
760,758
21,303
21,1582
21,128
303,280
303,304
303,326
1582,153
1582,431
128,391
128,543
128,196
22,129
22,695
22,716
22,1023
129,717
129,606
695,43
695,1496
695,1518
716,583
716,714
1023,1022
1023,1024
1023,1042
23,46
23,1021
23,1107
23,1260
46,45
46,47
46,69
1021,998
1021,1020
1021,1022
1107,1084
1107,1106
1107,1259
1260,1237
1260,1283
1260,1261
47,48
47,70
1063,66
1063,1061
1063,1214
1085,1062
1085,1108
1085,1130
48,49
48,71
1174,286
1174,1151
1174,1197
49,50
49,72
1173,1172
1173,1196
1173,1193
1219,286
1219,1218
1219,1220
50,51
50,73
1196,156
1196,1328
51,52
51,74
52,53
52,75
53,54
53,76
54,55
54,77
703,680
703,683
703,704
55,56
55,251
878,855
878,877
878,879
1574,58
1574,944
1574,1117
33,858
33,1033
33,1442
33,1463
858,317
858,859
858,879
1033,296
1033,1032
1033,1034
1442,856
1442,1419
1442,1443
1463,441
1463,1440
1463,1484
34,1356
34,1272
34,1531
1356,1355
1356,1357
1356,1337
1272,365
1272,1053
1531,1512
1531,1532
35,879
35,1229
35,1164
35,1510
879,684
1229,124
1229,297
1229,1403
1164,1163
1164,1165
1164,1183
1510,1490
1510,1508
1510,1509
36,1098
36,104
36,1293
1098,1118
1098,1119
104,1383
104,342
104,1206
1293,1291
1293,1292
1293,1294
37,1515
37,410
37,1470
37,1489
1515,498
1515,564
1515,605
410,61
410,1517
410,1339
1470,365
1470,1471
1470,1489
1489,80
1489,1488
38,1140
38,298
38,1206
1140,1185
1140,1466
1140,1121
298,341
298,516
298,1512
1206,1186
1206,1204
39,520
39,564
39,41
39,1381
520,300
520,519
520,652
564,366
564,761
41,369
41,260
1381,191
1381,1358
1381,1404
40,1472
40,452
40,1579
40,628
1472,630
1472,1449
1472,1495
452,429
452,625
1579,455
1579,563
1579,1577
628,582
628,649
628,1410
369,805
369,414
260,718
260,457
260,608
42,87
42,240
42,1583
42,1497
87,304
87,1410
87,1476
240,174
240,239
240,241
1497,1498
1497,1517
1497,1518
43,1475
43,1431
1475,45
1475,1498
1475,1453
1431,1194
1431,1430
1431,1454
44,718
44,1433
44,804
718,64
718,784
1433,1432
1433,1434
1433,1456
804,391
804,803
804,827
45,68
68,67
68,69
68,91
69,70
69,92
70,71
70,93
71,72
71,94
72,73
72,95
73,74
73,96
74,75
74,97
75,76
75,98
76,77
76,99
77,100
77,1509
56,79
56,1076
251,250
251,252
251,274
79,102
79,1553
79,1162
1076,211
1076,275
1076,1075
1030,1007
1030,1010
1553,1554
1553,1555
58,81
58,1511
58,1469
81,82
81,1424
81,1449
1511,59
1511,1491
1511,1509
1469,80
1469,1467
59,1296
59,1425
59,1139
1296,388
1296,1273
1296,1319
1425,365
1425,1423
1425,1424
1139,1207
1139,1312
1139,1137
60,454
60,1401
60,1555
60,1338
454,430
454,432
1401,1399
1555,102
1555,232
1338,125
1338,170
1338,1336
61,1359
61,1493
61,1560
1359,166
1359,1358
1493,323
1493,477
1493,518
1560,346
1560,498
1560,626
62,1428
62,1404
62,391
62,301
1428,345
1428,1426
1428,1429
1404,105
1404,146
391,567
301,64
301,344
301,1557
63,586
63,543
63,215
63,762
586,192
586,214
586,414
543,477
543,674
215,1580
215,738
215,347
762,368
762,652
762,782
64,106
64,497
106,107
106,738
497,169
497,388
65,390
65,737
65,173
65,673
390,1514
390,476
390,785
737,84
737,648
737,735
173,589
173,676
173,1540
673,629
673,674
673,868
66,67
66,89
66,153
67,90
67,1108
89,88
89,90
89,112
153,132
153,152
90,91
90,113
1108,157
1108,1131
91,92
91,114
92,93
92,115
93,94
93,116
94,95
94,117
95,96
95,118
96,97
96,119
97,98
97,120
98,99
98,121
99,100
99,1487
100,123
100,900
1509,1508
1118,1116
1118,1119
1508,1507
102,1314
102,1360
1162,1160
1162,1161
1162,1163
80,1163
80,1182
1163,1161
1182,1181
1182,1183
82,1580
82,167
1424,1422
1424,1423
1449,149
1449,234
1580,321
1580,672
167,145
167,209
167,1228
126,125
126,149
126,299
1578,213
1578,1576
1578,1577
84,235
84,500
84,566
235,475
235,236
500,785
500,677
500,545
566,85
566,262
566,347
85,1429
85,346
85,1430
1429,496
1429,1448
346,107
346,653
1430,473
1430,584
86,1474
86,781
86,631
86,455
1474,584
1474,1453
1474,1476
781,780
781,782
631,174
631,458
631,827
455,521
455,1535
304,740
304,850
1410,1409
1410,1411
1476,1477
1476,1499
88,109
88,805
88,847
109,108
109,653
109,217
805,285
805,371
847,846
847,848
847,870
112,111
112,113
112,135
113,114
113,136
114,115
114,137
115,116
115,138
116,117
116,139
117,118
117,140
118,119
118,141
119,120
119,142
120,121
120,143
121,122
121,1056
1487,143
1487,1486
1487,1488
123,122
123,124
123,146
900,877
900,923
900,898
101,1230
101,186
101,1227
101,103
1230,320
1230,1228
1230,1250
186,163
186,185
186,187
1227,1205
1227,1208
1227,1226
103,124
103,344
1314,168
1314,1295
1314,1313
1360,191
1360,193
1360,385
124,125
344,1316
344,1427
1383,125
1383,540
1383,541
342,1078
342,1275
342,1450
105,456
105,190
105,368
456,694
456,523
456,1537
190,191
190,1142
190,322
368,387
368,478
107,108
107,413
738,195
738,675
108,585
108,846
413,302
413,522
413,610
585,478
585,561
585,1386
846,845
846,823
653,152
217,216
217,218
217,741
110,111
110,133
110,1131
111,134
111,1283
133,132
133,134
133,156
1131,267
1131,1154
134,135
134,157
1283,1282
1283,1284
135,136
135,158
136,137
136,159
137,138
137,160
138,139
138,161
139,140
139,162
140,141
140,163
141,142
141,164
142,143
142,165
122,164
1056,362
1056,384
1056,426
164,163
164,187
146,145
146,147
149,150
149,453
299,276
299,367
299,387
127,345
127,477
127,324
127,323
345,282
345,717
477,1561
324,629
324,1514
324,1492
323,1517
323,1581
196,502
196,719
196,717
717,696
606,562
606,584
130,392
130,913
130,806
130,697
392,896
392,523
392,761
913,912
913,914
913,936
806,459
806,694
806,807
697,216
697,436
697,743
198,199
198,219
198,980
1561,474
1561,499
132,892
132,1045
892,479
892,893
1045,176
1045,1022
1045,1044
156,179
156,1067
157,180
157,1259
158,159
158,181
158,1130
159,160
159,182
160,161
160,183
161,162
161,184
162,163
162,185
165,188
165,835
165,1075
144,145
144,965
144,1488
145,320
965,945
965,964
965,985
1488,1486
320,429
320,495
147,148
147,170
147,1273
148,150
148,1384
148,213
170,151
170,193
1273,340
1273,1185
150,151
150,651
1384,407
1384,584
1384,1295
213,212
213,214
453,343
453,1363
453,1231
151,152
151,412
651,370
651,780
152,195
412,171
412,238
412,433
195,869
195,283
154,155
154,175
154,177
154,1175
155,178
155,1369
155,1415
175,174
175,1024
175,1520
177,176
177,178
177,200
1175,1152
1175,1176
1175,1198
178,179
178,201
1369,1368
1369,1370
1369,1392
1415,1414
1415,1416
1415,1438
179,180
179,202
1067,1066
1067,1068
1067,1198
180,181
180,203
1259,1258
1259,1238
181,182
181,204
1130,199
1130,1153
182,183
182,205
183,184
183,206
184,185
184,207
185,208
187,210
187,1055
188,166
188,211
188,969
835,640
835,814
835,834
1075,210
1075,1073
166,233
166,1554
233,210
233,232
233,1426
1554,1556
1554,1575
209,208
209,210
209,1014
1228,1248
1228,1249
168,1250
168,1294
1250,1249
1250,1251
1294,1274
1294,1292
169,1556
169,1403
169,1318
1556,1536
1556,1558
1403,321
1403,1380
1318,407
1318,494
1318,583
193,216
193,259
171,322
171,259
171,1494
322,1252
322,1494
259,720
259,608
1494,649
693,674
693,1320
693,757
282,236
282,610
589,238
589,415
589,1092
676,567
676,654
1540,691
1540,694
1540,1541
174,197
197,176
197,826
197,1066
1024,568
1024,1001
1520,1519
1520,1521
1520,1543
176,958
958,935
958,957
958,959
200,199
200,201
200,223
201,202
201,224
202,203
202,225
203,204
203,226
204,205
204,227
205,206
205,228
206,207
206,229
207,208
207,230
208,339
1055,426
1055,946
1055,1054
211,212
211,234
969,968
969,970
969,992
1557,431
191,214
1142,1121
1142,1141
1142,1143
214,237
192,1427
192,433
192,1514
1427,563
1427,1426
433,1405
433,1581
1514,540
216,327
739,458
739,479
739,523
1471,451
1471,1490
1450,582
869,284
869,868
869,870
283,281
283,873
283,959
502,525
502,807
502,962
719,720
719,721
719,761
826,825
826,827
826,849
1066,1043
1066,1065
199,1110
219,218
219,1089
219,740
980,957
980,979
980,981
1110,1087
1110,1111
1110,1133
223,222
223,224
223,246
224,225
224,247
225,226
225,248
226,227
226,249
227,228
227,250
228,229
228,880
229,230
229,252
230,231
230,253
339,316
339,338
339,340
1014,991
1014,1037
1014,948
212,1533
212,1251
234,1141
1533,1513
1533,1532
1533,1535
1251,300
1251,1270
237,238
237,476
237,609
347,587
327,326
327,328
327,350
218,241
218,588
741,591
741,740
741,764
241,220
241,1132
588,481
588,763
588,590
1089,375
1089,438
1089,1112
740,544
220,221
220,243
220,1111
221,222
221,265
221,1044
243,242
243,244
243,266
1111,483
1111,1091
222,244
222,245
265,264
265,266
265,288
1044,1043
1044,1087
244,245
244,1199
245,246
245,268
246,247
246,269
247,248
247,270
248,249
248,271
249,250
249,272
250,273
880,881
880,903
880,924
252,253
252,773
231,232
231,295
231,901
253,254
253,276
232,1207
295,294
295,296
295,512
901,925
901,1551
901,899
1207,278
1207,1205
1426,1406
1141,1121
1141,1143
475,1361
475,1364
475,1386
236,650
236,257
650,1581
650,1387
650,1406
257,256
257,258
257,280
238,239
476,258
476,1448
609,503
609,763
609,960
239,370
239,610
370,633
370,435
610,1005
1132,397
1132,461
1132,1109
242,263
242,395
242,936
263,262
263,438
263,848
395,372
395,374
395,396
936,935
936,937
266,267
266,289
1199,1198
1199,1200
1199,1222
268,267
268,269
268,291
269,270
269,292
270,271
270,293
271,272
271,294
272,273
272,968
273,274
273,296
274,275
274,579
773,750
773,774
773,796
254,255
254,451
254,1405
276,275
255,256
255,388
255,1276
451,1276
451,1386
1405,1406
256,279
256,258
388,1492
1276,580
1276,669
279,278
279,280
279,302
258,281
280,281
281,479
720,677
720,721
608,432
608,1559
457,674
457,544
457,633
261,285
261,481
261,435
261,829
285,264
285,284
481,1088
481,764
435,783
435,785
829,458
829,828
829,830
262,587
262,633
587,480
587,675
633,786
438,1090
438,721
848,348
848,849
264,287
264,482
287,286
287,288
287,310
482,459
482,483
482,505
288,289
288,311
267,290
289,290
289,312
290,291
290,313
291,292
291,314
292,293
292,315
293,294
293,316
294,317
968,967
968,991
296,297
275,1208
579,556
579,602
579,819
1208,363
1208,406
302,325
302,387
479,1069
873,328
873,872
873,874
959,655
959,960
284,915
284,1026
915,914
915,916
915,938
1026,634
1026,1025
1026,1158
286,307
307,306
307,393
307,1156
310,309
310,311
310,333
311,312
311,334
312,313
312,335
313,314
313,336
314,315
314,337
315,316
315,338
316,317
317,383
512,489
512,511
512,513
297,1317
297,1097
1317,367
1317,474
1317,1316
1097,1077
1097,1095
1097,1096
341,319
341,537
341,1297
516,755
516,1387
516,1188
1512,1491
1512,1513
367,540
367,386
387,386
300,1316
1316,1336
325,326
325,348
325,434
326,825
850,632
850,655
850,851
305,306
305,328
305,849
305,786
306,329
306,981
328,329
849,546
786,744
786,809
329,308
329,330
981,480
981,526
393,416
393,852
393,742
1156,1133
1156,1155
1156,1179
308,309
308,331
308,1306
309,332
309,1327
331,330
331,332
331,354
1306,1305
1306,1307
1306,1329
332,333
332,355
1327,1326
1327,1328
1327,1325
333,334
333,356
334,335
334,357
335,336
335,358
336,337
336,359
337,338
337,360
338,361
383,382
383,384
383,711
318,794
318,1058
318,1252
318,924
794,771
794,795
794,817
1058,362
1058,449
1058,1081
1252,1253
1252,1275
924,925
924,947
319,1319
319,1253
319,494
1319,671
1319,1320
1253,1232
1253,1341
494,1015
494,647
429,1408
429,449
495,493
495,605
495,1342
321,1558
321,1077
1558,408
1558,1559
1077,1057
1077,1096
1517,692
1581,518
629,736
1492,1490
1492,1491
348,349
348,371
434,784
434,499
434,436
825,802
825,824
350,349
350,351
350,373
330,351
330,353
351,1197
351,1241
353,352
353,354
353,376
354,355
354,377
355,356
355,378
356,357
356,379
357,358
357,380
358,359
358,381
359,360
359,578
360,491
360,710
361,362
361,381
361,881
340,406
340,408
406,405
406,1190
408,538
408,1144
537,515
537,643
537,1147
1297,363
1297,450
1297,472
1078,426
1078,471
1078,1057
1275,562
1275,1254
343,1143
343,498
1143,1144
349,372
349,611
371,394
371,612
372,373
372,1003
611,916
611,1071
611,1134
373,352
373,374
1197,1153
1197,1220
1241,1218
1241,1242
1241,1264
352,375
352,416
375,376
375,398
416,439
416,722
376,377
376,399
377,378
377,400
378,379
378,401
379,380
379,402
380,381
380,403
381,404
578,513
578,555
578,601
491,405
491,490
491,754
710,643
710,733
710,709
362,1122
881,882
881,904
1122,430
1122,514
1122,557
363,1210
1210,470
1210,1189
1210,1211
364,1448
364,1100
364,1185
364,385
1448,518
1100,386
1100,450
1100,1080
385,384
385,386
365,1232
1232,366
1232,1233
366,1295
1295,1274
540,670
478,783
478,763
414,545
414,654
394,417
394,1027
394,895
612,545
612,939
612,808
1003,569
1003,613
1003,1002
374,397
374,484
397,398
397,420
484,485
484,505
484,507
398,399
398,421
399,400
399,422
400,401
400,423
401,402
401,424
402,403
402,425
403,404
403,708
404,405
404,1012
382,753
382,946
382,558
753,645
753,730
753,776
946,947
946,967
558,668
558,1035
558,1231
384,560
711,447
711,689
711,1344
560,1473
560,1274
560,1386
785,652
567,415
567,700
896,504
896,895
896,919
523,742
852,851
852,853
852,875
742,765
742,1068
417,418
417,1025
417,1113
1027,460
1027,548
1027,1004
895,635
895,894
396,419
396,1221
396,1350
419,418
419,420
419,442
1221,1220
1221,1222
1221,1244
1350,1349
1350,1373
420,421
420,443
421,422
421,444
422,423
422,445
423,424
423,446
424,425
424,447
425,601
425,1013
708,685
708,707
708,709
405,971
1012,427
1012,1011
1012,1035
971,449
971,970
971,972
1190,603
1190,623
1190,624
407,539
407,1101
539,1145
539,1103
539,1123
1101,687
1101,1102
538,492
538,1166
538,1235
1144,1124
1144,1145
409,1537
409,430
409,1559
1537,604
1537,1536
430,582
1559,499
1339,1337
1339,1358
1495,649
1495,1496
522,937
522,630
522,827
545,696
654,918
654,784
415,698
415,1113
698,501
698,634
698,1005
1113,1091
1113,1114
439,418
439,440
439,1242
722,723
722,743
722,744
418,441
1025,1002
1025,1068
441,442
441,464
442,443
442,465
443,444
443,466
444,445
444,467
445,446
445,468
446,447
446,683
447,448
601,1039
601,1061
1013,513
1013,534
1013,990
426,645
645,777
645,1038
427,1212
427,1037
427,1231
1212,472
1212,1211
1212,1213
1037,469
1037,1060
1231,428
428,1103
428,1059
428,1407
1103,1083
1103,1104
1059,1057
1059,1079
1059,1080
1407,473
1407,559
1407,670
1408,646
1408,648
1408,1388
449,1167
582,1362
431,518
431,517
517,563
517,1536
517,734
432,1341
432,1363
1341,671
1341,1321
1363,626
1363,1361
784,524
499,1538
436,459
436,544
783,501
783,782
459,635
544,694
437,960
437,632
437,524
437,1178
960,961
632,634
632,1048
524,504
524,699
1178,1177
1178,1179
1178,1155
1090,525
1090,1070
1090,1088
721,505
440,463
440,1135
440,1375
1242,462
1242,1265
463,462
463,464
463,486
1135,636
1135,1112
1135,1246
1375,1352
1375,1374
1375,1376
464,465
464,487
465,466
465,488
466,467
466,489
467,468
467,490
468,469
468,1036
683,660
683,706
448,1016
448,990
448,1123
1016,536
1016,993
1016,1039
990,991
990,1011
1123,666
1123,1104
1167,515
1167,666
1167,1166
450,559
450,754
559,1081
559,1255
754,470
754,731
625,602
625,624
625,1387
521,519
521,630
521,782
1535,1513
458,1005
1005,983
635,658
635,961
460,590
460,1071
460,828
590,700
590,918
1071,1070
1071,1072
828,851
828,917
461,1133
461,982
461,1004
1133,1134
982,505
982,983
982,984
1004,983
1004,1006
462,483
462,485
483,1201
485,486
485,508
486,487
486,509
487,488
487,510
488,489
488,511
489,490
490,772
469,513
469,514
1036,690
1036,1034
1036,1035
514,472
514,755
470,1188
470,1146
1188,1186
1188,1187
1146,515
1146,670
1146,1147
471,472
471,1187
471,1342
1187,1186
1187,1189
1342,1321
1342,1322
473,1365
473,1233
1365,649
1365,1364
1365,1367
1233,1234
1233,1213
474,1406
474,1473
1473,1452
1473,1453
1361,1362
1364,1366
763,675
1069,677
1069,962
1069,1068
480,787
480,765
787,568
787,764
787,788
765,680
765,766
1088,1086
1088,1109
764,547
1201,546
1201,548
1201,1181
507,506
507,508
507,530
508,509
508,531
509,510
509,532
510,511
510,533
511,534
772,749
772,771
772,795
492,493
492,1145
492,1169
493,1299
493,599
1145,1124
1169,1170
1169,1171
1169,1189
1299,580
1299,626
1299,1280
599,576
599,598
599,622
1015,603
1015,992
1015,1038
647,996
647,1038
647,1343
605,691
605,1298
496,627
496,1189
496,562
627,800
627,1322
627,669
562,1518
1538,1518
1538,1536
677,1136
501,871
501,809
871,546
871,870
871,872
809,678
809,810
525,548
525,1180
807,808
807,830
962,939
962,985
503,526
503,872
503,1180
526,549
526,1092
872,613
1180,1161
1180,1181
504,678
504,743
678,1203
678,1050
743,723
506,527
506,529
506,1333
527,528
527,1243
527,1418
529,528
529,530
529,552
1333,723
1333,1310
1333,1506
530,531
530,553
531,532
531,554
532,533
532,555
533,534
533,556
534,557
755,732
755,1171
515,1079
1079,688
1079,1080
1387,603
563,780
734,583
734,689
734,692
519,1362
519,1320
1362,583
1320,1343
937,914
937,938
699,983
699,875
699,766
548,571
549,550
549,1398
549,1417
1092,1073
1092,1091
528,551
528,1311
1243,1220
1243,1244
1243,1266
1418,1417
1418,1419
1418,1420
551,550
551,552
551,574
1311,1288
1311,1310
1311,1334
552,553
552,575
553,554
553,576
554,555
554,577
555,556
556,973
557,974
557,687
535,665
535,797
535,995
535,1168
665,642
665,664
665,798
797,774
797,796
797,820
995,972
995,994
995,1018
1168,561
1168,688
1168,1149
536,712
536,1254
536,1166
712,667
712,713
712,714
1254,1191
1254,1277
1166,1165
643,642
643,644
1147,600
1147,1148
1235,1215
1235,1234
1235,1236
670,1081
541,1409
541,736
541,715
1409,671
1409,1388
736,626
736,735
715,648
715,713
715,714
696,808
546,656
656,657
656,679
656,1268
547,569
547,1046
547,788
569,570
569,592
1046,1047
1046,1048
1046,1070
788,789
788,745
571,550
571,570
571,572
550,573
1398,1379
1398,1399
1398,1400
1417,1416
1417,1394
573,572
573,574
573,596
574,575
574,597
575,576
575,598
576,577
577,600
577,622
973,950
973,972
973,996
974,951
974,975
974,997
687,1017
687,1102
668,580
668,820
668,731
1035,1034
1081,1104
1255,667
1255,1256
1255,1257
1274,1298
561,758
758,777
780,779
700,1136
700,1138
568,591
568,916
591,592
591,1112
916,939
570,1289
570,1200
592,593
592,615
1289,1266
1289,1288
1289,1312
1200,1177
1200,1223
572,593
572,595
593,594
593,833
595,594
595,596
595,618
596,597
596,619
597,598
597,620
598,621
600,1060
600,1148
622,621
622,623
602,798
602,1105
819,796
819,818
819,842
580,1211
1211,1192
581,1191
581,1278
581,757
581,1300
1191,688
1191,1062
1278,1256
1278,1277
1278,1279
757,624
757,692
1300,1277
1300,1323
1300,1302
675,893
918,899
918,919
1112,657
615,594
615,614
615,616
594,617
833,613
833,832
833,834
617,616
617,618
617,640
618,619
618,641
619,620
619,642
620,621
620,1549
621,644
1060,799
1060,1083
1148,1149
1148,1150
1039,1062
1061,1038
1061,1084
798,775
798,821
1105,1082
1105,1128
1105,1214
603,646
646,1018
646,1258
604,1102
604,733
1102,667
733,732
733,756
691,994
691,1106
1298,692
1298,1279
1134,1115
1134,1136
939,938
808,831
613,614
614,637
614,1179
637,616
637,636
637,638
1179,1160
616,639
639,638
639,662
639,1551
640,641
640,663
641,642
641,664
1549,1485
1549,1526
1549,1548
644,623
644,1082
623,624
800,820
800,821
1322,1302
1322,1321
669,845
669,1280
634,1049
1048,1029
1048,1047
1049,1029
1049,1047
1049,1050
658,659
658,681
658,746
961,938
961,984
636,659
636,789
659,638
659,660
789,790
789,745
638,661
661,660
661,662
661,684
662,663
662,685
1551,1462
663,664
663,686
664,752
1082,688
1082,1080
777,776
777,778
1018,1019
1018,1041
1258,1062
1258,1238
996,997
996,1019
1343,1366
1343,1344
648,1301
1301,1194
1301,1302
1301,1324
655,766
655,894
766,767
894,893
894,917
657,1224
657,919
679,680
679,702
679,1028
1268,1245
1268,1247
1224,1223
1224,1225
1224,1202
919,920
681,660
681,680
681,682
746,723
746,769
684,685
684,707
685,686
686,667
686,709
752,729
752,751
752,775
666,1126
666,1057
1126,1124
1126,1125
1126,1127
820,843
731,730
731,732
845,822
845,844
1280,1281
1280,1279
671,1432
1432,1455
1432,1452
672,890
672,1496
672,1541
890,867
890,889
1496,1519
1541,1542
868,867
868,824
893,870
1136,1137
1203,1183
1203,1202
1203,1204
1050,1051
1050,1052
702,725
702,853
702,1093
1028,1006
1028,1029
1028,1047
682,705
682,1462
682,944
705,704
705,706
705,728
1462,1461
1462,1464
944,967
944,942
706,707
706,729
707,730
709,732
1017,994
1017,1019
689,1213
689,1125
1213,1215
1125,1124
1125,1127
690,1149
690,1214
690,778
1149,1150
1214,1195
778,779
778,799
994,993
1106,1083
1106,1086
875,874
875,876
1138,1137
1138,1158
1138,1159
701,724
701,811
701,1225
701,1378
724,725
724,1117
811,810
811,812
811,813
1225,1226
1225,1202
1378,1377
1378,1379
1378,1380
725,704
725,726
853,830
853,854
1093,1091
1093,1094
1093,1095
704,727
727,726
727,728
727,750
728,729
728,751
729,730
1344,1367
1344,1345
1117,1115
1117,1116
726,749
749,748
749,750
750,751
751,774
756,779
756,1170
756,735
745,768
745,744
768,767
768,769
768,791
769,748
769,770
748,771
748,793
771,770
774,775
775,776
776,799
1171,1172
1171,1170
779,802
1170,1345
767,790
767,744
790,791
790,813
791,770
791,792
770,793
793,792
793,816
795,796
795,818
799,822
802,803
813,792
813,814
792,815
815,814
815,816
815,838
816,817
816,839
817,818
817,840
818,841
821,822
821,844
822,823
803,823
803,824
830,831
831,832
831,810
814,837
837,838
837,860
838,839
838,861
839,840
839,862
840,841
840,863
841,842
841,864
842,843
842,865
843,844
843,866
844,867
823,824
851,874
832,812
832,854
834,857
834,812
857,856
857,877
859,860
859,882
860,861
860,883
861,862
861,884
862,863
862,885
863,864
863,886
864,865
864,887
865,866
865,888
866,867
866,889
874,897
854,855
854,876
855,856
855,1334
856,1053
1334,1313
1334,1332
1053,1051
1053,1052
882,883
882,905
883,884
883,906
884,885
884,907
885,886
885,908
886,887
886,909
887,888
887,910
888,889
888,911
889,912
897,920
897,898
897,899
876,877
876,1246
1246,1245
1246,1247
903,902
903,904
903,926
904,905
904,927
905,906
905,928
906,907
906,929
907,908
907,930
908,909
908,931
909,910
909,932
910,911
910,933
911,912
911,934
912,935
917,940
917,898
920,921
920,943
923,902
923,922
923,921
925,926
925,948
902,922
902,1011
922,921
922,1400
1011,1010
926,927
926,949
927,928
927,950
928,929
928,951
929,930
929,952
930,931
930,953
931,932
931,954
932,933
932,955
933,934
933,956
934,935
934,957
940,963
940,941
940,942
921,941
943,966
943,941
943,942
1400,1377
1400,1399
947,948
947,970
948,949
949,950
949,972
950,951
951,952
952,953
952,975
953,954
953,976
954,955
954,977
955,956
955,978
956,957
956,979
963,986
963,1223
963,964
966,967
966,1485
970,993
975,976
975,998
976,977
976,999
977,978
977,1000
978,979
978,1001
979,1002
984,1007
984,964
985,986
985,1008
986,987
986,1009
1223,1222
1485,1484
1485,1486
991,992
992,993
997,998
997,1020
998,999
999,1000
999,1022
1000,1001
1001,1002
1007,988
1007,1006
1008,988
1008,1006
987,1443
987,945
1009,1010
1009,988
1009,1029
1443,1420
1443,1466
1019,1020
1020,1043
1010,1032
1041,1042
1043,1042
1158,1157
1158,1159
1032,1051
1042,1065
1065,1240
1087,1086
1083,1084
1084,1086
1240,1217
1240,1263
1240,1346
1198,1244
1104,1127
1127,1150
1128,1129
1128,1151
1128,1109
1150,1151
1129,1152
1129,1239
1129,1109
1151,1257
1152,1304
1239,1216
1239,1262
1239,1237
1153,1176
1153,1154
1154,1155
1154,1177
1312,1313
1466,1446
1466,1464
1257,1234
1257,1238
1304,1281
1304,1303
1304,1305
1176,1177
1176,1309
1155,1157
1345,1368
1345,1326
1172,1192
1172,1193
1309,1308
1309,1310
1309,1332
1193,1216
1193,1192
1216,1217
1216,1195
1194,1217
1194,1192
1217,1218
1195,1218
1195,1215
1328,1305
1328,1329
1222,1245
1244,1245
1226,1249
1226,1205
1249,1248
1234,1236
1237,1236
1237,1238
1262,1263
1262,1285
1262,1261
1263,1264
1263,1286
1346,1347
1346,1348
1346,1366
1264,1265
1264,1287
1265,1266
1265,1288
1266,1267
1247,1248
1247,1267
1248,1267
1277,1256
1285,1284
1285,1286
1285,1308
1286,1287
1286,1505
1287,1288
1287,1310
1267,1290
1281,1282
1281,1519
1282,1305
1282,1261
1519,1542
1284,1307
1284,1261
1307,1308
1307,1330
1308,1331
1505,1482
1505,1504
1505,1506
1323,1324
1323,1303
1323,1321
1302,1303
1324,1325
1324,1347
1303,1326
1326,1325
1329,1330
1329,1352
1330,1331
1330,1353
1331,1332
1331,1354
1325,1348
1347,1348
1347,1370
1348,1349
1352,1353
1353,1354
1353,1376
1354,1355
1354,1377
1506,1507
1506,1529
1366,1389
1367,1368
1367,1390
1368,1391
1370,1371
1370,1393
1349,1371
1349,1372
1373,1372
1373,1374
1373,1396
1374,1397
1376,1355
1376,1377
1355,1357
1357,1380
1357,1337
1380,1379
1389,1388
1389,1390
1389,1412
1390,1391
1390,1413
1391,1392
1391,1414
1392,1393
1392,1371
1371,1372
1393,1394
1393,1416
1372,1395
1395,1394
1395,1396
1395,1397
1396,1419
1397,1420
1388,1411
1411,1412
1411,1434
1412,1413
1412,1435
1413,1414
1413,1436
1414,1437
1394,1416
1419,1420
1434,1435
1434,1457
1435,1436
1435,1458
1436,1437
1436,1459
1437,1438
1437,1460
1438,1461
1454,1455
1454,1477
1454,1452
1455,1456
1455,1478
1456,1457
1456,1479
1457,1458
1457,1480
1458,1459
1458,1481
1459,1460
1459,1482
1460,1461
1460,1483
1461,1484
1440,1421
1440,1441
1477,1478
1477,1500
1478,1479
1478,1501
1479,1480
1479,1502
1480,1481
1480,1503
1481,1482
1481,1504
1482,1483
1483,1484
1483,1528
1498,1499
1498,1521
1499,1500
1499,1522
1500,1501
1500,1523
1501,1502
1501,1524
1502,1503
1502,1525
1503,1504
1503,1526
1504,1527
1528,1527
1528,1529
1521,1522
1521,1544
1522,1523
1522,1545
1523,1524
1523,1546
1524,1525
1524,1547
1525,1526
1525,1548
1526,1527
1507,1486
1542,1543
1543,1544
1544,1545
1545,1546
1546,1547
1547,1548
713,714
713,735
810,812
898,899
941,942
945,964
945,988
1034,1054
1051,1052
1052,1054
1070,1072
1072,1073
1094,1095
1094,1096
1094,1114
1095,1096
1114,1115
1114,1116
1115,1116
1137,1157
1157,1159
1159,1160
1160,1161
1165,1186
1181,1183
1202,1204
1204,1205
1215,1236
1256,1279
1270,1290
1270,1291
1290,1291
1290,1292
1291,1292
1336,1337
1379,1399
1421,1422
1421,1423
1421,1441
1422,1423
1422,1441
1444,1445
1444,1446
1444,1464
1444,1465
1445,1446
1445,1447
1445,1465
1446,1447
1447,1467
1452,1453
1464,1465
1465,1467
1490,1491
1513,1532
1575,1576
1575,1577
1576,1577
