0,214
0,11
0,188
0,336
1,301
1,122
1,13
1,214
2,67
2,172
2,14
2,275
3,170
3,108
3,94
3,83
4,70
4,251
4,6
4,276
5,275
5,302
5,169
5,58
6,130
6,44
6,32
7,221
7,330
7,195
7,32
8,34
8,333
8,319
8,219
9,86
9,232
9,321
9,345
10,297
10,177
10,36
10,350
11,49
11,350
11,125
12,174
12,337
12,24
12,26
13,15
13,161
13,240
14,264
14,41
14,65
15,119
15,302
15,93
16,341
16,17
16,109
16,261
17,238
17,83
17,19
18,194
18,69
18,33
18,330
19,343
19,344
19,72
20,127
20,100
20,60
20,220
21,281
21,192
21,206
21,59
22,203
22,190
22,230
22,231
23,202
23,139
23,191
23,88
24,51
24,348
24,308
25,174
25,150
25,213
25,39
26,161
26,241
26,176
27,214
27,40
27,213
27,148
28,42
28,81
28,224
28,288
29,67
29,277
29,248
29,94
30,287
30,132
30,96
30,275
31,235
31,69
31,58
31,344
32,45
32,182
33,60
33,245
33,205
34,87
34,128
34,61
35,49
35,217
35,332
35,307
36,282
36,280
36,140
37,176
37,113
37,230
37,256
38,323
38,76
38,338
38,322
39,77
39,265
39,241
40,327
40,264
40,276
41,146
41,314
41,276
42,290
42,67
42,261
43,95
43,107
43,290
43,185
44,344
44,246
44,207
45,234
45,98
45,182
46,346
46,244
46,181
46,87
47,192
47,346
47,74
47,257
48,333
48,295
48,308
48,115
49,61
49,114
50,227
50,323
50,89
50,243
51,200
51,239
51,253
52,66
52,266
52,279
53,239
53,187
53,252
53,173
54,105
54,133
54,55
54,237
55,171
55,174
55,158
56,209
56,273
56,133
56,170
57,274
57,234
57,208
57,233
58,97
58,207
59,72
59,71
59,234
60,345
60,208
61,347
61,220
62,202
62,75
62,152
62,228
63,126
63,335
63,349
63,89
64,102
64,227
64,101
64,335
65,199
65,253
65,214
66,186
66,77
66,225
67,171
68,120
68,222
68,109
68,277
69,210
69,237
70,247
70,209
70,236
71,245
71,84
71,284
72,258
72,124
73,258
73,111
73,245
73,167
74,191
74,322
74,296
75,125
75,177
75,127
76,279
76,253
76,91
77,202
77,104
78,117
78,241
78,251
78,268
79,240
79,238
79,145
79,118
80,249
80,340
80,302
80,92
81,187
81,263
81,210
82,327
82,135
82,342
82,160
83,234
83,285
84,247
84,311
84,273
85,260
85,124
85,193
85,310
86,260
86,323
86,180
87,335
87,255
88,99
88,179
88,128
89,178
89,115
90,243
90,103
90,105
90,242
91,104
91,227
91,265
92,107
92,158
92,328
93,145
93,225
93,144
94,199
94,289
95,110
95,339
95,237
96,259
96,134
96,149
97,111
97,233
97,246
98,246
98,123
98,286
99,218
99,124
99,269
100,232
100,256
100,203
101,193
101,179
101,267
102,103
102,128
102,267
103,319
103,305
104,130
104,292
105,212
105,145
106,250
106,239
106,197
106,117
107,265
107,239
108,342
108,235
108,327
109,339
109,275
110,313
110,247
110,340
111,136
111,283
112,272
112,257
112,244
112,219
113,296
113,153
113,152
114,269
114,216
114,229
115,254
115,229
116,142
116,307
116,294
116,293
117,306
117,265
118,250
118,304
118,341
119,147
119,158
119,314
120,159
120,161
120,316
121,342
121,146
121,173
121,135
122,261
122,312
122,288
123,261
123,325
123,272
124,299
125,347
125,298
126,320
126,178
126,164
127,194
127,179
128,141
129,305
129,154
129,332
129,141
130,331
130,280
131,290
131,291
131,276
131,305
132,302
132,289
132,292
133,238
133,226
134,299
134,200
134,212
135,162
135,212
136,285
136,274
136,326
137,272
137,313
137,284
137,189
138,337
138,269
138,163
138,297
139,324
139,205
139,206
140,193
140,256
140,167
141,142
141,168
142,180
142,294
143,264
143,181
143,305
143,291
144,343
144,145
144,292
146,224
146,173
147,198
147,159
147,250
148,186
148,286
148,189
149,324
149,350
149,189
150,309
150,177
150,270
151,218
151,282
151,348
151,335
152,231
152,296
153,334
153,280
153,257
154,169
154,168
154,282
155,291
155,332
155,306
155,304
156,330
156,209
156,345
156,318
157,222
157,224
157,197
157,182
158,172
159,160
159,278
160,172
160,300
161,338
162,175
162,340
162,190
163,201
163,350
163,217
164,175
164,176
164,215
165,295
165,334
165,308
165,336
166,230
166,257
166,218
166,204
167,219
167,191
168,194
168,195
169,318
169,170
170,185
171,303
171,343
172,252
173,199
174,201
175,339
175,203
176,349
177,228
178,216
178,206
179,345
180,333
180,207
181,306
181,317
182,332
183,197
183,184
183,318
183,248
184,329
184,288
184,303
185,249
185,263
186,187
186,237
187,338
188,324
188,228
188,216
189,201
190,336
190,284
191,204
192,321
192,255
193,283
194,346
195,221
195,220
196,249
196,262
196,329
196,328
197,223
198,210
198,326
198,339
199,225
200,215
200,213
201,325
202,281
203,243
204,271
204,308
205,232
205,295
206,207
208,248
208,221
209,211
210,211
211,223
211,264
212,238
213,340
215,253
215,338
216,217
217,271
218,348
219,246
220,259
221,222
222,262
223,316
223,263
224,251
225,303
226,278
226,277
226,240
227,240
228,321
229,268
230,256
231,322
231,259
232,244
233,271
233,285
235,301
235,263
236,288
236,247
236,341
241,266
242,281
242,270
242,336
243,255
244,323
245,310
248,262
249,315
250,304
251,328
252,267
252,293
254,268
254,307
254,320
255,295
258,309
258,260
259,284
260,299
262,314
266,291
266,279
267,293
268,270
269,320
270,281
271,285
272,273
273,300
274,289
274,341
277,289
278,280
278,317
279,293
282,309
283,334
283,349
286,311
286,312
287,311
287,326
287,301
290,315
292,344
294,319
294,347
296,310
297,349
297,322
298,337
298,325
298,310
299,312
300,313
300,311
301,315
303,328
304,343
306,347
307,309
312,325
313,326
314,315
316,342
316,317
317,318
319,320
321,348
324,337
327,329
329,331
330,331
331,346
333,334
