0,803
0,1410
0,87
0,716
803,21
803,630
803,804
1410,22
1410,648
1410,1387
87,304
87,827
87,1476
716,19
716,260
716,1387
1,24
1,131
1,823
1,1040
24,47
24,1063
24,1085
131,110
131,262
131,1023
823,628
823,822
823,824
1040,1017
1040,1041
1040,1063
2,3
2,25
2,1064
2,1563
3,4
3,26
3,1564
25,48
25,1174
25,1563
1064,1041
1064,1065
1064,1087
1563,1152
1563,1564
4,5
4,27
4,1565
26,49
26,1173
26,1219
1564,45
1564,1565
5,28
5,1351
5,1566
27,28
27,50
27,1196
1565,1542
1565,1566
28,29
28,51
1351,1350
1351,1352
1351,1374
1566,1543
1566,1567
6,7
6,29
6,1439
6,1567
7,8
7,30
7,1568
29,30
29,52
1439,1438
1439,1440
1439,1394
1567,1544
1567,1568
8,9
8,31
8,1569
30,31
30,53
1568,1545
1568,1569
9,10
9,32
9,1570
31,54
31,703
1569,1546
1569,1570
10,11
10,1550
10,1571
32,55
32,878
32,879
1570,575
1570,1547
11,747
11,989
11,1032
1550,1332
1550,1527
1550,1573
1571,1396
1571,1507
1571,1548
747,724
747,726
747,746
989,34
989,143
989,987
1032,210
1032,1031
1032,1033
12,836
12,1442
12,1573
12,901
836,837
836,857
836,859
1442,33
1442,637
1442,1419
1573,122
1573,1397
901,925
901,1551
901,899
13,1446
13,1466
13,1553
13,1424
1446,1444
1446,1445
1446,1447
1466,1140
1466,1443
1466,1464
1553,1533
1553,1552
1553,1554
1424,34
1424,1423
1424,1425
14,1335
14,1423
14,1077
14,1575
1335,1312
1335,1358
1335,1334
1423,1422
1423,1425
1077,363
1077,1056
1077,1075
1575,1556
1575,1574
1575,1576
15,1379
15,1097
15,1400
15,1469
1379,1359
1379,1378
1379,1380
1097,1095
1097,1096
1097,1098
1400,723
1400,922
1400,1377
1469,101
1469,149
1469,301
16,1140
16,58
16,1425
16,1358
1140,1185
1140,1121
58,81
58,1141
58,1165
1425,1426
1358,81
1358,1381
17,254
17,323
17,364
17,1163
254,253
254,255
254,1010
323,346
323,607
323,1427
364,298
364,1102
364,1578
1163,1142
1163,1164
1163,1165
18,343
18,498
18,630
18,151
343,1253
343,452
343,539
498,40
498,216
498,715
630,43
630,150
151,152
151,170
151,545
19,149
19,433
19,1535
149,540
149,281
433,457
433,543
433,1579
1535,39
1535,80
1535,234
20,825
20,303
20,497
20,1518
825,802
825,824
825,826
303,280
303,304
303,326
497,648
497,1317
497,1276
1518,1538
1518,1539
1518,1540
21,629
21,85
21,215
629,86
629,585
629,695
85,84
85,518
85,1429
215,63
215,196
215,739
22,173
22,1498
22,739
173,283
173,261
173,695
1498,1475
1498,1499
1498,1521
739,370
739,585
23,46
23,1021
23,1107
23,1260
46,45
46,47
46,69
1021,998
1021,1020
1021,1022
1107,1084
1107,1106
1107,1259
1260,1237
1260,1283
1260,1258
47,48
47,70
1063,66
1063,1061
1085,1062
1085,1108
1085,1130
48,49
48,71
1174,286
1174,1151
1174,1197
49,50
49,72
1173,1172
1173,1196
1173,1171
1219,286
1219,1218
1219,1220
50,51
50,73
1196,156
1196,1328
51,52
51,74
52,53
52,75
53,54
53,76
54,55
54,77
703,680
703,683
703,704
55,56
55,251
878,855
878,877
878,879
879,684
879,858
33,858
33,1033
33,1463
858,317
858,859
1033,296
1033,1031
1463,441
1463,1440
1463,1484
34,1356
34,946
1356,1355
1356,1357
1356,1336
946,382
946,947
946,967
35,1074
35,1053
35,1552
35,1577
1074,1072
1074,1073
1074,1075
1053,856
1053,1051
1053,1052
1552,1551
1552,1554
1577,61
1577,104
1577,126
36,1117
36,1272
36,1186
36,1031
1117,1116
1117,1118
1117,1119
1272,1270
1272,1271
1272,1274
1186,1166
1186,1184
1186,1187
1031,1030
37,1054
37,1357
37,1532
37,1230
1054,1052
1054,1055
1054,1056
1357,124
1357,745
1532,165
1532,168
1532,1530
1230,61
1230,471
1230,1210
38,211
38,300
38,1427
38,452
211,188
211,234
211,1076
300,80
300,1470
300,1538
1427,80
1427,344
452,515
452,1318
39,106
39,61
39,1428
106,83
106,107
106,259
61,1360
1428,428
1428,473
1428,1426
40,1536
40,367
40,696
1536,430
1536,476
1536,1534
367,1317
367,1579
367,1426
696,564
696,654
696,783
41,1537
41,454
41,478
41,499
1537,282
1537,410
1537,606
454,257
454,389
454,652
478,721
478,589
478,763
499,105
499,782
499,1539
42,86
42,802
42,388
42,717
86,108
86,1494
802,647
802,779
388,1516
388,1490
388,1492
717,390
717,411
717,543
43,694
43,107
43,238
694,544
694,760
694,1407
107,108
107,563
238,152
238,237
238,239
44,260
44,1023
44,801
44,1452
260,782
260,389
1023,1022
1023,1024
801,737
801,778
801,800
1452,1432
1452,1450
1452,1451
45,68
45,1475
68,67
68,69
68,91
1475,738
1475,1474
69,70
69,92
70,71
70,93
71,72
71,94
72,73
72,95
73,74
73,96
74,75
74,97
75,76
75,98
76,77
76,99
77,100
77,1509
56,57
56,79
56,1076
251,250
251,252
251,274
57,1508
57,1554
57,1143
79,102
79,1012
79,1248
1076,188
1076,275
1508,1507
1508,1509
1508,1510
1554,1555
1143,168
1143,514
1143,515
81,82
81,365
1141,1142
1141,1161
1141,1162
1165,1164
1165,1166
59,1468
59,1139
59,1009
59,1315
1468,1467
1468,1470
1468,1487
1139,1207
1139,1312
1139,1137
1009,986
1009,1010
1009,988
1315,101
1315,1313
1315,1314
60,191
60,1489
60,192
60,1404
191,190
191,214
191,1579
1489,1487
1489,1488
1489,1490
192,366
192,520
192,409
1404,146
1404,236
1404,1381
1360,189
1360,301
1360,1359
62,193
62,172
62,128
62,369
193,170
193,216
193,1493
172,827
172,501
172,1473
128,127
128,345
128,609
369,698
369,697
369,542
63,718
63,1407
63,609
718,413
718,435
718,891
1407,563
1407,1386
609,523
609,586
64,259
64,435
64,762
64,195
259,83
259,589
435,434
435,587
762,65
762,720
762,959
195,674
195,632
195,608
65,1408
65,673
65,240
1408,408
1408,475
1408,516
673,345
673,347
673,562
240,174
240,239
240,241
66,67
66,89
66,153
67,90
67,1108
89,88
89,90
89,112
153,132
153,152
153,805
90,91
90,113
1108,157
1108,1131
91,92
91,114
92,93
92,115
93,94
93,116
94,95
94,117
95,96
95,118
96,97
96,119
97,98
97,120
98,99
98,121
99,100
99,900
100,123
100,900
1509,1507
1509,1510
78,945
78,1444
78,1422
78,167
945,944
945,964
945,965
1444,1445
1444,1464
1422,101
1422,1421
167,209
167,1055
167,1187
102,1185
102,1251
102,169
1012,404
1012,1011
1012,1035
1248,1247
1248,1249
1248,1250
80,1402
1402,1383
1402,1401
1402,1403
82,1580
82,1381
82,299
365,1534
365,1189
365,1491
1580,150
1580,650
1580,672
1381,147
299,276
299,475
299,1406
83,126
83,1490
126,125
126,476
1490,1488
84,152
84,411
84,171
411,1495
411,674
171,129
171,1493
171,1405
518,301
518,1254
518,560
1429,693
1429,1409
1429,1448
108,109
108,588
1494,322
1494,520
1494,649
304,850
304,937
827,523
827,804
1476,735
1476,1477
1476,1499
88,109
88,805
88,847
109,1582
109,456
805,371
805,759
847,846
847,848
847,870
112,111
112,113
112,135
113,114
113,136
114,115
114,137
115,116
115,138
116,117
116,139
117,118
117,140
118,119
118,141
119,120
119,142
120,121
120,143
121,122
121,232
900,877
900,923
123,122
123,146
123,1337
101,943
943,920
943,966
943,941
1185,1183
1185,1184
1251,125
1251,341
1251,1250
169,1207
169,1579
169,302
103,1513
103,386
103,1314
103,1228
1513,453
1513,1492
1513,1511
386,385
386,387
386,1316
1314,1313
1314,1316
1228,1226
1228,1227
1228,1229
104,1445
104,1206
104,1403
1445,189
1206,1204
1206,1205
1206,1225
1403,1401
1403,1405
105,1448
105,1426
105,1514
1448,1447
1448,1449
1514,278
1514,298
1514,368
563,500
563,1450
588,130
588,765
588,1004
1582,564
1582,1562
1582,1581
456,129
456,761
456,1581
110,111
110,133
110,1131
111,134
111,1283
133,132
133,134
133,156
1131,267
1131,1154
134,135
134,157
1283,1282
1283,1284
135,136
135,158
136,137
136,159
137,138
137,160
138,139
138,161
139,140
139,162
140,141
140,163
141,142
141,164
142,143
142,165
143,990
122,164
232,231
232,233
232,1207
164,163
164,187
146,145
146,147
1337,1336
1337,1338
1337,1339
124,125
124,1252
124,1099
125,430
1252,322
1252,1253
1252,1275
1099,363
1099,1098
1099,1101
430,1232
430,519
476,457
476,651
127,1516
127,520
127,1340
1516,560
1516,714
520,389
1340,321
1340,1338
1340,1359
345,148
345,366
129,347
129,565
347,170
347,455
565,477
565,479
565,738
130,806
130,913
130,740
806,458
806,459
806,807
913,912
913,914
913,936
740,522
740,674
740,808
262,263
262,1069
262,720
132,892
132,1045
892,239
892,891
892,893
1045,176
1045,1022
1045,1044
156,179
156,1067
157,180
157,1259
158,159
158,181
158,1130
159,160
159,182
160,161
160,183
161,162
161,184
162,163
162,185
163,186
165,188
165,1057
990,991
990,1011
990,1013
144,145
144,987
144,1249
144,1121
145,1207
145,1096
987,986
987,1443
1249,1226
1249,1250
1121,1101
1121,1122
1096,1094
1096,1095
147,170
147,1406
1406,237
1406,342
148,1472
148,390
148,194
1472,368
1472,1470
1472,1492
390,194
390,521
194,479
194,697
540,1278
540,1405
540,1321
281,258
281,280
281,283
150,738
150,236
738,370
236,607
236,1473
545,1070
545,698
545,1047
154,155
154,177
154,1175
154,1154
155,178
155,1369
155,1415
177,176
177,178
177,200
1175,1152
1175,1176
1175,1198
1154,483
1154,1155
178,179
178,201
1369,1368
1369,1370
1369,1392
1415,1414
1415,1416
1415,1438
179,180
179,202
1067,1066
1067,1068
1067,1198
180,181
180,203
1259,1258
1259,1261
181,182
181,204
1130,199
1130,1153
182,183
182,205
183,184
183,206
184,185
184,207
185,186
185,208
186,187
186,686
187,210
187,1209
188,318
1057,644
1057,1037
1057,1055
166,233
166,1120
166,1208
166,342
233,190
233,210
1120,340
1120,966
1120,1119
1208,275
1208,322
1208,406
342,474
342,1275
209,189
209,208
209,210
1055,1056
1187,1166
1187,1189
168,1227
168,1075
1227,1225
1227,1226
1075,1073
302,279
302,325
302,387
1493,212
1493,496
1405,341
501,697
501,699
501,566
1473,541
1473,584
283,677
283,391
261,285
261,368
261,781
695,324
695,436
174,175
174,197
174,414
175,1024
175,1520
175,828
197,176
197,826
197,1066
414,981
414,608
414,1047
1024,568
1024,1001
1520,1519
1520,1521
1520,1543
828,415
828,829
828,851
176,958
958,935
958,957
958,959
200,199
200,201
200,223
201,202
201,224
202,203
202,225
203,204
203,226
204,205
204,227
205,206
205,228
206,207
206,229
207,208
207,230
208,339
686,597
686,663
686,709
1209,212
1209,495
1209,1210
318,472
318,1100
318,1188
189,1100
1100,451
1100,493
190,322
190,1383
1383,1382
1383,1385
214,213
214,237
214,650
366,541
366,1231
409,1361
409,1339
409,1363
216,217
216,697
479,481
479,1070
674,869
632,567
632,786
632,808
608,1560
608,914
196,458
196,1541
196,719
458,787
458,808
1541,692
1541,713
1541,1540
719,392
719,412
719,764
826,434
826,849
1066,1043
1066,1065
198,199
198,219
198,980
198,460
199,1110
219,218
219,915
219,1089
980,957
980,979
980,981
460,633
460,678
460,1088
1110,1087
1110,1111
1110,1133
223,222
223,224
223,246
224,225
224,247
225,226
225,248
226,227
226,249
227,228
227,250
228,229
228,880
229,230
229,252
230,231
230,253
339,316
339,338
339,340
234,298
234,341
212,344
212,1164
344,1274
344,1318
1164,384
213,235
213,1316
213,410
235,1273
235,1533
235,1557
1316,1297
410,277
410,1339
237,566
650,1540
650,783
217,218
217,502
217,720
218,437
218,523
502,480
502,1134
502,982
720,897
437,526
437,938
437,677
523,587
915,284
915,675
915,916
1089,375
1089,438
1089,1112
220,221
220,241
220,243
220,1111
221,222
221,265
221,1044
241,871
241,1132
243,242
243,244
243,266
1111,483
1111,1109
222,244
222,245
265,264
265,266
265,288
1044,1043
1044,1087
244,245
244,1199
245,246
245,268
246,247
246,269
247,248
247,270
248,249
248,271
249,250
249,272
250,273
880,881
880,903
880,924
252,253
252,773
231,295
231,450
253,276
295,294
295,296
295,512
450,319
450,1275
450,1124
298,363
341,1232
1273,340
1273,1296
1273,1271
1533,1531
1533,1534
1557,1555
1557,1556
1557,1558
607,387
607,651
566,391
566,785
239,413
413,1559
413,785
871,546
871,870
871,872
1132,307
1132,397
1132,1109
242,263
242,395
242,936
263,305
263,848
395,372
395,374
395,396
936,326
936,935
266,267
266,289
1199,1198
1199,1200
1199,1222
268,267
268,269
268,291
269,270
269,292
270,271
270,293
271,272
271,294
272,273
272,968
273,274
273,296
274,275
274,579
773,750
773,774
773,796
276,275
276,277
255,256
255,1318
255,1515
1010,1011
1010,988
256,257
256,258
256,279
1318,472
1515,408
1515,542
1515,1534
257,280
257,1341
258,500
258,453
279,278
279,280
1341,626
1341,671
1341,1253
500,324
500,544
453,431
453,1491
589,349
589,896
782,781
782,783
389,1471
285,264
285,284
285,394
368,1581
781,759
781,780
1069,438
1069,962
1069,1068
305,306
305,328
305,849
848,631
848,849
264,287
264,482
287,286
287,288
287,310
482,459
482,483
482,505
288,289
288,311
267,290
289,290
289,312
290,291
290,313
291,292
291,314
292,293
292,315
293,294
293,316
294,317
968,967
968,969
968,991
296,297
579,556
579,602
579,819
277,278
277,1491
278,517
1491,301
517,407
517,473
517,1146
282,676
282,631
282,652
676,569
676,634
676,787
631,480
631,587
652,521
652,761
677,457
677,657
391,764
391,675
284,869
284,1026
869,868
869,870
1026,393
1026,1025
1026,1158
394,371
394,417
394,893
286,307
307,306
307,393
310,309
310,311
310,333
311,312
311,334
312,313
312,335
313,314
313,336
314,315
314,337
315,316
315,338
316,317
317,383
512,426
512,489
512,511
297,1229
297,1317
297,1144
1229,1231
1229,1250
1317,320
1144,385
1144,493
1144,1142
363,971
475,604
475,1385
1470,1471
1538,583
1538,585
325,326
325,348
325,434
387,562
326,327
850,525
850,655
850,851
937,524
937,914
937,938
306,329
306,981
328,327
328,329
328,873
849,546
329,308
329,330
981,526
393,416
393,852
308,309
308,331
308,1306
309,332
309,1416
331,330
331,332
331,354
1306,1305
1306,1307
1306,1329
332,333
332,355
1416,1393
1416,1417
333,334
333,356
334,335
334,357
335,336
335,358
336,337
336,359
337,338
337,360
338,361
383,382
383,384
383,1080
472,645
472,474
1188,470
1188,493
1188,1166
319,1167
319,1122
319,1035
1167,493
1167,581
1167,733
1122,1101
1122,1123
1035,382
1035,558
320,538
320,1449
320,1274
538,625
538,605
538,1298
1449,605
1449,1447
1274,1276
321,432
321,428
321,1578
432,324
432,519
432,627
428,1168
428,471
1578,1558
1578,1576
346,519
346,672
346,431
324,584
584,1384
584,1430
348,349
348,371
348,455
434,784
327,350
327,412
350,349
350,351
350,373
412,392
412,1561
873,522
873,872
873,874
330,351
330,353
351,1197
351,1241
353,352
353,354
353,376
354,355
354,377
355,356
355,378
356,357
356,379
357,358
357,380
358,359
358,381
359,360
359,578
360,491
360,710
361,362
361,381
361,881
340,407
407,426
407,1298
1232,427
1232,603
474,429
474,583
1275,1254
1253,516
539,516
539,1256
539,1384
519,1559
672,890
672,759
431,1561
431,1362
455,760
455,1583
349,372
371,895
372,373
372,1003
373,352
373,374
1197,1153
1197,1220
1241,1218
1241,1242
1241,1264
352,375
352,1000
375,376
375,398
1000,977
1000,999
1000,1001
376,377
376,399
377,378
377,400
378,379
378,401
379,380
379,402
380,381
380,403
381,404
578,513
578,555
578,1015
491,405
491,490
491,602
710,733
710,1060
710,755
362,1058
362,1103
362,494
881,882
881,904
1058,426
1058,645
1058,1081
1103,470
1103,494
1103,603
494,690
494,561
971,600
971,970
971,972
1102,447
1102,645
1102,669
1189,536
1189,1190
541,1451
541,564
1231,1233
1231,1255
698,918
698,1114
542,649
542,760
370,761
370,590
761,1496
590,675
590,854
590,808
895,635
895,894
895,896
1003,569
1003,613
1003,1002
374,397
374,484
397,398
397,420
484,485
484,505
484,507
398,399
398,421
399,400
399,422
400,401
400,423
401,402
401,424
402,403
402,425
403,404
403,708
404,687
382,688
688,753
688,1191
688,1169
384,385
384,1013
1080,623
1080,1059
1080,1078
385,583
1013,425
1013,534
583,1322
562,1430
562,671
1492,1512
1471,606
1471,1451
521,392
521,807
764,633
764,763
675,916
392,633
633,810
416,438
416,439
416,610
852,851
852,853
852,875
417,418
417,1025
417,1090
893,870
893,894
396,419
396,1221
396,1350
419,418
419,420
419,442
1221,1220
1221,1222
1221,1244
1350,1349
1350,1373
420,421
420,443
421,422
421,444
422,423
422,445
423,424
423,446
424,425
424,447
425,601
708,685
708,707
708,709
687,598
687,624
687,820
405,406
405,732
405,599
406,1034
406,600
732,709
732,731
732,755
599,534
599,576
599,622
1034,427
1034,449
1034,1036
600,513
600,820
426,537
1298,1279
1298,1297
408,1210
408,1079
1210,1212
1079,536
1079,1059
1079,1078
1361,1359
1361,1362
1361,1382
1339,1338
1363,628
1363,669
1363,1342
1495,649
1495,758
1495,1496
1561,757
1561,1560
1559,543
1559,651
785,436
785,567
1047,1046
1047,1048
415,960
415,544
415,1113
960,678
960,959
960,961
544,741
1113,742
1113,1114
1113,1115
438,548
439,418
439,440
439,1198
610,481
610,504
610,940
418,441
1025,1002
1025,1068
1090,1071
1090,1088
1090,1091
441,442
441,464
442,443
442,465
443,444
443,466
444,445
444,467
445,446
445,468
446,447
446,683
447,711
601,1039
601,1061
601,1014
537,713
537,644
537,1212
427,581
427,709
581,514
581,754
1168,429
1168,470
1168,560
471,1191
471,580
429,1342
429,646
1342,627
1342,1362
646,559
646,582
646,1038
1362,1364
627,760
627,1562
457,611
543,784
784,525
784,612
587,477
436,459
436,829
459,635
829,653
829,830
526,503
526,549
938,939
938,961
548,525
548,571
548,701
440,463
440,1135
440,1375
463,462
463,464
463,486
1135,636
1135,1112
1135,1246
1375,1352
1375,1374
1375,1376
464,465
464,487
465,466
465,488
466,467
466,489
467,468
467,490
468,469
468,794
683,660
683,706
711,492
711,733
711,1344
448,492
448,643
448,665
448,1056
492,969
492,1082
643,576
643,580
643,731
665,535
665,642
665,798
449,1081
449,514
449,1190
1081,1104
1081,1083
514,1211
1190,536
1190,1192
1124,1123
1124,1125
1124,1126
451,1101
451,1059
451,1211
1059,1078
1211,691
1211,712
515,1234
515,1233
1583,564
1583,670
1583,1562
611,741
611,1223
611,1093
787,568
787,788
635,658
635,961
678,1158
678,1007
1088,1046
1088,1086
461,786
461,809
461,547
461,1004
786,653
786,699
809,767
809,810
809,811
547,742
547,743
547,1070
1004,480
1004,742
462,483
462,485
462,1242
485,486
485,508
1242,549
1242,1265
486,487
486,509
487,488
487,510
488,489
488,511
489,490
490,772
469,1145
469,470
469,1015
794,771
794,795
794,817
1145,644
1145,754
1145,1146
1015,992
1015,1038
1191,1062
1191,1254
580,1255
580,691
645,560
473,604
473,626
604,495
604,1319
626,625
626,1430
1385,496
1385,647
651,693
477,653
477,654
653,524
654,1068
654,1028
721,700
721,1178
721,830
763,1048
763,982
481,766
481,612
1070,656
480,984
984,961
984,1007
984,982
766,655
766,767
766,765
612,788
612,918
505,1245
505,1418
507,506
507,508
507,530
508,509
508,531
509,510
509,532
510,511
510,533
511,534
772,749
772,771
772,795
602,625
602,798
969,970
969,992
1082,644
1082,670
1082,1105
690,713
690,756
690,1214
561,758
561,1453
561,1278
495,1321
495,1123
1321,1300
1321,1322
1123,624
496,1277
496,1297
1277,582
1277,603
1277,1254
1297,1295
648,1301
648,1319
1276,1278
1276,1296
715,1386
715,1366
715,1278
1539,628
1539,736
699,1029
699,897
1134,567
1134,743
1134,1133
982,522
503,872
503,1005
503,765
872,613
1005,985
1005,1006
1005,1027
765,522
504,983
504,896
504,1178
983,524
983,723
983,741
896,919
1178,1177
1178,1179
1245,1222
1245,1244
1245,1246
1418,527
1418,1417
1418,1419
506,527
506,529
506,1333
527,528
527,1243
529,528
529,530
529,552
1333,723
1333,1310
1333,1506
530,531
530,553
531,532
531,554
532,555
532,1528
533,556
534,557
513,948
513,1147
948,925
948,947
948,949
1147,735
1147,1127
1147,1146
1234,557
1234,667
1234,1257
1233,689
1233,1235
516,1212
1212,1213
1146,535
807,591
807,741
524,1112
1112,1092
525,1115
1115,1095
1115,1114
549,550
549,1398
528,551
528,1311
1243,1220
1243,1244
1243,1266
551,550
551,552
551,574
1311,1288
1311,1310
1311,1334
552,553
552,575
553,554
553,576
554,555
554,577
555,556
1528,1483
1528,1527
1528,1529
556,973
557,729
557,1126
535,797
535,995
797,774
797,796
797,820
995,972
995,994
995,1018
536,777
777,776
777,778
777,799
713,668
625,624
605,1497
605,1450
1256,667
1256,692
1256,1257
1384,1295
1384,1364
1451,1450
649,1255
546,656
546,940
656,679
656,789
940,917
940,963
742,1049
743,1247
743,962
571,550
571,572
571,1417
701,724
701,1156
701,1420
550,573
1398,639
1398,1399
1398,1421
573,572
573,574
573,596
574,575
574,597
575,576
577,622
577,775
577,642
973,950
973,972
973,996
729,706
729,728
729,752
1126,1125
1126,1127
558,668
558,974
558,1078
668,666
668,1014
974,951
974,975
974,997
559,734
559,1365
559,1320
734,1474
734,1084
734,1453
1365,628
1365,1364
1365,1367
1320,1319
1320,1343
1320,1299
758,1192
758,804
1453,606
1453,1433
1430,1431
671,1432
671,737
567,1048
1048,1046
568,591
568,916
591,592
591,939
916,939
569,570
569,592
570,1200
570,1289
570,1332
592,593
592,615
1200,657
1200,1223
1289,1266
1289,1288
1289,1312
1332,1309
1332,1331
572,593
572,595
1417,596
593,594
593,833
595,594
595,618
595,835
596,597
596,619
597,598
622,621
622,623
775,752
775,754
775,798
642,619
642,641
819,796
819,818
819,842
1255,667
691,1454
691,1411
754,1018
582,1344
582,1104
1344,692
1344,1367
1104,1127
1104,1105
1322,714
1322,1302
585,780
780,757
780,779
586,759
586,1496
586,783
1496,1519
854,853
854,855
854,831
939,962
615,594
615,614
615,616
594,617
833,613
833,832
833,834
617,616
617,618
617,640
618,619
618,641
835,640
835,814
835,834
619,620
598,621
598,793
621,620
621,730
793,770
793,792
793,816
820,843
1039,756
1039,1016
1039,1062
1061,1038
1061,1084
1014,991
1014,1037
798,821
603,1409
1409,1387
1409,1431
1319,1296
1497,647
1497,1474
1497,1517
606,714
714,1213
1560,1540
1560,1558
914,891
1223,1222
1223,1224
1093,722
1093,1092
1093,1094
788,744
788,789
918,898
918,899
613,614
614,637
614,1050
637,616
637,638
1050,1049
1050,1051
1050,1052
616,639
639,638
639,662
640,641
640,663
641,664
620,753
620,1549
753,730
753,776
1549,1485
1549,1526
1549,1548
730,707
730,731
623,624
623,1083
1083,1060
1083,1106
810,811
810,812
634,1046
634,700
634,1071
700,1312
700,919
1071,1072
1071,1073
658,659
658,681
658,746
636,659
636,789
636,1091
659,638
659,660
789,790
1091,1072
1091,1092
638,661
661,660
661,662
661,684
662,663
662,685
663,664
664,752
664,685
731,1125
1038,1036
647,776
776,799
1301,1194
1301,1302
1301,1324
693,1517
693,1343
1028,1006
1028,1008
1028,1027
655,894
655,959
894,917
679,680
679,702
679,917
657,853
657,1224
853,830
1224,1225
1224,1205
681,660
681,680
681,682
746,723
746,769
684,685
684,707
752,751
666,774
666,1016
666,1017
774,751
1016,993
1016,996
1017,994
1017,1036
667,1299
1299,1280
1299,1300
669,845
669,1279
845,822
845,844
845,846
1279,670
1279,1280
670,1213
1213,689
1432,1433
1432,1455
737,1343
737,1364
890,867
890,889
890,891
1158,745
1158,1138
1007,1030
1007,988
680,1421
702,725
702,857
702,1116
917,722
1421,1399
682,705
682,1377
682,1462
705,704
705,706
705,728
1377,1354
1377,1376
1462,1461
1462,1551
1462,1441
706,707
1169,689
1169,1148
1169,1149
689,821
821,822
821,844
756,733
756,779
1214,1195
1214,1215
1214,1216
1454,1431
1454,1455
1454,1477
1411,1388
1411,1412
1411,1434
692,1366
1366,1343
1366,1389
1517,735
1517,1474
1114,1116
1029,1008
1029,1027
1029,1030
897,874
897,920
919,920
919,898
724,725
724,1355
1156,1133
1156,1155
1156,1179
1420,1397
1420,1419
1420,1443
725,704
725,726
857,834
857,856
1116,1118
704,727
727,726
727,728
727,750
728,751
1060,799
1060,1037
755,712
755,1171
712,1170
712,1388
1170,1345
1170,1148
1170,1149
1388,1389
1388,1386
1386,1387
830,831
722,1291
722,1203
1291,1290
1291,1292
1291,1293
1203,1202
1203,1204
1203,1205
1355,1354
1355,1336
726,749
749,748
749,750
750,751
1125,1106
1084,1086
735,1542
1542,1519
1542,1543
736,804
736,1323
736,1235
1323,1324
1323,1303
1323,1325
1235,1215
1235,1236
1049,1030
1049,1051
1247,1246
1247,1267
962,985
744,877
744,1157
744,1136
877,876
1157,1136
1157,1137
1157,1155
1136,1137
1136,1138
745,768
745,1244
768,767
768,769
768,791
769,748
769,770
748,771
748,924
771,770
924,925
924,947
1018,1019
1018,1041
1171,1172
1171,1192
779,778
757,1105
757,846
1105,1128
846,800
1192,1172
767,790
790,791
790,813
791,770
791,792
795,796
795,818
799,822
778,800
813,792
813,814
813,811
792,815
815,814
815,816
815,838
816,817
816,839
817,818
817,840
818,841
814,837
837,838
837,860
838,839
838,861
839,840
839,862
840,841
840,863
841,842
841,864
842,843
842,865
843,844
843,866
844,867
824,868
824,1019
851,874
831,832
831,812
832,812
832,834
859,860
859,882
860,861
860,883
861,862
861,884
862,863
862,885
863,864
863,886
864,865
864,887
865,866
865,888
866,867
866,889
867,868
874,875
875,876
875,856
855,856
855,1334
1334,1313
882,883
882,905
883,884
883,906
884,885
884,907
885,886
885,908
886,887
886,909
887,888
887,910
888,889
888,911
889,912
868,1042
876,1246
876,898
903,902
903,904
903,926
904,905
904,927
905,906
905,928
906,907
906,929
907,908
907,930
908,909
908,931
909,910
909,932
910,911
910,933
911,912
911,934
912,935
920,921
923,922
923,902
923,921
925,926
1551,1529
902,922
902,1011
922,921
926,927
926,949
927,928
927,950
928,929
928,951
929,930
929,952
930,931
930,953
931,932
931,954
932,933
932,955
933,934
933,956
934,935
934,957
921,899
947,970
949,950
949,972
950,951
951,952
952,953
952,975
953,954
953,976
954,955
954,977
955,956
955,978
956,957
956,979
963,986
963,941
963,942
966,967
966,1485
967,965
970,993
975,976
975,998
976,977
976,999
977,978
978,979
978,1001
979,1002
985,986
985,965
1485,1484
1485,1465
991,992
992,993
993,994
996,997
996,1019
997,998
997,1020
998,999
999,1022
1001,1002
1443,1441
994,800
1019,1020
1020,1043
1037,1036
1041,1042
1043,1042
1062,1258
1042,1065
1065,1240
1087,1086
1258,1238
1240,1217
1240,1263
1240,1346
1106,1086
1127,1150
1128,1129
1128,1151
1128,1109
1133,1153
1150,1151
1150,1148
1150,1149
1129,1152
1129,1239
1129,1109
1151,1257
1152,1304
1239,1216
1239,1262
1239,1237
1153,1176
1257,1238
1304,1281
1304,1303
1304,1305
1176,1177
1176,1309
1155,1177
1179,1159
1179,1160
1345,1368
1345,1326
1345,1346
1172,1193
1177,1201
1309,1308
1309,1310
1193,1216
1193,1194
1193,1195
1216,1217
1194,1217
1194,1431
1217,1218
1195,1218
1195,1215
1328,1305
1328,1327
1328,1329
1225,1226
1237,1236
1237,1238
1262,1263
1262,1285
1262,1261
1263,1264
1263,1286
1346,1327
1346,1348
1264,1265
1264,1287
1265,1266
1265,1288
1266,1267
1285,1284
1285,1286
1285,1308
1286,1287
1286,1505
1287,1288
1287,1310
1267,1268
1267,1269
1296,1294
1280,1281
1280,1300
1281,1282
1281,1519
1282,1305
1282,1261
1284,1307
1284,1261
1307,1308
1307,1330
1308,1331
1505,1482
1505,1504
1505,1506
1295,1293
1295,1294
1302,1303
1302,1300
1324,1325
1324,1347
1303,1326
1326,1325
1326,1327
1329,1330
1329,1352
1330,1331
1330,1353
1331,1354
1325,1348
1347,1348
1347,1370
1347,1327
1348,1349
1352,1353
1353,1354
1353,1376
1506,1507
1506,1486
1367,1368
1367,1390
1368,1391
1370,1371
1370,1393
1349,1371
1349,1372
1373,1372
1373,1374
1373,1396
1374,1397
1376,1378
1389,1390
1389,1412
1390,1391
1390,1413
1391,1392
1391,1414
1392,1393
1392,1371
1371,1372
1393,1394
1372,1395
1395,1394
1395,1396
1395,1440
1396,1419
1397,1378
1412,1413
1412,1435
1413,1414
1413,1436
1414,1437
1394,1440
1434,1433
1434,1435
1434,1457
1435,1436
1435,1458
1436,1437
1436,1459
1437,1438
1437,1460
1438,1461
1433,1456
1455,1456
1455,1478
1456,1457
1456,1479
1457,1458
1457,1480
1458,1459
1458,1481
1459,1460
1459,1482
1460,1461
1460,1483
1461,1484
1477,1478
1477,1500
1478,1479
1478,1501
1479,1480
1479,1502
1480,1481
1480,1503
1481,1482
1481,1504
1482,1483
1483,1484
1499,1500
1499,1522
1500,1501
1500,1523
1501,1502
1501,1524
1502,1503
1502,1525
1503,1504
1503,1526
1504,1527
1521,1522
1521,1544
1522,1523
1522,1545
1523,1524
1523,1546
1524,1525
1524,1547
1525,1526
1525,1548
1526,1527
1543,1544
1544,1545
1545,1546
1546,1547
1547,1548
811,812
898,899
941,942
941,964
942,944
942,964
944,964
944,965
988,1008
1006,1008
1006,1027
1051,1052
1072,1073
1092,1094
1094,1095
1098,1118
1098,1119
1118,1119
1137,1138
1138,1159
1142,1162
1148,1149
1159,1160
1159,1161
1160,1161
1160,1162
1161,1162
1180,1181
1180,1182
1180,1201
1180,1202
1181,1182
1181,1183
1181,1201
1182,1183
1182,1184
1183,1184
1201,1202
1202,1204
1204,1205
1215,1236
1236,1238
1268,1269
1268,1270
1268,1290
1269,1270
1269,1271
1270,1271
1290,1292
1290,1313
1292,1293
1292,1294
1293,1294
1336,1338
1378,1380
1380,1382
1380,1399
1382,1401
1399,1401
1441,1464
1441,1465
1447,1467
1464,1465
1465,1467
1467,1486
1486,1487
1486,1488
1487,1488
1510,1511
1510,1512
1511,1512
1511,1530
1512,1531
1529,1530
1529,1531
1530,1531
1555,1556
1555,1574
1556,1558
1572,1574
1574,1576
