0,803
0,1410
0,694
0,1562
803,606
803,780
803,804
1410,716
1410,1409
1410,1433
694,303
694,627
694,696
1562,605
1562,1518
1562,1541
1,24
1,131
1,823
1,1040
24,47
24,1063
24,1085
131,110
131,262
131,1023
823,628
823,690
823,822
1040,714
1040,1017
1040,1041
2,3
2,25
2,1064
2,1563
3,4
3,26
3,1564
25,48
25,1174
25,1563
1064,1041
1064,1065
1064,1087
1563,1152
1563,1564
4,5
4,27
4,1565
26,49
26,1173
26,1219
1564,45
1564,1565
5,28
5,1351
5,1566
27,28
27,50
27,1196
1565,1542
1565,1566
28,29
28,51
1351,1350
1351,1352
1351,1374
1566,1543
1566,1567
6,7
6,29
6,1439
6,1567
7,8
7,30
7,1568
29,30
29,52
1439,549
1439,1438
1439,1440
1567,1544
1567,1568
8,9
8,31
8,1569
30,31
30,53
1568,1545
1568,1569
9,10
9,32
9,1570
31,54
31,703
1569,1546
1569,1570
10,11
10,1550
10,1571
32,55
32,165
32,879
1570,575
1570,1547
11,747
11,989
11,1510
1550,1332
1550,1527
1550,1573
1571,1396
1571,1507
1571,1548
747,724
747,726
747,746
989,34
989,143
989,987
1510,1489
1510,1490
1510,1508
12,836
12,901
12,1442
12,1573
836,837
836,857
836,859
901,925
901,1551
901,899
1442,33
1442,637
1442,1419
1573,122
1573,1397
13,1032
13,1533
13,1073
13,1464
1032,37
1032,1031
1032,1033
1533,80
1533,145
1533,321
1073,1072
1073,1074
1073,1075
1464,1444
1464,1465
1464,1466
14,1335
14,1381
14,187
14,1378
1335,1312
1335,1358
1335,1334
1381,123
1381,1358
1381,1404
187,164
187,186
187,210
1378,1358
1378,1376
1378,1379
15,1315
15,1445
15,1270
15,1491
1315,1314
1315,1316
1315,1317
1445,1426
1445,1444
1445,1447
1270,1268
1270,1269
1270,1271
1491,320
1491,366
1491,519
16,257
16,345
16,126
16,1076
257,191
257,1492
257,1494
345,347
345,499
345,1383
126,83
126,125
126,1534
1076,56
1076,211
1076,275
17,280
17,563
17,1470
17,1251
280,279
280,281
280,303
563,192
563,649
563,1536
1470,127
1470,1468
1470,1472
1251,102
1251,166
1251,1250
18,629
18,1538
18,369
18,1338
629,86
629,496
629,783
1538,519
1538,628
1538,717
369,150
369,542
369,413
1338,60
1338,323
1338,1336
19,1452
19,1560
19,239
19,1341
1452,453
1452,673
1452,716
1560,496
1560,737
1560,738
239,238
239,240
239,479
1341,540
1341,671
1341,1253
20,107
20,736
20,498
20,648
107,106
107,108
107,759
736,44
736,1234
736,1582
498,63
498,413
498,454
648,21
648,780
648,1367
21,1429
21,1583
21,368
1429,299
1429,1448
1429,1449
1583,41
1583,282
1583,497
368,261
368,1514
368,456
22,848
22,1023
22,1498
22,651
848,263
848,847
848,849
1023,1022
1023,1024
1498,1475
1498,1499
1498,1521
651,586
651,606
651,1537
23,46
23,1021
23,1107
23,1260
46,45
46,47
46,69
1021,998
1021,1020
1021,1022
1107,1084
1107,1106
1107,1259
1260,1237
1260,1283
1260,1261
47,48
47,70
1063,1061
1063,1042
1063,1084
1085,1062
1085,1108
1085,1130
48,49
48,71
1174,286
1174,1151
1174,1197
49,50
49,72
1173,1172
1173,1196
1173,1193
1219,286
1219,1218
1219,1220
50,51
50,73
1196,156
1196,1328
51,52
51,74
52,53
52,75
53,54
53,76
54,55
54,77
703,680
703,683
703,704
55,56
55,251
165,142
165,188
165,1096
879,684
879,858
879,878
33,858
33,1033
33,1463
858,317
858,859
1033,36
1033,296
1463,441
1463,1440
1463,1484
34,946
34,1356
34,945
946,382
946,947
946,967
1356,1355
1356,1357
1356,1337
945,944
945,964
945,965
35,1185
35,1443
35,1446
35,1577
1185,102
1185,189
1185,1183
1443,987
1443,1420
1443,1441
1446,60
1446,61
1446,168
1577,169
1577,1576
1577,1578
36,1205
36,1467
36,1207
1205,788
1205,1203
1205,1204
1467,144
1467,1465
1467,1466
1207,232
1207,1139
1207,1186
37,1405
37,1249
37,1556
1405,302
1405,539
1405,1403
1249,1226
1249,1248
1249,1250
1556,212
1556,277
1556,386
38,342
38,104
38,430
38,1403
342,103
342,344
342,495
104,150
104,455
104,1471
430,364
430,604
430,1578
1403,1401
1403,1402
39,103
39,630
39,1340
39,1535
103,58
103,278
630,173
630,541
630,1472
1340,451
1340,1339
1340,1359
1535,63
1535,367
1535,453
40,63
40,1472
40,299
40,693
63,520
1472,474
299,276
299,1449
693,586
693,670
693,1450
41,170
41,389
41,759
170,147
170,151
170,193
389,346
389,1404
389,673
759,43
759,1517
42,1515
42,1517
42,760
42,1409
1515,194
1515,343
1515,521
1517,499
1517,607
760,541
760,1518
760,1454
1409,606
1409,1411
43,1430
43,826
43,1582
1430,584
1430,671
1430,1431
826,240
826,825
826,849
1582,282
1582,695
44,173
44,1453
44,1542
173,414
173,761
1453,1474
1453,1476
1453,1497
1542,1519
1542,1543
45,68
45,1475
68,67
68,69
68,91
1475,65
1475,800
69,70
69,92
70,71
70,93
71,72
71,94
72,73
72,95
73,74
73,96
74,75
74,97
75,76
75,98
76,77
76,99
77,100
77,1509
56,57
56,79
251,250
251,252
251,274
57,1508
57,80
57,1008
79,102
79,1012
79,1077
1508,1507
1508,1509
80,1492
80,1553
1008,988
1008,1006
1008,1010
58,81
58,102
58,1096
81,82
81,1318
81,300
1096,1095
1096,1097
59,1208
59,1209
59,387
59,1118
1208,166
1208,275
1208,406
1209,385
1209,493
1209,538
387,302
387,386
387,1297
1118,1098
1118,1116
1118,1117
60,258
60,1449
258,256
258,281
258,500
1449,1447
61,1578
61,127
61,1557
1578,147
127,237
127,1561
1557,366
1557,1555
1557,1558
62,236
62,499
62,1579
62,1318
236,190
236,1469
236,650
499,585
1579,390
1318,1316
1318,1319
520,82
520,431
520,1471
64,1537
64,717
64,85
64,129
1537,411
1537,562
717,171
717,1497
85,1561
85,344
85,849
129,519
129,1493
129,827
65,781
65,500
65,650
781,261
781,780
781,782
500,808
500,675
650,562
650,824
66,67
66,89
66,153
66,1109
67,90
67,1108
89,88
89,90
89,112
153,132
153,152
153,805
1109,1088
1109,1128
1109,1129
90,91
90,113
1108,157
1108,1131
91,92
91,114
92,93
92,115
93,94
93,116
94,95
94,117
95,96
95,118
96,97
96,119
97,98
97,120
98,99
98,121
99,100
99,900
100,123
100,900
1509,1489
1509,1507
78,1009
78,1077
78,834
78,1161
1009,813
1009,986
1009,1010
1077,1057
1077,1075
834,833
834,835
834,857
1161,788
1161,1160
1161,1162
1012,404
1012,428
1012,1011
1492,105
1492,298
1553,812
1553,1552
1553,1554
82,1580
82,300
300,235
300,388
1580,192
1580,672
1580,673
83,106
83,346
83,585
106,84
106,497
346,478
346,458
585,434
585,1386
84,432
84,323
84,564
432,324
432,1448
432,1581
323,1581
323,1469
564,347
564,370
564,1559
1561,412
1561,672
344,1425
344,1512
849,305
86,281
86,541
86,324
281,283
541,672
324,521
324,740
87,1496
87,1474
87,1497
87,631
1496,540
1496,1495
1496,1519
1474,737
1474,1476
1497,670
631,238
631,545
631,763
88,109
88,805
88,847
109,108
109,1540
109,195
805,261
805,371
847,846
847,870
112,111
112,113
112,135
113,114
113,136
114,115
114,137
115,116
115,138
116,117
116,139
117,118
117,140
118,119
118,141
119,120
119,142
120,121
120,143
121,122
121,232
900,877
900,923
123,122
123,146
101,1511
101,234
101,1317
101,341
1511,1512
1511,1513
1511,1530
234,211
234,1144
234,1576
1317,210
1317,297
341,1427
341,1361
341,429
278,277
278,279
278,1514
150,740
150,675
455,367
455,738
455,1427
1471,452
1471,518
105,410
105,1513
105,1425
410,256
410,1473
410,411
1513,1512
1513,1532
1425,1423
1425,1424
497,1319
497,1321
108,695
108,543
695,259
695,1516
543,326
543,458
543,1493
1540,758
1540,1516
1540,1518
195,216
195,392
195,1539
110,111
110,133
110,1131
111,134
111,1283
133,132
133,134
133,156
1131,267
1131,1154
134,135
134,157
1283,1282
1283,1284
135,136
135,158
136,137
136,159
137,138
137,160
138,139
138,161
139,140
139,162
140,141
140,163
141,142
141,164
142,143
143,990
122,164
232,231
232,233
164,163
146,145
146,147
146,1404
124,125
124,1252
124,1357
124,1427
125,1359
125,1228
1252,254
1252,1253
1252,1275
1357,1337
1357,1355
1427,149
1359,144
1359,148
1228,167
1228,1227
1228,1230
1534,1532
1534,1536
1534,1554
237,214
237,238
237,718
128,388
128,1536
128,301
128,609
388,1447
388,583
1536,1516
301,433
301,1514
301,1360
609,390
609,544
609,939
519,1448
1493,215
1493,608
827,391
827,480
827,720
130,806
130,913
130,327
130,719
806,458
806,459
806,807
913,912
913,914
913,936
327,326
327,328
327,350
719,171
719,174
719,633
262,263
262,1069
262,437
132,892
132,1045
892,416
892,891
892,893
1045,176
1045,1022
1045,1044
156,179
156,1067
157,180
157,1259
158,159
158,181
158,1130
159,160
159,182
160,161
160,183
161,162
161,184
162,163
162,185
163,186
990,991
990,1011
990,1013
144,145
144,987
145,1227
987,986
1227,1225
1227,1226
147,149
1404,409
149,148
149,522
148,454
148,366
454,1426
454,1363
366,475
522,151
522,433
522,674
740,607
740,825
675,219
675,633
151,152
151,1539
152,784
152,303
1539,673
1539,715
784,215
784,414
784,434
303,304
154,155
154,177
154,1154
154,1175
155,178
155,1369
155,1415
177,176
177,178
177,200
1154,483
1154,1155
1175,1152
1175,1176
1175,1198
178,179
178,201
1369,1368
1369,1370
1369,1392
1415,1414
1415,1416
1415,1438
179,180
179,202
1067,1066
1067,1068
1067,1198
180,181
180,203
1259,1258
1259,1238
181,182
181,204
1130,199
1130,1153
182,183
182,205
183,184
183,206
184,185
184,207
185,186
185,208
186,686
188,166
188,211
188,1013
166,1120
1120,233
1120,966
1120,1119
167,209
167,1162
167,1468
209,208
209,210
209,1056
1162,1160
1162,1163
1468,1469
1468,1487
168,1142
168,1314
168,1297
1142,343
1142,1122
1142,1140
1314,1295
1314,1313
1297,340
1297,538
169,1424
169,1229
169,321
1424,1422
1424,1423
1229,233
1229,297
1229,364
321,538
321,473
193,216
193,260
193,259
171,476
171,1406
476,565
476,1558
476,1450
1406,255
1406,475
1406,584
172,696
172,457
172,566
172,478
696,412
696,610
457,197
457,370
457,392
566,762
566,589
566,676
478,608
478,1581
414,391
414,521
761,608
761,869
761,824
174,175
174,197
174,240
175,828
175,1024
175,1520
197,176
197,1066
240,241
828,326
828,829
828,851
1024,525
1024,1001
1520,1519
1520,1521
1520,1543
176,958
958,935
958,957
958,959
200,199
200,201
200,223
201,202
201,224
202,203
202,225
203,204
203,226
204,205
204,227
205,206
205,228
206,207
206,229
207,208
207,230
208,339
686,533
686,597
686,709
210,233
211,1275
1013,425
1013,534
189,1575
189,1384
189,1490
1575,1555
1575,1574
1575,1576
1384,428
1384,584
1384,1295
1490,1488
1490,1489
190,191
190,322
190,1380
191,214
191,473
322,1494
322,1516
322,1428
1380,1360
1380,1379
1380,1382
214,213
214,434
473,452
473,1558
192,259
192,518
259,565
518,364
518,1473
216,217
216,567
260,502
260,782
260,697
194,523
194,804
194,632
523,676
523,677
523,960
804,196
804,783
632,479
632,739
632,1004
392,676
392,1068
196,762
196,435
196,1541
762,390
762,741
435,610
435,588
435,652
1541,713
1541,1518
1066,1043
1066,1065
198,199
198,219
198,980
198,1111
199,1110
219,218
219,915
980,957
980,979
980,981
1111,220
1111,483
1111,1110
1110,1087
1110,1133
223,222
223,224
223,246
224,225
224,247
225,226
225,248
226,227
226,249
227,228
227,250
228,229
228,880
229,230
229,252
230,231
230,253
339,316
339,338
339,340
1056,427
1056,429
1056,1055
1275,582
1275,1254
212,1184
212,213
212,1385
1184,1164
1184,1165
1184,1183
213,235
213,1450
1385,581
1385,627
1385,1365
235,1273
235,1274
1450,343
434,325
215,587
215,610
587,653
587,652
587,697
610,982
217,218
217,283
217,891
567,918
567,1135
567,1115
218,437
218,479
283,721
283,565
891,890
891,914
437,526
437,938
479,652
915,284
915,656
915,916
220,221
220,241
220,243
221,222
221,265
221,1044
241,871
241,1132
243,242
243,244
243,266
222,244
222,245
265,264
265,266
265,288
1044,1043
1044,1087
244,245
244,1199
245,246
245,268
246,247
246,269
247,248
247,270
248,249
248,271
249,250
249,272
250,273
880,881
880,903
880,924
252,253
252,773
231,295
231,902
253,254
253,276
295,294
295,296
295,512
902,903
902,922
902,1011
1144,362
1144,517
1144,1146
1576,1574
1273,340
1273,409
1273,1296
1274,427
1274,450
1274,1272
1469,367
238,544
718,586
718,589
718,763
544,415
544,739
871,546
871,870
871,872
1132,307
1132,397
1132,1113
242,263
242,395
242,936
263,305
395,372
395,374
395,396
936,652
936,935
266,267
266,289
1199,1198
1199,1200
1199,1222
268,267
268,269
268,291
269,270
269,292
270,271
270,293
271,272
271,294
272,273
272,968
273,274
273,296
274,275
274,579
773,750
773,774
773,796
254,255
254,319
276,275
276,277
255,256
255,1558
319,407
319,516
319,1141
256,279
279,302
1494,477
1494,649
565,347
502,653
502,896
502,720
782,542
782,783
697,501
697,896
261,285
285,264
285,284
285,394
1069,438
1069,962
1069,1068
305,306
305,328
264,287
264,482
287,286
287,288
287,310
482,459
482,483
482,505
288,289
288,311
267,290
289,290
289,312
290,291
290,313
291,292
291,314
292,293
292,315
293,294
293,316
294,317
968,967
968,969
968,991
296,297
579,556
579,602
579,819
277,1272
1272,1253
1272,1271
1514,562
302,325
282,546
282,716
546,656
546,831
716,411
721,547
721,851
721,1005
284,869
284,1026
869,868
869,870
1026,393
1026,1025
1026,1158
394,371
394,417
394,893
286,307
307,306
307,393
310,309
310,311
310,333
311,312
311,334
312,313
312,335
313,314
313,336
314,315
314,337
315,316
315,338
316,317
317,383
512,489
512,511
512,753
297,452
452,1407
298,362
298,1097
298,431
362,361
362,1143
1097,1095
1097,1098
431,1362
431,583
433,370
433,412
1360,1358
1360,1361
325,326
325,348
304,850
304,742
304,653
850,525
850,655
850,674
742,461
742,1027
742,787
653,634
306,329
306,981
328,329
328,873
329,308
329,330
981,526
981,765
393,416
393,852
308,309
308,331
308,1306
309,332
309,1416
331,330
331,332
331,354
1306,1305
1306,1307
1306,1329
332,333
332,355
1416,1393
1416,1417
333,334
333,356
334,335
334,357
335,336
335,358
336,337
336,359
337,338
337,360
338,361
383,382
383,384
383,1080
318,1036
318,1101
318,494
318,1035
1036,405
1036,514
1036,731
1101,1081
1101,1099
1101,1100
494,645
494,1037
494,1102
1035,559
1035,1034
1035,1055
407,1059
407,1034
407,1362
516,1256
516,1057
516,1386
1141,1121
1141,1140
1141,1143
320,1102
320,1428
320,1166
1102,1100
1102,1103
1428,560
1428,1426
1166,384
1166,1165
1166,1168
538,580
1581,674
521,763
348,349
348,371
348,415
350,349
350,351
350,373
873,590
873,872
873,874
330,351
330,353
351,1197
351,1241
353,352
353,354
353,376
354,355
354,377
355,356
355,378
356,357
356,379
357,358
357,380
358,359
358,381
359,360
359,578
360,491
360,710
361,381
361,881
340,363
363,1383
363,1232
363,386
1361,411
1361,1363
429,1364
429,1299
495,1187
495,1078
495,714
343,1316
1316,1336
1512,1531
347,739
1383,1382
1383,1402
458,787
739,415
349,372
349,589
371,895
415,1114
372,373
372,1003
589,413
373,352
373,374
1197,1153
1197,1220
1241,1218
1241,1242
1241,1264
352,375
352,1000
375,376
375,398
375,1089
1000,977
1000,999
1000,1001
376,377
376,399
377,378
377,400
378,379
378,401
379,380
379,402
380,381
380,403
381,404
578,555
578,776
578,1038
491,405
491,490
491,602
710,733
710,755
710,1060
881,882
881,904
1143,426
1143,449
1232,405
1232,558
1232,625
386,385
364,474
474,1451
474,1362
365,1187
365,1342
365,540
365,539
1187,451
1187,1186
1342,583
1342,800
1342,1321
540,586
539,735
539,1322
475,1362
475,1386
367,477
477,720
477,501
456,542
456,676
456,1559
542,1495
413,524
370,607
607,1408
895,635
895,894
895,896
1003,569
1003,613
1003,1002
374,397
374,484
397,398
397,420
484,485
484,505
484,507
398,399
398,421
1089,438
1089,460
1089,1112
399,400
399,422
400,401
400,423
401,402
401,424
402,403
402,425
403,404
403,708
404,687
382,515
382,643
515,1080
515,1322
515,626
643,448
643,576
643,600
384,385
384,1058
1080,644
1080,756
385,1448
1058,1038
1058,1057
1058,1079
1447,1426
583,603
390,412
391,852
391,480
852,501
852,875
480,1092
480,918
1068,1025
416,438
416,439
417,418
417,1025
417,633
893,870
893,894
396,419
396,1221
396,1350
419,418
419,420
419,442
1221,1220
1221,1222
1221,1244
1350,1349
1350,1373
420,421
420,443
421,422
421,444
422,423
422,445
423,424
423,446
424,425
424,447
425,601
708,685
708,707
708,709
687,598
687,624
687,820
405,406
406,603
406,646
603,408
603,1278
646,1301
646,734
646,667
1059,536
1059,645
1059,688
1034,1054
1034,1055
408,1559
408,562
408,450
1559,453
450,1167
450,1147
409,605
409,1339
605,1407
605,1343
1339,453
1339,1337
1473,714
1473,737
524,723
524,937
524,807
1114,657
1114,699
1114,785
438,548
439,418
439,440
439,1179
418,441
1025,1002
633,982
441,442
441,464
442,443
442,465
443,444
443,466
444,445
444,467
445,446
445,468
446,447
446,683
447,711
447,994
601,1014
601,1039
601,1061
426,534
426,1078
426,1057
534,511
534,599
1078,535
1078,557
427,1190
427,1145
1190,1188
1190,1189
1190,1191
1145,428
1145,470
1145,690
428,625
625,602
625,624
1364,692
1364,735
1364,1363
1299,758
1299,1276
1299,1279
604,669
604,758
604,1387
588,1004
588,917
588,982
436,459
436,829
436,741
436,720
459,635
829,766
829,830
741,807
741,983
526,503
526,549
938,937
938,939
938,961
548,525
548,571
548,701
440,463
440,1375
440,1112
1179,765
1179,1156
1179,1178
463,462
463,464
463,486
1375,1352
1375,1374
1375,1376
1112,1135
1112,1088
464,465
464,487
465,466
465,488
466,467
466,489
467,468
467,490
468,469
468,794
683,660
683,706
711,492
711,733
711,1344
994,993
994,995
994,1017
448,492
448,665
448,1124
492,969
492,1082
665,535
665,642
665,798
1124,514
1124,1104
1124,1122
449,1254
449,1015
449,1103
1254,1191
1254,1277
1015,798
1015,992
1015,1038
1103,451
1103,558
1167,469
1167,470
1167,581
1147,537
1147,1127
1147,1146
451,1255
1255,758
1255,1233
1255,1256
1407,472
1407,627
1363,1365
738,868
738,825
787,788
787,1027
635,658
635,808
460,1049
460,916
460,1223
1049,612
1049,634
1049,678
916,939
916,961
1223,700
1223,1222
1223,1224
461,1027
461,1048
461,1113
1027,1005
1048,764
1048,1029
1048,1046
1113,1091
1113,1115
462,483
462,485
462,1242
485,486
485,508
1242,549
1242,1265
486,487
486,509
487,488
487,510
488,489
488,511
489,490
490,772
469,1168
469,514
794,771
794,795
794,817
1168,493
1168,734
514,1212
470,1079
470,559
1079,600
1079,1081
559,1192
559,1387
471,1037
471,1321
471,1099
471,1231
1037,1014
1037,1060
1321,558
1099,1098
1099,1100
1231,1210
1231,1211
1231,1230
472,1296
472,537
472,971
1296,496
1296,1319
537,1123
537,1125
971,667
971,970
971,972
1451,669
1451,671
1451,737
1386,801
501,961
608,674
1092,785
1092,1090
1092,1091
918,654
918,899
481,1133
481,983
481,699
481,568
1133,1156
1133,1134
983,723
983,767
699,545
699,1159
568,545
568,1159
568,1157
505,702
505,1245
507,506
507,508
507,530
508,509
508,531
509,510
509,532
510,511
510,533
772,749
772,771
772,795
602,1320
969,970
969,992
1082,513
1082,536
1082,1105
493,580
493,1188
580,560
580,688
1188,1186
1188,1189
645,1039
645,1280
714,582
496,1211
1211,1210
1211,1213
1319,1320
808,677
808,743
961,984
896,919
503,525
503,872
503,1157
872,613
1157,547
1157,611
504,982
504,937
504,853
504,1155
937,914
853,655
853,700
853,854
1155,1156
1155,1134
702,679
702,725
702,857
1245,1222
1245,1244
1245,1246
506,527
506,529
506,1333
527,528
527,1243
527,1418
529,528
529,530
529,552
1333,723
1333,1310
1333,1506
530,531
530,553
531,532
531,554
532,555
532,1549
533,556
533,620
753,730
753,776
753,1017
513,600
513,948
513,581
600,820
948,925
948,947
948,949
581,561
1212,560
1212,670
1212,1210
1322,560
1322,1302
626,757
626,1365
626,1234
1256,561
1256,1258
517,606
517,734
517,1233
734,1323
1233,1235
1233,1253
763,783
677,1071
677,1050
960,766
960,785
960,959
723,746
807,591
549,550
528,551
528,1311
1243,1220
1243,1244
1243,1266
1418,1417
1418,1419
1418,1394
551,550
551,552
551,574
1311,1288
1311,1310
1311,1334
552,553
552,575
553,554
553,576
554,555
554,577
555,556
1549,620
1549,1526
1549,1548
556,973
620,619
620,621
599,576
599,622
599,644
535,797
535,995
797,774
797,796
797,820
995,972
995,1018
536,667
536,1081
667,1105
1081,557
1123,1104
1123,1122
1123,1125
1125,690
1125,1126
735,1193
735,1213
672,890
1495,649
1495,715
545,764
764,657
764,959
656,679
656,789
831,698
831,830
831,832
547,612
547,914
612,1202
612,959
571,550
571,572
571,1417
701,724
701,1156
701,856
550,573
573,572
573,574
573,596
574,575
574,597
575,576
577,622
577,642
577,775
973,950
973,972
973,996
557,729
557,1234
729,706
729,728
729,752
1234,1257
558,1213
1213,1214
1192,692
1192,1172
1192,1193
1387,757
1387,1365
561,628
561,1408
628,647
1408,691
1408,692
649,713
1135,636
1135,1246
1115,786
1115,1116
1159,1137
1159,1160
569,570
569,592
569,678
570,1200
570,1332
570,809
592,591
592,593
592,615
678,810
678,1072
1200,657
1200,680
1332,1309
1332,1331
809,1291
809,985
809,1267
572,593
572,595
1417,596
593,594
593,833
595,594
595,618
595,835
596,597
596,619
597,598
622,621
622,623
642,619
642,641
775,752
775,754
775,798
776,777
776,799
1038,1061
819,796
819,818
819,842
688,624
688,1169
582,1277
582,1344
1277,1276
1277,1278
1344,689
1344,1367
584,1343
1343,1320
1343,1366
1004,654
1004,786
917,894
917,940
917,898
590,1006
590,698
590,1046
1006,611
1006,1005
698,941
698,851
1046,1047
1046,1070
591,962
591,810
962,939
962,985
810,1158
810,830
615,594
615,614
615,616
594,617
833,613
833,832
617,616
617,618
617,640
618,619
618,641
835,640
835,814
598,621
598,793
621,730
793,770
793,792
793,816
644,709
644,1170
820,843
1014,668
1014,991
1039,1016
1039,1062
1061,1084
1320,670
1278,1276
1278,1279
669,845
669,1431
611,1202
611,940
1202,700
1202,1181
940,722
940,963
613,614
614,637
614,744
637,616
637,638
744,877
744,1136
744,1312
616,639
639,638
639,662
639,1398
640,641
640,663
641,664
730,707
730,731
623,624
623,799
623,668
799,822
799,1060
668,713
668,1323
757,1104
757,1170
627,1300
1300,800
1300,1280
1300,1298
647,802
647,1298
647,1126
634,1177
634,1047
1177,1176
1177,1178
1177,1198
1047,1028
1047,1070
658,659
658,681
658,746
636,659
636,789
636,1007
659,638
659,660
789,788
789,790
1007,984
1007,1030
1007,988
638,661
661,660
661,662
661,684
662,663
662,685
1398,1379
1398,1399
1398,1400
663,664
663,1528
664,685
664,752
709,732
1170,1345
1170,1150
1280,1281
1280,1279
1301,1194
1301,1302
1301,1324
802,779
802,825
802,868
1298,1276
1298,1279
1126,1127
1126,1146
780,779
1367,1368
1367,1390
713,1257
824,715
824,846
654,700
654,785
655,766
655,894
766,767
679,680
679,812
657,963
963,986
963,942
681,660
681,680
681,682
746,769
684,685
684,707
1528,1483
1528,1527
1528,1529
752,751
798,821
666,774
666,974
666,1016
666,1017
774,751
974,951
974,975
974,997
1016,689
1016,993
1105,801
1105,1128
1323,1324
1323,1302
845,822
845,844
845,846
1431,1194
1431,1454
671,1432
1432,778
1432,1433
1432,1455
890,867
890,889
1071,765
1071,786
1071,1051
1050,1029
1050,1031
1050,1051
1072,1052
1072,1070
812,1203
812,1441
682,705
682,1377
682,1462
705,704
705,706
705,728
1377,1354
1377,1400
1377,1376
1462,1461
1462,1551
1462,1441
706,707
1169,1150
1169,1171
1169,1189
689,732
689,800
732,731
732,755
690,1083
1083,754
1083,1060
1083,1106
691,755
691,1366
691,1148
755,1171
1366,712
1366,1389
1148,1127
1148,1146
1148,1149
692,712
712,733
712,1388
941,811
941,919
941,942
851,874
724,725
724,1355
856,855
856,857
856,1053
725,704
725,726
704,727
727,726
727,728
727,750
728,751
733,756
1388,777
1388,1389
1388,1411
1257,756
1257,1151
715,778
778,777
778,779
1005,1028
722,1247
722,1182
722,811
1247,745
1247,1246
1247,1248
1182,811
1182,1163
1182,1180
811,876
1355,1354
726,749
749,748
749,750
750,751
731,754
754,1018
756,779
1193,1216
868,867
743,1267
743,1134
743,1201
1267,1266
1267,1248
1134,1136
1201,1181
1201,1203
1201,1224
877,876
877,878
1136,1116
1136,1117
1312,1139
1312,1289
745,768
745,1158
745,1244
768,767
768,769
768,791
1158,1137
769,748
769,770
748,771
748,924
771,770
924,925
924,947
1018,1019
1018,1041
1171,1172
1171,1150
1104,1106
1454,1455
1454,1477
765,1289
1289,1266
1289,1288
767,790
790,791
790,813
791,770
791,792
795,796
795,818
777,1345
1345,1368
1345,1326
786,1178
1178,1180
813,792
813,814
792,815
815,814
815,816
815,838
816,817
816,839
817,818
817,840
818,841
821,822
821,844
821,996
801,1325
801,1237
1325,1324
1325,1326
1325,1348
1237,1235
1237,1236
1291,1268
1291,1271
1291,1290
985,986
985,984
830,832
876,875
876,1246
1203,1204
1441,1422
814,837
837,838
837,860
838,839
838,861
839,840
839,862
840,841
840,863
841,842
841,864
842,843
842,865
843,844
843,866
844,867
832,854
859,860
859,882
860,861
860,883
861,862
861,884
862,863
862,885
863,864
863,886
864,865
864,887
865,866
865,888
866,867
866,889
846,1019
874,875
874,897
875,854
854,855
855,878
855,1334
878,898
1334,1336
1053,1051
1053,1052
1053,1054
882,883
882,905
883,884
883,906
884,885
884,907
885,886
885,908
886,887
886,909
887,888
887,910
888,889
888,911
889,912
897,920
897,898
897,899
903,904
903,926
904,905
904,927
905,906
905,928
906,907
906,929
907,908
907,930
908,909
908,931
909,910
909,932
910,911
910,933
911,912
911,934
912,935
919,920
919,921
920,921
920,943
923,922
923,921
923,943
925,926
1551,1529
1551,1552
922,921
922,1400
1011,1010
926,927
926,949
927,928
927,950
928,929
928,951
929,930
929,952
930,931
930,953
931,932
931,954
932,933
932,955
933,934
933,956
934,935
934,957
943,966
943,942
1400,1399
947,970
949,950
949,972
950,951
951,952
952,953
952,975
953,954
953,976
954,955
954,977
955,956
955,978
956,957
956,979
966,967
966,1485
967,965
970,993
975,976
975,998
976,977
976,999
977,978
978,979
978,1001
979,1002
984,964
1485,1484
1485,1486
1485,1487
991,992
992,993
996,997
996,1019
997,998
997,1020
998,999
999,1022
1001,1002
1019,1020
1020,1043
1030,1031
1030,988
1030,1028
1010,988
1041,1042
1043,1042
1031,1029
1062,1191
1062,1258
1042,1065
1065,1240
1087,1086
1084,1086
1191,1189
1258,1238
1240,1217
1240,1263
1240,1346
1106,1086
1128,1129
1128,1151
1129,1152
1129,1239
1151,1149
1152,1304
1239,1216
1239,1262
1239,1238
1153,1176
1153,1172
1139,1137
1139,1138
1304,1281
1304,1303
1304,1305
1176,1309
1309,1308
1309,1310
1216,1217
1216,1214
1194,1217
1194,1195
1217,1218
1195,1218
1195,1214
1195,1215
1328,1305
1328,1327
1328,1329
1224,1225
1224,1204
1225,1226
1225,1206
1226,1206
1262,1263
1262,1285
1262,1261
1263,1264
1263,1286
1346,1327
1346,1347
1346,1348
1264,1265
1264,1287
1265,1266
1265,1288
1248,1250
1250,1230
1285,1284
1285,1286
1285,1308
1286,1287
1286,1505
1287,1288
1287,1310
1281,1282
1281,1519
1282,1305
1282,1261
1284,1307
1284,1261
1307,1308
1307,1330
1308,1331
1505,1482
1505,1504
1505,1506
1295,1293
1295,1294
1302,1303
1324,1347
1303,1326
1303,1327
1326,1327
1329,1330
1329,1352
1330,1331
1330,1353
1331,1354
1347,1370
1347,1348
1348,1349
1352,1353
1353,1354
1353,1376
1506,1507
1506,1486
1368,1391
1370,1371
1370,1393
1349,1371
1349,1372
1373,1372
1373,1374
1373,1396
1374,1397
1389,1390
1389,1412
1390,1391
1390,1413
1391,1392
1391,1414
1392,1393
1392,1371
1371,1372
1393,1394
1372,1395
1395,1394
1395,1396
1395,1397
1396,1419
1397,1420
1411,1412
1411,1434
1412,1413
1412,1435
1413,1414
1413,1436
1414,1437
1394,1440
1419,1420
1420,1421
1434,1433
1434,1435
1434,1457
1435,1436
1435,1458
1436,1437
1436,1459
1437,1438
1437,1460
1438,1461
1433,1456
1455,1456
1455,1478
1456,1457
1456,1479
1457,1458
1457,1480
1458,1459
1458,1481
1459,1460
1459,1482
1460,1461
1460,1483
1461,1484
1440,1421
1477,1476
1477,1478
1477,1500
1478,1479
1478,1501
1479,1480
1479,1502
1480,1481
1480,1503
1481,1482
1481,1504
1482,1483
1483,1484
1476,1499
1499,1500
1499,1522
1500,1501
1500,1523
1501,1502
1501,1524
1502,1503
1502,1525
1503,1504
1503,1526
1504,1527
1521,1522
1521,1544
1522,1523
1522,1545
1523,1524
1523,1546
1524,1525
1524,1547
1525,1526
1525,1548
1526,1527
1543,1544
1544,1545
1545,1546
1546,1547
1547,1548
898,899
942,944
944,964
944,965
964,965
1028,1029
1051,1052
1052,1054
1054,1055
1070,1090
1074,1075
1074,1093
1074,1094
1075,1094
1086,1088
1088,1090
1090,1091
1091,1093
1093,1094
1093,1095
1094,1095
1098,1100
1116,1117
1117,1119
1119,1121
1119,1138
1121,1122
1121,1140
1127,1149
1137,1138
1138,1140
1149,1150
1160,1180
1163,1164
1163,1165
1164,1165
1164,1183
1180,1181
1181,1183
1186,1206
1204,1206
1210,1230
1214,1215
1215,1235
1215,1236
1235,1236
1236,1238
1268,1269
1268,1290
1269,1271
1269,1290
1290,1292
1292,1293
1292,1294
1292,1313
1293,1294
1293,1313
1294,1313
1336,1337
1379,1399
1382,1401
1382,1402
1399,1401
1401,1402
1421,1422
1421,1423
1422,1423
1444,1465
1444,1466
1465,1466
1486,1487
1486,1488
1487,1488
1488,1489
1529,1530
1529,1531
1530,1531
1530,1532
1531,1532
1552,1554
1552,1572
1554,1555
1555,1574
1572,1574
