0,803
0,1410
0,109
0,693
803,804
803,1432
803,1410
1410,799
1410,1408
109,88
109,107
109,1474
693,411
693,1429
693,1430
1,24
1,131
1,823
1,1040
24,47
24,1063
24,1085
131,110
131,262
131,1023
823,87
823,822
823,1280
1040,733
1040,1017
1040,1041
2,3
2,25
2,1064
2,1563
3,4
3,26
3,1564
25,48
25,1174
25,1563
1064,1041
1064,1065
1064,1087
1563,1152
1563,1564
4,5
4,27
4,1565
26,49
26,1173
26,1219
1564,45
1564,1565
5,28
5,1351
5,1566
27,28
27,50
27,1196
1565,1542
1565,1566
28,29
28,51
1351,1350
1351,1352
1351,1374
1566,1543
1566,1567
6,7
6,29
6,1439
6,1567
7,8
7,30
7,1568
29,30
29,52
1439,549
1439,1438
1439,1440
1567,1544
1567,1568
8,9
8,31
8,1569
30,31
30,53
1568,1545
1568,1569
9,10
9,32
9,1570
31,54
31,703
1569,1546
1569,1570
10,11
10,1550
10,1571
32,55
32,165
32,879
1570,575
1570,1547
11,747
11,923
11,989
1550,1332
1550,1527
1550,1573
1571,1396
1571,1507
1571,1548
747,724
747,726
747,746
923,230
923,900
923,922
989,34
989,987
989,988
12,836
12,901
12,1442
12,1573
836,837
836,857
836,859
901,880
901,925
901,1096
1442,33
1442,637
1442,1419
1573,122
1573,1397
13,1511
13,1075
13,1008
13,80
1511,167
1511,168
1511,1510
1075,1073
1075,1077
1075,1094
1008,919
1008,988
1008,1009
80,35
80,1467
80,1164
14,100
14,1117
14,1356
14,1293
100,77
100,99
100,123
1117,1097
1117,1116
1117,1118
1356,34
1356,1355
1356,1357
1293,78
1293,1291
1293,1292
15,1226
15,1251
15,1357
15,1425
1226,1225
1226,1206
1226,1227
1251,57
1251,166
1251,321
1357,1336
1357,1337
1425,1405
1425,1426
1425,1444
16,1380
16,148
16,300
16,1315
1380,1378
1380,1379
1380,1381
148,39
148,193
148,1296
300,194
300,585
300,1228
1315,61
1315,1313
1315,1314
17,60
17,1385
17,1492
17,106
60,1447
60,280
60,1467
1385,105
1385,410
1385,431
1492,1490
1492,1491
1492,1493
106,107
106,126
106,518
18,1472
18,1360
18,1341
18,1427
1472,451
1472,564
1472,671
1360,147
1360,1359
1360,1361
1341,540
1341,560
1341,1253
1427,102
1427,276
1427,368
19,368
19,127
19,454
19,1581
368,261
368,762
127,42
127,61
127,172
454,258
454,1404
454,1297
1581,260
1581,280
1581,499
20,474
20,1407
20,1558
20,1515
474,82
474,563
474,586
1407,432
1407,560
1407,714
1558,303
1558,411
1558,520
1515,63
1515,257
1515,343
21,607
21,217
21,1561
21,565
607,412
607,501
607,804
217,216
217,218
217,720
1561,64
1561,518
1561,695
565,522
565,543
565,1537
22,783
22,848
22,1023
22,1498
783,782
783,804
783,1583
848,263
848,847
848,849
1023,1022
1023,1024
1498,1475
1498,1499
1498,1521
23,46
23,1021
23,1107
23,1260
46,45
46,47
46,69
1021,998
1021,1020
1021,1022
1107,1084
1107,1106
1107,1259
1260,1237
1260,1283
1260,1238
47,48
47,70
1063,1061
1063,1062
1063,1082
1085,1062
1085,1108
1085,1130
48,49
48,71
1174,286
1174,1151
1174,1197
49,50
49,72
1173,1172
1173,1196
1173,1193
1219,286
1219,1218
1219,1220
50,51
50,73
1196,156
1196,1328
51,52
51,74
52,53
52,75
53,54
53,76
54,55
54,77
703,680
703,683
703,704
55,56
55,251
165,142
165,188
165,1555
879,684
879,858
879,878
33,858
33,1033
33,1463
858,317
858,859
1033,145
1033,296
1033,1032
1463,441
1463,1440
1463,1484
34,946
34,1509
946,382
946,947
946,967
1509,77
1509,1508
1509,1510
35,1185
35,1400
35,1443
1185,253
1185,1184
1185,1187
1400,79
1400,1377
1400,1399
1443,810
1443,1420
1443,1441
36,922
36,1510
36,1140
36,1248
922,902
922,921
1510,1512
1140,144
1140,1138
1140,1141
1248,59
1248,1227
1248,1247
37,1053
37,1468
37,1161
37,1402
1053,189
1053,1052
1053,1054
1468,1466
1468,1469
1468,1487
1161,1141
1161,1159
1161,1160
1402,1383
1402,1401
1402,1403
38,1229
38,1493
38,1230
38,1316
1229,192
1229,233
1229,297
1493,323
1493,1451
1230,472
1230,1231
1230,1232
1316,190
1316,301
1316,366
39,542
39,1580
39,169
542,41
542,605
542,609
1580,82
1580,606
1580,672
169,1271
169,1384
169,1491
40,278
40,409
40,1448
40,1426
278,277
278,279
278,1143
409,323
409,1535
409,1189
1448,192
1448,324
1448,1447
1426,59
1426,364
41,584
41,563
41,1471
584,583
584,1384
584,1430
563,1538
563,1386
1471,105
1471,473
1471,477
42,718
42,628
42,391
718,171
718,740
718,784
628,453
628,1453
628,1494
391,653
391,786
391,413
43,196
43,672
43,827
43,1494
196,741
196,1539
196,259
672,605
672,890
827,197
827,543
827,696
1494,322
1494,649
44,86
44,1086
44,650
44,629
86,1539
86,521
86,1453
1086,1084
1086,1088
1086,1106
650,367
650,389
650,780
629,257
629,630
629,1406
45,68
45,1475
68,67
68,69
68,91
1475,800
1475,1433
69,70
69,92
70,71
70,93
71,72
71,94
72,73
72,95
73,74
73,96
74,75
74,97
75,76
75,98
76,77
76,99
56,57
56,79
56,1076
251,250
251,252
251,274
57,1208
57,1508
79,102
79,1012
1076,211
1076,275
1076,319
1208,166
1208,167
1208,275
1508,615
1508,1507
58,81
58,1051
58,1446
58,1423
81,82
81,105
81,1555
1051,1032
1051,1050
1051,1052
1446,321
1446,1444
1446,1445
1423,1421
1423,1422
1423,1424
59,255
59,1445
255,101
255,1186
255,1120
1445,166
1445,1444
1447,258
1447,1449
280,1361
280,587
1467,1465
1467,1466
61,1536
61,1490
1536,1517
1536,1556
1536,1557
1490,125
1490,1491
62,520
62,171
62,386
62,1513
520,216
520,715
171,345
171,1491
386,385
386,387
386,517
1513,236
1513,1512
1513,1514
63,805
63,605
63,235
805,88
805,153
805,371
605,1318
235,191
235,213
235,1273
64,1583
64,195
64,1429
1583,150
1583,717
195,913
195,760
195,1582
1429,540
1429,671
65,215
65,1452
65,806
65,1409
215,151
215,1470
215,544
1452,560
1452,673
1452,759
806,459
806,740
806,807
1409,1408
1409,1450
1409,1451
66,67
66,89
66,153
66,824
67,90
67,1108
89,88
89,90
89,112
153,132
153,152
824,694
824,846
824,1454
90,91
90,113
1108,157
1108,1131
91,92
91,114
92,93
92,115
93,94
93,116
94,95
94,117
95,96
95,118
96,97
96,119
97,98
97,120
98,99
98,121
99,900
78,988
78,902
78,1207
988,1007
902,231
902,903
1207,232
1207,1139
1207,1205
102,342
102,965
1012,404
1012,449
1012,1011
1164,277
1164,1162
1164,1163
82,1272
105,431
1555,212
1555,1553
1272,170
1272,1273
1272,1274
83,369
83,104
83,1450
83,192
369,324
369,475
369,738
104,103
104,1317
104,1338
1450,562
1450,627
192,1294
84,453
84,457
84,716
84,652
453,1275
453,1364
457,719
457,611
457,609
716,735
716,1518
716,1453
652,455
652,586
652,608
85,149
85,1540
85,367
85,521
149,1557
149,322
149,347
1540,129
1540,691
1540,735
367,543
367,497
521,415
521,479
1539,1497
1453,108
87,825
87,868
87,1541
825,761
825,802
825,826
868,802
868,867
868,869
1541,692
1541,713
1541,735
88,847
847,846
847,870
112,111
112,113
112,135
113,114
113,136
114,115
114,137
115,116
115,138
116,117
116,139
117,118
117,140
118,119
118,141
119,120
119,142
120,121
120,143
121,122
121,232
900,877
900,1006
123,122
123,146
123,1535
101,253
101,1552
101,103
253,252
253,254
1552,1553
1552,1554
1552,1572
103,1424
103,1469
342,1165
342,1578
342,1428
965,945
965,963
965,964
1424,256
1424,1422
1469,1488
1469,1489
1317,210
1317,297
1317,340
1338,1336
1338,1337
1338,1339
431,301
431,651
107,389
107,261
126,125
126,1579
126,586
518,1274
518,1254
389,173
389,544
261,219
261,781
108,392
108,1451
108,564
392,260
392,346
392,415
1451,1473
564,304
564,760
1474,648
1474,692
1474,759
110,111
110,133
110,1131
111,134
111,1283
133,132
133,134
133,156
1131,267
1131,1154
134,135
134,157
1283,1282
1283,1284
135,136
135,158
136,137
136,159
137,138
137,160
138,139
138,161
139,140
139,162
140,141
140,163
141,142
141,164
142,143
143,990
143,1121
122,164
232,231
232,233
164,163
164,187
146,145
146,147
146,1404
1535,366
1535,499
124,125
124,1009
124,1098
124,1403
125,1209
1009,986
1009,1010
1098,190
1098,1097
1098,1100
1403,1383
1403,1401
1209,538
1209,1210
1209,1228
1579,321
1579,498
1579,1577
586,130
172,346
172,388
172,194
128,479
128,323
128,174
128,435
479,478
479,983
323,259
174,175
174,197
174,240
435,698
435,608
435,653
129,632
129,345
129,759
632,282
632,522
632,1046
345,1405
345,1516
759,1344
130,630
130,763
130,736
630,388
630,414
763,281
763,283
763,676
736,583
736,649
736,737
262,263
262,437
262,502
132,892
132,1045
892,416
892,891
892,893
1045,176
1045,1022
1045,1044
156,179
156,1067
157,180
157,1259
158,159
158,181
158,1130
159,160
159,182
160,161
160,183
161,162
161,184
162,163
162,185
163,186
990,991
990,1011
990,1013
1121,144
1121,187
1121,1119
144,987
144,1575
987,986
987,945
1575,812
1575,1556
1575,1574
145,1142
145,1228
1142,1122
1142,1141
1142,1144
1228,298
147,170
147,1294
1404,1381
1404,1405
170,151
170,193
1294,1296
1294,1313
193,216
193,476
1296,299
1296,1297
1557,320
1557,1556
322,190
322,276
347,236
347,738
347,653
150,585
150,238
150,478
585,324
585,739
238,237
238,239
238,608
478,456
478,762
151,152
151,432
152,762
152,696
432,344
432,1470
762,456
696,370
696,590
154,155
154,177
154,1154
154,1175
155,178
155,1369
155,1415
177,176
177,178
177,200
1154,483
1154,1155
1175,1152
1175,1176
1175,1198
178,179
178,201
1369,1368
1369,1370
1369,1392
1415,1414
1415,1416
1415,1438
179,180
179,202
1067,1066
1067,1068
1067,1198
180,181
180,203
1259,801
1259,1258
181,182
181,204
1130,199
1130,1153
182,183
182,205
183,184
183,206
184,185
184,207
185,186
185,208
186,187
186,686
187,210
188,166
188,211
188,1013
167,209
167,1139
209,208
209,210
209,384
1139,1312
1139,1119
168,1077
168,1096
168,1336
1077,1056
1077,1096
1096,1094
1336,1337
1271,899
1271,1250
1271,1270
1384,365
1384,1295
346,239
346,477
388,519
388,1537
194,760
194,1560
173,849
173,1516
173,804
849,305
849,826
1516,390
1516,516
175,828
175,1024
175,1520
197,176
197,1066
240,239
240,241
240,826
828,829
828,851
828,1089
1024,525
1024,1001
1520,1519
1520,1521
1520,1543
176,958
958,935
958,957
958,959
200,199
200,201
200,223
201,202
201,224
202,203
202,225
203,204
203,226
204,205
204,227
205,206
205,228
206,207
206,229
207,208
207,967
208,339
686,533
686,597
686,709
210,233
211,234
211,1578
1013,425
1013,534
189,1252
189,1249
189,1097
1252,254
1252,1253
1252,1275
1249,1247
1249,1250
1249,1268
1097,1095
190,1165
1165,494
1165,1145
191,214
191,1295
191,1120
214,213
214,237
214,434
1295,319
1295,320
1120,233
1120,966
216,826
476,257
476,301
476,671
760,740
1560,517
1560,543
1560,695
913,912
913,914
913,936
1582,673
1582,717
1582,1497
741,523
741,610
741,654
259,697
259,609
1066,1043
1066,1065
198,199
198,219
198,980
198,1111
199,1110
219,218
219,915
980,957
980,979
980,981
1111,220
1111,483
1111,1110
1110,1087
1110,1133
223,222
223,224
223,246
224,225
224,247
225,226
225,248
226,227
226,249
227,228
227,250
228,229
228,880
229,230
229,252
967,966
967,968
339,316
339,338
339,340
384,383
384,385
384,426
234,1318
234,1489
234,1470
1578,212
1578,236
212,385
212,365
385,1167
365,1428
365,411
213,408
213,452
408,364
408,1297
408,1318
452,1255
452,1406
452,1559
237,606
237,675
434,325
434,413
434,784
1470,366
544,390
544,500
218,869
218,784
720,698
720,938
720,1134
869,284
869,870
784,936
915,591
915,656
915,916
220,221
220,241
220,243
221,222
221,265
221,1044
241,871
241,1132
243,242
243,244
243,266
222,244
222,245
265,264
265,266
265,288
1044,1043
1044,1087
244,245
244,1199
245,246
245,268
246,247
246,269
247,248
247,270
248,249
248,271
249,250
249,272
250,273
880,881
880,924
230,231
230,535
252,773
231,295
535,797
535,995
535,1059
295,294
295,296
295,512
1318,1319
1489,1487
1489,1488
1273,340
1273,410
236,498
498,673
498,715
606,412
606,1343
675,610
675,674
675,677
239,502
608,697
502,1091
502,1157
871,546
871,870
871,872
1132,307
1132,397
1132,439
242,263
242,395
242,936
263,305
395,372
395,374
395,396
936,935
266,267
266,289
1199,1198
1199,1200
1199,1222
268,267
268,269
268,291
269,270
269,292
270,271
270,293
271,272
271,294
272,273
272,968
273,274
273,296
274,275
274,579
773,750
773,774
773,796
254,256
254,428
256,258
256,279
428,1233
428,626
428,603
1186,318
1186,1166
1186,1184
258,281
279,302
279,1534
257,412
412,523
281,283
281,433
697,304
697,676
609,717
260,480
260,781
480,591
480,850
480,897
781,780
781,782
437,415
437,526
437,983
305,306
305,328
264,285
264,287
264,482
285,284
285,394
285,1087
287,286
287,288
287,310
482,459
482,483
482,505
288,289
288,311
267,290
289,290
289,312
290,291
290,313
291,292
291,314
292,293
292,315
293,294
293,316
294,317
968,969
968,991
296,297
275,276
579,556
579,602
579,819
276,277
277,1078
1078,321
1078,361
1078,469
1143,514
1143,1123
1143,1141
302,304
302,325
302,387
1534,1514
1534,1532
1534,1533
1361,343
1361,1359
587,458
587,477
587,761
283,631
283,740
433,631
433,1428
433,1449
282,677
282,782
282,654
677,1069
677,1027
782,1562
654,850
654,1071
631,415
631,611
284,981
284,1026
981,306
981,526
1026,393
1026,1025
1026,1158
394,371
394,417
394,893
286,307
307,306
307,393
310,309
310,311
310,333
311,312
311,334
312,313
312,335
313,314
313,336
314,315
314,337
315,316
315,338
316,317
317,383
512,489
512,511
512,753
297,1054
1054,1052
1054,1055
298,496
298,1057
298,1382
496,494
496,1320
496,1517
1057,491
1057,1055
1057,1056
1382,299
1382,1362
1382,1383
299,497
299,1340
497,1363
497,671
1340,475
1340,561
1340,1339
301,430
430,1275
430,1364
430,1233
304,545
325,326
325,348
387,1253
387,1320
303,694
303,1559
303,719
694,715
694,1518
1559,455
1559,475
719,413
719,1046
545,500
545,874
545,566
306,329
328,327
328,329
328,698
329,308
329,330
393,416
393,852
308,309
308,331
308,1306
309,332
309,1416
331,330
331,332
331,354
1306,1305
1306,1307
1306,1329
332,333
332,355
1416,1393
1416,1417
333,334
333,356
334,335
334,357
335,336
335,358
336,337
336,359
337,338
337,360
338,361
383,382
383,1080
318,363
318,1102
318,1210
363,450
363,1166
363,1122
1102,536
1102,603
1102,690
1210,645
1210,1190
319,448
319,1036
448,643
448,665
448,732
1036,429
1036,1034
1036,1035
320,429
320,472
429,1146
429,1034
472,1364
472,1320
324,1449
1449,451
326,327
326,610
326,739
348,349
348,371
348,785
327,350
327,458
610,634
739,522
739,1538
350,349
350,351
350,373
458,787
458,809
698,983
330,351
330,353
351,1197
351,1241
353,352
353,354
353,376
354,355
354,377
355,356
355,378
356,357
356,379
357,358
357,380
358,359
358,381
359,360
359,578
360,491
360,710
361,381
361,881
340,341
341,405
341,1233
341,1232
405,362
405,1059
405,1058
1233,691
1232,1231
1232,1254
1428,1408
343,1231
343,541
1231,366
541,674
541,737
541,1473
344,517
344,456
344,561
517,649
456,501
561,1255
561,757
1405,364
477,738
738,1538
653,916
349,372
349,830
371,895
785,589
785,1070
785,1068
372,373
372,1003
830,829
830,831
830,1114
373,352
373,374
1197,1153
1197,1220
1241,1218
1241,1242
1241,1264
352,375
352,1000
375,376
375,398
375,1089
1000,977
1000,999
1000,1001
376,377
376,399
377,378
377,400
378,379
378,401
379,380
379,402
380,381
380,403
381,404
578,555
578,776
578,1038
491,490
491,602
710,733
710,755
710,1060
881,882
881,904
362,558
362,1122
362,1145
558,1320
558,1081
558,1343
1122,1123
1145,473
1145,1146
450,471
450,1058
450,712
1166,1187
1166,1188
364,1144
1144,426
1144,514
411,1362
475,455
370,721
370,786
370,455
721,461
721,809
721,960
786,568
786,1050
895,635
895,894
895,896
1003,569
1003,613
1003,1002
374,397
374,484
397,398
397,420
484,485
484,505
484,507
398,399
398,421
1089,438
1089,1112
399,400
399,422
400,401
400,423
401,402
401,424
402,403
402,425
403,404
403,708
404,687
382,470
382,580
470,668
470,1100
470,1103
580,538
580,1191
580,712
1080,557
1080,560
1080,756
426,1099
426,449
1167,407
1167,536
1167,689
1253,410
519,1363
519,674
519,1386
1537,539
1537,651
390,501
390,500
501,651
500,695
413,588
416,438
416,439
852,808
852,875
852,1113
417,418
417,1025
417,937
893,870
893,894
396,419
396,1221
396,1350
419,418
419,420
419,442
1221,1220
1221,1222
1221,1244
1350,1349
1350,1373
420,421
420,443
421,422
421,444
422,423
422,445
423,424
423,446
424,425
424,447
425,601
708,685
708,707
708,709
687,598
687,624
687,820
1059,1079
1059,1081
1058,407
1058,646
406,1099
406,667
406,537
406,449
1099,427
1099,471
667,625
667,1103
667,1015
537,495
537,1192
537,1125
449,1212
407,493
407,1406
493,1298
493,1254
493,1211
1406,583
1297,581
1189,515
1189,626
1189,1169
410,1538
1362,1342
1362,1383
523,1004
523,851
588,414
588,522
588,982
414,1069
414,982
1069,962
1069,1068
982,566
982,1028
438,548
438,1114
439,418
439,440
418,441
1025,1002
1025,1068
937,524
937,914
937,938
441,442
441,464
442,443
442,465
443,444
443,466
444,445
444,467
445,446
445,468
446,447
446,683
447,711
447,994
601,1014
601,1039
601,1061
427,1187
427,1101
427,1319
1187,1188
1101,1081
1101,1100
1101,1103
1319,559
1319,1321
626,1168
626,1212
603,1147
603,1213
1146,582
1146,1126
1034,971
1034,1035
1275,582
1364,539
651,1495
436,459
436,829
436,873
436,481
459,635
829,766
873,678
873,764
873,1203
481,1114
481,1093
481,1070
526,503
526,549
983,566
548,525
548,571
548,701
1114,743
440,463
440,1112
440,1375
463,462
463,464
463,486
1112,635
1112,1135
1375,1352
1375,1374
1375,1376
464,465
464,487
465,466
465,488
466,467
466,489
467,468
467,490
468,469
468,794
683,660
683,706
711,668
711,733
711,1081
994,993
994,995
994,1017
643,576
643,600
643,731
665,469
665,642
665,798
732,709
732,778
732,1280
1212,539
1212,1211
471,495
471,1211
712,645
712,1277
451,1473
451,627
1473,499
627,581
627,691
1255,690
1255,1236
611,589
611,940
787,788
787,1029
787,917
809,1071
809,1269
635,658
460,1092
460,1048
460,940
460,1027
1092,546
1092,1073
1092,1090
1048,1029
1048,1047
1048,1049
940,851
940,896
1027,765
1027,918
461,917
461,1005
461,1178
917,1203
917,941
1005,547
1005,568
1005,678
1178,657
1178,1177
1178,1179
462,483
462,485
462,1242
485,486
485,508
1242,549
1242,1265
486,487
486,509
487,488
487,510
488,489
488,511
489,490
490,772
469,1037
794,771
794,795
794,817
1037,731
1037,1014
1037,1060
668,713
668,1014
1100,495
1103,757
495,1124
1211,713
473,1124
473,494
1124,539
1124,623
494,559
591,592
591,807
850,525
850,655
897,874
897,877
897,943
1093,1091
1093,1094
1093,1095
1070,699
1070,808
505,702
505,1245
507,506
507,508
507,530
508,509
508,531
509,510
509,532
510,511
510,533
511,534
772,749
772,771
772,795
602,625
602,1039
492,969
492,1082
492,1079
492,1234
969,970
969,992
1082,513
1082,1105
1079,623
1079,688
1234,670
1234,1257
1234,1213
1298,514
1298,734
1298,1279
1254,516
559,1188
559,1387
1517,562
1517,1497
1363,604
1363,691
673,1430
715,669
499,695
1091,1072
1091,1090
1157,567
1157,1136
1157,1137
503,525
503,872
503,959
872,613
872,764
959,612
959,960
504,742
504,1028
504,723
504,1155
742,676
742,807
742,765
1028,657
1028,1029
723,524
723,746
723,960
1155,1156
1155,1153
702,679
702,725
702,857
1245,1222
1245,1244
1245,1246
506,527
506,529
506,1333
527,528
527,1243
527,1418
529,528
529,530
529,552
1333,811
1333,1310
1333,1506
530,531
530,553
531,532
531,554
532,555
532,1549
533,556
533,620
534,599
534,903
753,730
753,776
753,1017
513,600
513,948
513,557
600,820
600,1147
948,925
948,947
948,949
557,625
557,729
514,1191
1191,714
1191,1169
515,604
515,670
515,1274
604,1366
604,1147
670,780
670,1562
1274,1276
516,690
516,648
690,648
648,1301
649,1495
674,761
1386,1366
1386,1387
1004,547
1004,699
1004,875
851,874
524,807
524,567
567,939
567,1049
549,550
528,551
528,1246
1243,1220
1243,1244
1243,1266
1418,1417
1418,1419
1418,1394
551,550
551,552
551,574
1246,876
1246,1135
552,553
552,575
553,554
553,576
554,555
554,577
555,556
1549,620
1549,1526
1549,1548
556,973
620,619
620,621
599,576
599,622
599,644
903,904
903,926
797,774
797,796
797,820
995,972
995,1018
536,1148
536,1147
1148,581
1148,1126
1148,1127
1192,713
1192,758
1192,1172
1125,647
1125,1105
1125,1123
538,1168
538,1342
1168,646
1168,1149
1342,755
1342,1322
540,1496
540,583
1496,846
1496,1495
1496,1519
737,1518
737,1476
874,765
566,960
546,656
546,831
656,679
656,789
831,832
831,962
547,700
547,914
700,1202
700,1090
700,1134
914,891
571,550
571,572
571,1417
701,724
701,856
701,1156
550,573
573,572
573,574
573,596
574,575
574,597
575,576
577,622
577,642
577,775
973,950
973,972
973,996
625,624
729,706
729,728
729,752
1343,562
1343,646
1188,1190
1387,1366
1387,1389
757,645
757,1104
562,1321
1321,624
1321,1300
939,916
939,938
939,962
1049,1029
1049,1047
568,722
568,633
722,590
722,1377
722,985
633,589
633,699
633,1046
569,570
569,592
569,894
570,1200
570,1332
570,810
592,593
592,615
894,655
1200,657
1200,680
1332,1309
1332,1331
810,941
810,942
572,593
572,595
1417,596
593,594
593,833
595,594
595,618
595,835
596,597
596,619
597,598
622,621
622,623
642,619
642,641
775,752
775,754
775,798
776,777
776,799
1038,644
1038,1015
1038,1061
819,796
819,818
819,842
581,1408
582,1344
582,1431
1344,689
1344,1367
1431,1194
1431,1430
1431,1454
761,1562
589,853
853,655
853,854
853,1267
590,1179
590,743
1179,1156
1179,1159
743,1223
743,1071
615,594
615,616
594,617
833,613
833,834
833,899
617,616
617,618
617,640
618,619
618,641
835,640
835,814
835,834
598,621
598,793
621,730
793,770
793,792
793,816
644,709
644,1170
820,843
1014,991
1039,1016
1039,1062
1061,1084
1213,1214
1213,1215
1366,1365
717,1495
634,1006
634,764
634,1180
612,1202
612,1223
612,1115
1202,765
1202,854
1223,1222
1223,1224
1115,1095
1115,1113
1115,1116
613,614
614,637
614,1135
614,876
637,616
637,638
1135,636
876,875
876,877
616,639
639,638
639,662
639,1398
640,641
640,663
641,664
730,707
730,731
623,624
1046,916
699,961
1006,808
1006,1007
764,744
1180,788
1180,1160
1180,1181
658,659
658,681
658,746
636,659
636,1289
636,1224
659,638
659,660
1289,1266
1289,1288
1289,1312
1224,744
1224,1225
638,661
661,660
661,662
661,684
662,663
662,685
1398,832
1398,1378
1398,1399
663,664
663,1528
664,685
664,752
731,754
1170,645
1170,669
1170,1345
646,971
971,970
971,972
647,802
647,1278
647,1299
802,779
1278,1276
1278,1277
1278,1279
1299,1279
1299,1300
1299,1301
1301,1194
1301,1302
780,779
1071,1047
655,766
766,767
766,986
679,680
679,1158
789,788
789,790
789,1158
657,1376
1376,1353
1376,1378
681,660
681,680
681,682
746,769
684,685
684,707
1528,1483
1528,1527
1528,1529
752,751
798,821
798,1015
666,774
666,974
666,1016
666,1017
774,751
974,951
974,975
974,997
1016,689
1016,993
1015,992
669,845
669,1257
845,822
845,844
845,846
1257,756
1257,1151
1562,692
890,867
890,889
890,891
676,678
678,1177
1177,1176
1177,1198
1158,745
682,705
682,1377
682,1462
705,704
705,706
705,728
1377,1354
1462,813
1462,1461
1462,1551
706,707
688,1300
688,1083
688,1236
1300,1302
1083,754
1083,1060
1083,1106
1236,1235
1236,1238
689,800
800,734
800,1149
692,1190
1190,1169
1518,891
961,938
961,984
961,963
1090,1088
1134,1113
1134,1136
724,725
724,1355
856,855
856,857
856,878
1156,1133
725,704
725,726
857,834
704,727
727,726
727,728
727,750
728,751
733,756
755,1019
755,1171
1060,799
1277,1256
1277,1276
714,1324
714,1365
1324,1323
1324,1325
1324,1347
1365,1322
1365,1367
735,1126
985,896
985,962
985,986
1355,745
1355,1354
726,749
749,748
749,750
750,751
754,1018
778,777
778,779
778,1432
1280,1281
1280,1279
756,779
734,1084
734,1237
1237,801
1237,1235
1126,1127
1476,801
1476,1477
1476,1499
744,1030
744,1201
1030,1007
1030,1031
1030,1010
1201,1203
1201,1247
1201,1267
745,768
745,1244
768,767
768,769
768,791
769,748
769,770
748,771
748,924
771,770
924,925
924,947
1018,1019
1018,1041
1019,996
1019,1020
1171,758
1171,1172
1171,1150
1104,1105
1104,1106
1104,1123
758,1256
758,1388
1256,1258
1256,1276
1388,777
1388,1389
1388,1411
767,790
767,1311
790,791
790,813
1311,1288
1311,1310
1311,1334
791,770
791,792
795,796
795,818
777,1345
799,822
1345,1368
1345,1322
1432,1433
1432,1455
1050,1052
1050,1072
788,1421
1421,1401
1421,1422
813,792
813,1485
792,815
815,814
815,816
815,838
816,817
816,839
817,818
817,840
818,841
821,822
821,844
821,1411
1149,1127
1149,1150
801,1323
1323,1303
1323,1322
808,1159
1159,1160
1269,1250
1269,1268
1269,1270
941,921
941,943
942,812
942,875
942,921
811,1465
811,1464
811,1292
1465,1464
1465,1466
1464,1441
1464,1444
1292,1290
1292,1291
812,984
812,1572
984,919
984,1007
1572,1574
1485,966
1485,1484
1485,1466
814,837
814,1551
837,838
837,860
1551,1529
1551,1530
838,839
838,861
839,840
839,862
840,841
840,863
841,842
841,864
842,843
842,865
843,844
843,866
844,867
1411,1412
1411,1434
1454,1455
1454,1477
832,834
832,1074
1074,898
1074,1072
1074,1073
899,1397
899,1420
859,860
859,882
860,861
860,883
861,862
861,884
862,863
862,885
863,864
863,886
864,865
864,887
865,866
865,888
866,867
866,889
1113,1133
854,855
854,898
1267,918
1267,1266
855,878
855,1334
898,1399
898,1204
878,877
1334,1314
1334,1335
882,883
882,905
883,884
883,906
884,885
884,907
885,886
885,908
886,887
886,909
887,888
887,910
888,889
888,911
889,912
1203,1204
904,905
904,927
905,906
905,928
906,907
906,929
907,908
907,930
908,909
908,931
909,910
909,932
910,911
910,933
911,912
911,934
912,935
896,919
919,920
943,966
943,944
1399,1401
1204,1184
1204,1205
1397,1374
1397,1420
1420,1419
925,926
926,927
926,949
927,928
927,950
928,929
928,951
929,930
929,952
930,931
930,953
931,932
931,954
932,933
932,955
933,934
933,956
934,935
934,957
918,1116
918,1047
1116,1118
920,921
920,1183
920,1032
1183,1163
1183,1181
1183,1182
1032,1031
947,970
949,950
949,972
950,951
951,952
952,953
952,975
953,954
953,976
954,955
954,977
955,956
955,978
956,957
956,979
970,993
975,976
975,998
976,977
976,999
977,978
978,979
978,1001
979,1002
991,992
992,993
996,997
996,1042
997,998
997,1020
998,999
999,1022
1001,1002
1011,1010
1011,1031
1020,1043
1010,1031
1041,1042
1043,1042
1062,1258
1042,1065
1065,1240
1258,1238
1240,1217
1240,1263
1240,1346
1105,1128
1128,1129
1128,1151
1128,1109
1133,1088
1129,1152
1129,1239
1129,1109
1151,1109
1152,1304
1239,1216
1239,1262
1239,1238
1153,1176
1312,1335
1312,1290
1304,1281
1304,1305
1304,1302
1176,1309
1172,1193
1309,1308
1309,1310
1193,1216
1193,1194
1216,1217
1216,1195
1194,1217
1217,1218
1195,1218
1195,1214
1195,1215
1328,1305
1328,1327
1328,1329
1225,1205
1225,1206
1262,1263
1262,1285
1262,1261
1263,1264
1263,1286
1346,1326
1346,1327
1346,1347
1264,1265
1264,1287
1265,1266
1265,1288
1285,1284
1285,1286
1285,1308
1286,1287
1286,1505
1287,1288
1287,1310
1281,1282
1281,1519
1282,1305
1282,1261
1519,1542
1284,1307
1284,1261
1307,1308
1307,1330
1308,1331
1505,1482
1505,1504
1505,1506
1302,1303
1303,1326
1303,1261
1326,1325
1326,1327
1329,1330
1329,1352
1330,1331
1330,1353
1331,1354
1335,1358
1335,1314
1325,1348
1325,1327
1347,1370
1347,1348
1348,1349
1348,1371
1352,1353
1353,1354
1506,1507
1506,1486
1358,1381
1358,1339
1358,1359
1367,1368
1367,1390
1368,1391
1370,1371
1370,1393
1349,1371
1349,1372
1373,1372
1373,1374
1373,1396
1381,1379
1390,1389
1390,1391
1390,1413
1391,1392
1391,1414
1392,1393
1392,1394
1371,1372
1393,1394
1372,1395
1395,1394
1395,1396
1395,1440
1396,1419
1389,1412
1412,1413
1412,1435
1413,1414
1413,1436
1414,1437
1434,1433
1434,1435
1434,1457
1435,1436
1435,1458
1436,1437
1436,1459
1437,1438
1437,1460
1438,1461
1433,1456
1455,1456
1455,1478
1456,1457
1456,1479
1457,1458
1457,1480
1458,1459
1458,1481
1459,1460
1459,1482
1460,1461
1460,1483
1461,1484
1440,1441
1477,1478
1477,1500
1478,1479
1478,1501
1479,1480
1479,1502
1480,1481
1480,1503
1481,1482
1481,1504
1482,1483
1483,1484
1499,1500
1499,1522
1500,1501
1500,1523
1501,1502
1501,1524
1502,1503
1502,1525
1503,1504
1503,1526
1504,1527
1521,1522
1521,1544
1522,1523
1522,1545
1523,1524
1523,1546
1524,1525
1524,1547
1525,1526
1525,1548
1526,1527
1507,1486
1542,1543
1542,1497
1543,1544
1544,1545
1545,1546
1546,1547
1547,1548
944,945
944,963
944,964
945,964
963,964
1035,1055
1035,1056
1055,1056
1072,1073
1088,1109
1094,1095
1118,1119
1118,1137
1119,1138
1127,1150
1136,1137
1136,1138
1137,1138
1150,1169
1160,1162
1162,1163
1162,1181
1163,1182
1181,1182
1182,1184
1205,1206
1206,1227
1214,1215
1214,1235
1215,1235
1227,1247
1250,1270
1268,1270
1268,1290
1290,1291
1291,1313
1313,1314
1337,1339
1359,1379
1378,1379
1422,1441
1486,1487
1486,1488
1487,1488
1512,1514
1512,1531
1514,1533
1529,1530
1529,1531
1530,1531
1530,1532
1531,1532
1532,1533
1533,1553
1553,1554
1554,1556
1554,1574
1574,1576
1576,1577
