0,803
0,1410
0,1408
0,1497
803,129
803,804
803,1432
1410,1386
1410,1411
1410,1433
1408,63
1408,65
1408,1385
1497,44
1497,673
1497,801
1,24
1,131
1,823
1,1040
24,47
24,1063
24,1085
131,110
131,262
131,1023
823,694
823,822
823,1083
1040,1017
1040,1041
1040,1039
2,3
2,25
2,1064
2,1563
3,4
3,26
3,1564
25,48
25,1174
25,1563
1064,1041
1064,1065
1064,1087
1563,1152
1563,1564
4,5
4,27
4,1565
26,49
26,1173
26,1219
1564,45
1564,1565
5,28
5,1351
5,1566
27,28
27,50
27,1196
1565,1542
1565,1566
28,29
28,51
1351,1350
1351,1352
1351,1374
1566,1543
1566,1567
6,7
6,29
6,1439
6,1567
7,8
7,30
7,1568
29,30
29,52
1439,549
1439,1438
1439,1440
1567,1544
1567,1568
8,9
8,31
8,1569
30,31
30,53
1568,1545
1568,1569
9,10
9,32
9,1570
31,54
31,703
1569,1546
1569,1570
10,11
10,1550
10,1571
32,55
32,165
32,879
1570,575
1570,1547
11,747
11,989
11,923
1550,1332
1550,1527
1550,1573
1571,1396
1571,1507
1571,1548
747,724
747,726
747,746
989,34
989,143
989,987
923,900
923,922
923,902
12,836
12,901
12,1442
12,1573
836,837
836,857
836,859
901,925
901,1551
901,880
1442,33
1442,637
1442,1419
1573,122
1573,1397
13,1401
13,1379
13,1225
13,1097
1401,1382
1401,1399
1401,1402
1379,1378
1379,1380
1379,1398
1225,810
1225,1224
1225,1226
1097,1095
1097,1096
1097,1098
14,1335
14,1164
14,1534
14,1575
1335,1312
1335,1358
1335,1334
1164,1163
1164,1183
1164,1184
1534,168
1534,169
1534,1532
1575,1574
1575,1576
1575,1577
15,1489
15,38
15,1447
15,1165
1489,145
1489,1470
1489,1487
38,1271
38,40
38,1404
1447,324
1447,1428
1447,1445
1165,103
1165,167
1165,427
16,1488
16,1226
16,1426
16,1183
1488,1469
1488,1486
1488,1487
1226,1249
1226,1227
1426,148
1426,298
1426,1425
1183,1181
1183,1182
17,150
17,1340
17,1337
17,1472
150,783
150,414
150,1537
1340,37
1340,62
1340,475
1337,37
1337,1336
1337,1338
1472,259
1472,301
1472,630
18,347
18,259
18,651
18,1339
347,109
347,367
347,741
259,476
259,479
651,44
651,1493
651,652
1339,105
1339,1318
1339,1358
19,151
19,1496
19,433
19,1560
151,152
151,170
151,608
1496,540
1496,1495
1496,1519
433,344
433,1428
433,1493
1560,152
1560,192
1560,367
20,541
20,561
20,456
20,434
541,1516
541,1448
541,1342
561,1276
561,1583
561,1320
456,345
456,762
456,784
434,214
434,325
434,784
21,476
21,759
21,108
21,737
476,411
476,606
759,626
759,1388
759,1452
108,107
108,109
108,392
737,497
737,718
737,782
22,848
22,1023
22,1498
22,783
848,263
848,847
848,849
1023,1022
1023,1024
1498,1475
1498,1499
1498,1521
783,782
783,804
23,46
23,1021
23,1107
23,1260
46,45
46,47
46,69
1021,998
1021,1020
1021,1022
1107,1084
1107,1106
1107,1259
1260,1237
1260,1283
1260,1261
47,48
47,70
1063,1061
1063,1042
1063,1084
1085,1062
1085,1108
1085,1130
48,49
48,71
1174,286
1174,1151
1174,1197
49,50
49,72
1173,1172
1173,1196
1173,1171
1219,286
1219,1218
1219,1220
50,51
50,73
1196,156
1196,1328
51,52
51,74
52,53
52,75
53,54
53,76
54,55
54,77
703,680
703,683
703,704
55,56
55,251
165,142
165,188
165,1294
879,684
879,858
879,878
33,858
33,1033
33,1463
858,317
858,859
1033,36
1033,296
1033,1032
1463,441
1463,1440
1463,1484
34,946
34,1356
34,1529
946,382
946,947
946,967
1356,812
1356,1355
1356,1357
1529,1528
1529,1530
1529,1531
35,80
35,1185
35,1443
35,1206
80,1274
80,1162
80,1510
1185,103
1185,278
1185,319
1443,767
1443,987
1443,1420
1206,145
1206,1204
1206,1205
36,1143
36,1470
36,1424
1143,212
1143,471
1143,1122
1470,106
1470,1469
1424,78
1424,1422
1424,1423
37,255
37,1576
255,254
255,256
255,1402
1576,1574
1576,1577
1271,1269
1271,1270
1271,1272
40,674
40,542
40,1471
1404,146
1404,519
1404,1381
39,168
39,171
39,344
39,521
168,1578
168,1227
171,1514
171,1581
171,499
344,190
344,194
521,41
521,501
521,764
674,760
674,697
674,1581
542,628
542,1558
542,1538
1471,63
1471,584
1471,1469
41,1515
41,215
41,61
1515,42
1515,84
1515,520
215,170
215,501
215,739
61,1297
61,1533
61,365
42,585
42,65
42,739
585,84
585,239
585,758
65,107
65,87
739,567
739,632
43,1409
43,1387
43,696
43,607
1409,628
1409,693
1409,713
1387,691
1387,824
1387,1386
696,629
696,630
696,760
607,84
607,129
607,564
44,1561
44,717
1561,64
1561,172
1561,693
717,152
717,173
717,522
45,68
45,1475
68,67
68,69
68,91
1475,800
1475,804
69,70
69,92
70,71
70,93
71,72
71,94
72,73
72,95
73,74
73,96
74,75
74,97
75,76
75,98
76,77
76,99
77,100
77,1509
56,57
56,79
56,1076
251,250
251,252
251,274
57,1251
57,1508
57,1140
79,102
79,1012
79,1400
1076,211
1076,275
1076,1056
1251,166
1251,409
1251,1250
1508,615
1508,1507
1508,1509
1140,211
1140,1141
1140,1160
58,81
58,1444
58,1052
58,943
81,82
81,1273
81,1532
1444,59
1444,1425
1444,1445
1052,1032
1052,1050
1052,1051
943,920
943,966
943,941
59,1296
59,1009
59,1555
1296,299
1296,1273
1296,1319
1009,986
1009,1010
1009,988
1555,1553
1555,1554
1555,1556
60,1381
60,1558
60,1467
60,1316
1381,124
1381,1358
1558,431
1558,477
1467,1465
1467,1466
1467,1468
1316,167
1316,257
1316,1314
1297,407
1297,518
1297,538
1533,104
1533,148
1533,1532
365,105
365,1277
365,1362
62,192
62,1538
62,457
192,1578
192,1425
1538,63
1538,432
457,86
457,982
457,478
63,1492
1492,257
1492,389
1492,1490
64,435
64,650
64,544
435,762
435,785
435,630
650,109
650,411
650,1474
544,501
544,698
544,653
107,106
107,562
87,825
87,1541
87,1540
66,67
66,89
66,153
66,824
67,90
67,1108
89,88
89,90
89,112
153,132
153,152
153,805
824,1454
824,846
90,91
90,113
1108,157
1108,1131
91,92
91,114
92,93
92,115
93,94
93,116
94,95
94,117
95,96
95,118
96,97
96,119
97,98
97,120
98,99
98,121
99,100
99,900
100,123
100,900
1509,1487
1509,1510
78,1077
78,1512
78,921
1077,341
1077,1056
1077,1075
1512,1490
1512,1511
1512,1531
921,920
921,922
921,898
102,1074
102,1142
102,212
1012,189
1012,404
1012,1011
1400,922
1400,1377
1400,1398
1274,408
1274,496
1274,1294
1162,1160
1162,1161
1162,1163
1510,189
1510,1490
82,1580
82,1405
82,1449
1273,235
1273,340
1532,1552
1580,565
1580,672
1580,1579
1405,341
1405,1385
1405,1403
1449,147
1449,213
1449,256
83,106
83,126
83,1338
83,368
106,675
126,125
126,366
126,1577
1338,1318
1338,1336
368,261
368,1514
368,1427
84,760
760,1540
85,631
85,780
85,172
85,562
631,586
631,589
631,916
780,779
780,781
780,1517
172,498
172,1517
562,496
562,629
86,392
86,1541
86,1582
392,633
392,611
1541,713
1541,1518
1582,604
1582,738
1582,804
825,782
825,802
825,826
1540,694
1540,1518
88,109
88,805
88,847
805,371
805,480
847,846
847,870
112,111
112,113
112,135
113,114
113,136
114,115
114,137
115,116
115,138
116,117
116,139
117,118
117,140
118,119
118,141
119,120
119,142
120,121
120,143
121,122
121,232
900,877
123,122
123,146
123,1557
101,1118
101,341
101,1313
101,1121
1118,1117
1118,1119
1118,1120
341,1406
1313,1290
1313,1314
1313,1315
1121,321
1121,1100
1121,1119
1074,810
1074,1073
1074,1075
1142,230
1142,321
1142,1122
212,1535
212,1186
103,385
103,1253
385,234
385,384
385,386
1253,1252
1253,1341
1253,1230
104,299
104,409
104,1293
299,297
299,1535
409,626
409,1364
1293,1291
1293,1292
1293,1295
105,474
105,1450
474,428
474,1430
474,1298
1450,193
1450,235
1450,1452
675,282
675,545
675,654
110,111
110,133
110,1131
111,134
111,1283
133,132
133,134
133,156
1131,267
1131,1154
134,135
134,157
1283,1282
1283,1284
135,136
135,158
136,137
136,159
137,138
137,160
138,139
138,161
139,140
139,162
140,141
140,163
141,142
141,164
142,143
143,990
122,164
232,231
232,233
232,1207
164,163
164,187
146,145
146,147
1557,236
1557,1536
1557,1556
124,125
124,1252
124,1357
125,1294
125,475
1252,254
1252,1275
1357,1336
1357,1359
1294,1292
475,1407
475,1427
366,1359
366,1513
366,1427
1577,320
127,169
127,1514
127,1406
127,1513
169,1317
169,1229
1514,278
1406,495
1406,693
1513,323
1513,1493
128,609
128,260
128,173
128,194
609,370
609,413
609,808
260,258
260,586
260,415
173,303
173,218
194,500
194,1493
129,349
129,826
349,348
349,350
349,372
826,240
826,849
130,806
130,913
130,784
130,458
806,196
806,459
806,807
913,912
913,914
913,936
784,873
458,327
458,787
458,633
262,263
262,437
262,1069
132,892
132,1045
892,416
892,891
892,893
1045,176
1045,1022
1045,1044
156,179
156,1067
157,180
157,1259
158,159
158,181
158,1130
159,160
159,182
160,161
160,183
161,162
161,184
162,163
162,185
163,186
990,991
990,1011
990,1013
144,145
144,987
144,1119
144,1034
987,986
1119,1138
1034,384
1034,1035
1034,1054
147,170
147,1402
170,193
1402,1403
148,1491
148,1468
1491,300
1491,324
1491,342
1468,167
1468,1469
149,1578
149,410
149,323
149,1559
1578,237
410,520
410,584
410,412
323,257
323,605
1559,454
1559,606
1559,716
414,216
414,827
414,695
1537,282
1537,495
1537,738
608,455
608,565
608,719
154,155
154,177
154,1154
154,1175
155,178
155,1369
155,1415
177,176
177,178
177,200
1154,483
1154,1155
1175,1152
1175,1176
1175,1198
178,179
178,201
1369,1368
1369,1370
1369,1392
1415,1414
1415,1416
1415,1438
179,180
179,202
1067,1066
1067,1068
1067,1198
180,181
180,203
1259,1258
1259,1238
181,182
181,204
1130,199
1130,1153
182,183
182,205
183,184
183,206
184,185
184,207
185,186
185,208
186,187
186,686
187,210
187,1186
188,166
188,211
188,1013
166,1208
166,1272
1208,275
1208,406
1208,1209
1272,320
1272,1270
167,209
209,208
209,210
209,1230
1227,1228
1227,1247
1317,210
1317,297
1317,340
1229,233
1229,297
1229,1209
193,216
193,588
1581,565
1581,652
499,411
499,413
499,1428
498,430
498,1539
498,1362
1517,520
1517,583
303,280
303,304
303,718
218,217
218,219
218,869
174,175
174,197
174,240
174,477
175,828
175,1024
175,1520
197,176
197,827
197,1066
240,239
240,241
477,719
477,563
828,370
828,829
828,851
1024,525
1024,1001
1520,1519
1520,1521
1520,1543
176,958
958,935
958,957
958,959
200,199
200,201
200,223
201,202
201,224
202,203
202,225
203,204
203,226
204,205
204,227
205,206
205,228
206,207
206,229
207,208
207,967
208,339
686,533
686,597
686,709
210,233
1186,343
1186,427
211,234
1013,425
1013,534
189,1315
189,1141
1315,1295
1315,1314
1141,342
1141,1161
190,191
190,322
190,1249
191,214
191,1446
191,321
322,277
322,1494
322,1403
1249,1248
1249,1250
214,213
214,237
1446,236
1446,1445
1446,1466
321,235
1425,1445
216,217
216,413
588,479
588,917
588,654
500,346
500,611
500,851
195,479
195,718
195,301
195,720
479,412
718,633
301,431
301,453
720,850
720,982
720,853
196,369
196,740
196,391
369,563
369,523
369,1536
740,324
740,697
740,761
391,345
391,697
391,808
827,478
827,763
1066,1043
1066,1065
198,199
198,219
198,980
198,1111
199,1110
219,261
219,915
980,957
980,979
980,981
1111,220
1111,483
1111,1110
1110,1087
1110,1133
223,222
223,224
223,246
224,225
224,247
225,226
225,248
226,227
226,249
227,228
227,250
228,229
228,880
229,230
229,252
967,966
967,968
339,316
339,338
339,340
1230,1228
1230,1250
233,1120
234,1144
234,1184
1535,346
1535,497
213,235
213,390
390,304
390,519
390,653
237,238
237,629
501,478
217,283
217,891
413,676
283,281
283,412
283,348
891,890
891,914
869,284
869,868
869,870
261,781
261,304
915,284
915,656
915,916
220,221
220,241
220,243
221,222
221,265
221,1044
241,871
241,1132
243,242
243,244
243,266
222,244
222,245
265,264
265,266
265,288
1044,1043
1044,1087
244,245
244,1199
245,246
245,268
246,247
246,269
247,248
247,270
248,249
248,271
249,250
249,272
250,273
880,881
880,924
230,231
230,384
252,253
252,773
231,295
231,902
384,383
295,294
295,296
295,512
902,903
902,922
1207,1139
1207,1187
1207,1205
1120,966
1120,1100
1144,362
1144,514
1144,1122
1184,1204
1184,1205
236,1473
236,389
1473,343
1473,716
1473,735
389,280
389,543
238,239
238,676
238,673
629,564
239,543
676,326
676,695
673,455
673,564
543,630
543,719
871,546
871,870
871,872
1132,307
1132,397
1132,1088
242,263
242,395
242,936
263,305
395,372
395,374
395,396
936,741
936,935
266,267
266,289
1199,1198
1199,1200
1199,1222
268,267
268,269
268,291
269,270
269,292
270,271
270,293
271,272
271,294
272,273
272,968
273,274
273,296
274,275
274,579
253,254
253,405
253,1035
773,750
773,774
773,796
254,1079
405,363
405,406
405,491
1035,426
1035,470
1079,382
1079,448
1079,1078
256,258
256,279
258,281
258,566
279,278
279,280
279,302
257,1579
1579,455
1579,1536
281,280
281,388
566,481
566,981
566,761
586,324
586,1452
415,1157
415,1113
415,1089
781,782
781,1583
304,761
437,526
437,1049
437,699
1069,438
1069,962
1069,1068
305,306
305,328
305,849
264,285
264,287
264,482
285,284
285,394
285,480
287,286
287,288
287,310
482,459
482,483
482,505
288,289
288,311
267,290
289,290
289,312
290,291
290,313
291,292
291,314
292,293
292,315
293,294
293,316
294,317
968,969
968,991
296,297
275,276
579,556
579,602
579,819
276,277
276,1166
276,1427
277,278
277,1384
1166,451
1166,493
1166,538
1384,364
1384,584
1384,1295
302,325
302,387
302,1428
388,672
388,453
388,497
282,345
282,565
345,346
412,695
348,325
348,371
284,1026
1026,393
1026,1025
1026,1158
394,371
394,417
394,893
480,917
480,652
286,307
307,306
307,393
310,309
310,311
310,333
311,312
311,334
312,313
312,335
313,314
313,336
314,315
314,337
315,316
315,338
316,317
317,383
512,489
512,511
512,753
298,1275
298,1360
298,1163
1275,582
1275,1254
1360,1318
1360,1359
1360,1361
1163,1182
300,342
300,1407
300,1276
342,407
1407,343
1407,454
1276,538
1276,628
431,429
431,648
453,411
453,1210
325,326
387,386
387,1232
387,1231
761,1583
306,329
306,981
328,327
328,329
328,873
849,807
329,308
329,330
981,526
393,416
393,852
308,309
308,331
308,1306
309,332
309,1416
331,330
331,332
331,354
1306,1305
1306,1307
1306,1329
332,333
332,355
1416,1393
1416,1417
333,334
333,356
334,335
334,357
335,336
335,358
336,337
336,359
337,338
337,360
338,361
383,382
383,1080
318,493
318,469
318,1099
318,1210
493,382
493,1036
469,468
469,1168
469,645
1099,1078
1099,1098
1099,1100
1210,451
1210,1209
319,1232
319,1058
319,1254
1232,536
1232,1211
1058,623
1058,667
1058,1056
1254,1191
1254,1255
320,1448
320,1054
1448,367
1448,520
1054,1053
1054,1055
1494,452
1494,649
1494,1453
1403,1423
605,1342
605,1211
605,1299
326,327
326,764
327,350
764,961
764,785
350,351
350,373
873,872
873,874
330,351
330,353
351,1197
351,1241
353,352
353,354
353,376
354,355
354,377
355,356
355,378
356,357
356,379
357,358
357,380
358,359
358,381
359,360
359,578
360,491
360,710
361,362
361,381
361,881
340,408
408,1190
408,1123
407,580
407,646
343,429
429,1383
429,1146
346,762
762,654
367,454
741,653
741,1114
371,895
372,373
372,1003
373,352
373,374
1197,1153
1197,1220
1241,1218
1241,1242
1241,1264
352,375
352,1000
375,376
375,398
375,1089
1000,977
1000,999
1000,1001
376,377
376,399
377,378
377,400
378,379
378,401
379,380
379,402
380,381
380,403
381,404
578,555
578,776
578,1038
491,490
491,602
710,733
710,755
710,1060
362,1231
362,559
881,882
881,904
1231,449
1231,516
559,452
559,714
559,1169
363,1188
363,1124
363,1233
1188,515
1188,517
1188,646
1124,473
1124,1122
1124,1125
1233,427
1233,472
1233,1213
364,1363
364,1101
364,583
1363,519
1363,539
1363,693
1101,471
1101,557
1101,667
583,712
583,669
1277,430
1277,712
1277,1256
1362,450
1362,451
1359,1361
454,671
563,1429
563,627
523,610
523,632
523,1027
1536,1556
370,587
370,590
587,478
587,653
587,716
590,461
590,502
590,1112
895,635
895,894
895,896
1003,569
1003,613
1003,1002
374,397
374,484
397,398
397,420
484,485
484,505
484,507
398,399
398,421
1089,438
1089,1112
399,400
399,422
400,401
400,423
401,402
401,424
402,403
402,425
403,404
403,708
404,687
1080,626
1080,756
1080,821
386,1100
386,1516
1516,452
1516,671
672,890
672,757
497,540
519,1430
697,481
808,1050
808,1072
633,652
611,461
611,1072
416,438
416,439
852,568
852,786
852,875
417,418
417,1025
417,1027
893,870
893,894
396,419
396,1221
396,1350
419,418
419,420
419,442
1221,1220
1221,1222
1221,1244
1350,1349
1350,1373
420,421
420,443
421,422
421,444
422,423
422,445
423,424
423,446
424,425
424,447
425,601
708,685
708,707
708,709
687,598
687,624
687,820
406,582
406,603
582,1344
582,1452
603,647
603,1123
603,1167
580,513
580,1059
580,1234
646,536
646,734
1190,514
1190,517
1190,1189
1123,450
1123,515
626,1319
1364,494
1364,539
1364,1365
584,1430
695,694
1157,1137
1157,1155
1157,1159
1113,504
1113,698
1113,1114
438,548
439,418
439,440
439,1179
418,441
1025,1002
1025,1068
1027,830
1027,983
441,442
441,464
442,443
442,465
443,444
443,466
444,445
444,467
445,446
445,468
446,447
446,683
447,711
447,994
601,1014
601,1039
601,1061
426,689
426,1187
426,1036
689,800
689,1016
689,1344
1187,1167
1187,1189
1036,450
1036,688
427,1037
1037,428
1037,1014
1037,1060
428,1341
428,1255
1341,537
1341,540
1255,494
1255,688
1383,432
1383,473
1383,1382
1146,470
1146,670
1146,1145
430,494
430,1145
494,558
1145,1147
1145,1167
648,560
648,1562
648,1583
432,1451
432,1539
1451,496
1451,516
1451,539
1539,606
1539,758
785,546
785,763
436,459
436,829
436,809
436,918
459,635
829,766
829,830
809,570
809,679
809,786
918,524
918,811
918,898
526,503
526,549
1049,504
1049,677
1049,698
699,632
699,1094
699,854
548,525
548,571
548,701
440,463
440,1112
440,1375
1179,743
1179,1156
1179,1178
463,462
463,464
463,486
1112,1135
1375,1352
1375,1374
1375,1376
464,465
464,487
465,466
465,488
466,467
466,489
467,468
467,490
468,794
683,660
683,706
711,492
711,733
711,1344
994,993
994,995
994,1017
448,492
448,643
448,665
492,969
492,1082
643,576
643,600
643,1102
665,535
665,642
665,798
449,516
449,623
449,1125
516,1361
623,622
623,624
1125,581
1125,1126
450,515
515,1191
451,1278
1278,1256
1278,1279
1278,1280
452,517
517,606
671,694
671,1343
455,1495
1495,518
1495,649
982,502
982,522
787,788
787,1071
787,942
635,658
635,984
460,481
460,1092
460,1198
460,1155
481,1047
1092,1091
1092,1093
1092,1094
1155,1156
461,939
461,896
939,916
939,938
939,962
896,811
896,919
462,483
462,485
462,1242
485,486
485,508
1242,549
1242,1265
486,487
486,509
487,488
487,510
488,489
488,511
489,490
490,772
794,771
794,795
794,817
1168,1149
1168,1167
1168,1189
645,470
645,1236
645,1057
470,732
732,709
732,755
732,971
471,535
471,1057
535,797
535,995
1057,514
1057,1055
472,1429
472,627
472,518
1429,496
1429,715
627,692
627,1322
518,538
473,692
473,1386
692,1299
692,1322
1386,1385
1430,1431
1298,734
1298,1299
1298,1300
719,568
917,894
917,940
1047,504
1047,1028
1047,1046
505,702
505,1245
507,506
507,508
507,530
508,509
508,531
509,510
509,532
510,511
510,533
511,534
772,749
772,771
772,795
602,625
602,1236
969,970
969,992
1082,513
1082,731
1082,1105
558,1234
558,1256
558,1126
495,1103
495,649
1103,536
1103,600
1103,1081
649,738
540,715
851,763
851,874
502,1090
502,940
1090,1070
1090,1088
1090,1091
940,657
940,963
503,525
503,872
503,959
525,850
872,613
959,612
959,960
504,960
960,677
960,766
702,679
702,725
702,857
1245,1222
1245,1244
1245,1246
506,527
506,529
506,1333
527,528
527,1243
527,1418
529,528
529,530
529,552
1333,723
1333,1310
1333,1506
530,531
530,553
531,532
531,554
532,555
532,1549
533,556
533,620
534,599
534,903
753,730
753,776
753,1017
513,600
513,948
600,820
948,925
948,947
948,949
514,1059
1059,731
1059,1078
1191,536
1191,1062
1361,1382
522,1004
1004,786
1004,983
1004,1005
610,564
610,765
610,1046
632,721
524,723
524,807
524,937
723,746
723,897
807,591
937,589
937,914
937,938
850,568
850,655
549,550
528,551
528,1311
1243,1220
1243,1244
1243,1266
1418,1417
1418,1419
1418,1394
551,550
551,552
551,574
1311,1288
1311,1310
1311,1334
552,553
552,575
553,554
553,576
554,555
554,577
555,556
1549,620
1549,1526
1549,1548
556,973
620,619
620,621
599,576
599,622
599,644
903,904
903,926
797,774
797,796
797,820
995,972
995,1018
537,1015
537,668
537,1279
1015,798
1015,992
1015,1038
668,713
668,1014
668,971
1279,736
1279,1280
539,1319
1319,1320
715,735
715,800
1342,1318
1342,1321
628,714
698,1158
545,916
545,1046
545,1005
1046,1048
1005,721
1005,983
546,656
546,831
656,679
656,789
831,830
831,832
831,964
547,612
547,914
547,700
547,985
612,1202
612,1093
700,678
700,1291
700,1181
985,786
985,962
985,986
571,550
571,572
571,1417
701,724
701,856
701,1156
550,573
573,572
573,574
573,596
574,575
574,597
575,576
577,622
577,642
577,775
973,950
973,972
973,996
557,625
557,729
557,669
625,624
625,670
729,706
729,728
729,752
669,845
669,1038
1234,1257
1234,1235
1256,1258
1126,714
1126,1127
714,560
1169,647
1169,1149
1169,1150
560,801
560,624
801,734
801,1237
1320,691
1320,1343
567,897
567,744
567,1114
897,874
897,920
744,614
744,877
744,1117
1114,743
568,1093
1093,569
569,570
569,592
570,1200
570,1332
592,591
592,593
592,615
1200,657
1200,680
1332,1309
1332,1331
572,593
572,595
1417,596
593,594
593,833
595,594
595,618
595,835
596,597
596,619
597,598
622,621
642,619
642,641
775,752
775,754
775,798
776,777
776,799
1038,1061
819,796
819,818
819,842
581,1366
581,1102
581,1299
1366,1343
1366,1389
1366,1365
1102,604
1102,1081
1344,1367
712,1127
712,1453
758,1235
758,1474
716,736
654,1071
589,677
589,763
677,1091
591,1224
591,1159
1224,634
1224,1223
1159,1160
1159,1161
615,594
615,616
594,617
833,613
833,832
833,834
617,616
617,618
617,640
618,619
618,641
835,640
835,814
835,834
598,621
598,793
621,730
793,770
793,792
793,816
644,709
644,1170
644,1212
820,843
1014,991
1039,1016
1039,1062
1061,1084
1236,1235
1236,1237
647,802
647,1148
604,1431
604,1518
1431,1194
1431,1454
1518,1474
1211,1212
1211,1213
765,721
765,1178
765,1116
1072,1070
1072,1071
1202,678
1202,1201
1202,1203
613,614
614,637
614,1135
637,616
637,638
1135,636
1135,1246
616,639
639,638
639,662
639,1398
640,641
640,663
641,664
730,707
730,731
670,1170
670,1192
1322,733
1322,755
721,962
634,1134
634,961
634,1178
1134,678
1134,1133
1134,1136
961,938
961,984
1178,1177
658,659
658,681
658,746
984,810
984,1007
636,659
636,876
636,1289
659,638
659,660
876,875
876,877
876,1246
1289,1266
1289,1288
1289,1312
638,661
661,660
661,662
661,684
662,663
662,685
1398,1399
663,664
663,1528
664,685
664,752
1170,1345
1170,1150
1212,1213
1212,1214
734,1150
802,779
802,868
1148,688
1148,1147
1148,1149
1562,1542
738,846
1474,1453
1071,1070
655,766
655,853
655,894
766,767
853,742
853,854
679,680
789,788
789,790
789,1030
657,1334
657,1073
1334,855
1073,722
1073,1075
681,660
681,680
681,682
746,769
684,685
684,707
1528,1483
1528,1527
752,751
798,821
666,774
666,974
666,1016
666,1017
774,751
974,951
974,975
974,997
1016,993
667,1104
667,1214
1104,1081
1104,1105
1104,1106
1214,690
1214,1195
713,1321
971,970
971,972
845,822
845,844
845,846
1192,1171
1192,1172
1192,1193
1343,691
890,867
890,889
757,1367
757,1476
757,1127
1091,1070
678,1177
1177,1176
1177,1201
682,705
682,1377
682,1462
705,704
705,706
705,728
1377,810
1377,1354
1462,1461
1462,1551
1462,1441
706,707
688,1189
800,1365
690,1301
690,735
690,1235
1301,1194
1301,1302
1301,1324
735,1147
691,996
996,997
996,1019
1158,742
1158,745
1094,1075
1094,1095
854,855
854,875
1291,1290
1291,1292
1181,1180
1181,1182
724,725
724,1355
856,855
856,857
856,1053
1156,1133
725,704
725,726
857,834
704,727
727,726
727,728
727,750
728,751
733,756
755,1171
1060,799
1060,1083
1127,1147
1453,1476
1321,1300
1321,1323
736,1280
736,1257
722,1203
722,938
722,1136
1203,1201
1203,1204
1136,1137
1136,1138
1355,745
1355,1354
726,749
749,748
749,750
750,751
731,754
754,1018
754,1083
756,779
756,1257
1150,1149
1280,1281
1257,1151
742,1180
742,1068
1180,1182
1180,1201
743,830
743,1007
1007,1030
1007,965
877,878
1117,1115
1117,1116
745,768
745,1244
768,767
768,769
768,791
769,748
769,770
748,771
748,924
771,770
924,925
924,947
1018,1019
1018,1041
1083,1106
1171,1172
779,778
1367,1368
1367,1390
1476,1477
1476,1499
1388,777
1388,1389
1388,1411
1116,1096
1116,1115
767,790
790,791
790,813
791,770
791,792
795,796
795,818
777,778
777,1345
799,822
799,1194
778,1432
778,1215
1345,1368
1345,1326
1432,1433
1432,1455
1215,1195
1215,1213
1215,1216
788,1312
788,899
942,941
942,944
942,963
1312,1139
899,832
899,898
899,919
1030,1031
1030,1010
813,792
813,1421
813,1572
792,815
815,814
815,816
815,838
816,817
816,839
817,818
817,840
818,841
821,822
821,844
1194,1217
1365,1385
1237,1238
868,867
868,1019
1050,1048
1050,1051
811,964
811,878
964,941
964,944
878,855
812,1008
812,1115
812,945
1008,988
1008,1006
1008,1010
1115,1095
945,944
945,965
945,988
1421,1422
1421,1423
1421,1440
1572,1574
814,837
814,1530
837,838
837,860
1530,1511
1530,1531
838,839
838,861
839,840
839,862
840,841
840,863
841,842
841,864
842,843
842,865
843,844
843,866
844,867
1454,1455
1454,1477
832,834
859,860
859,882
860,861
860,883
861,862
861,884
862,863
862,885
863,864
863,886
864,865
864,887
865,866
865,888
866,867
866,889
874,875
1053,1051
1053,1055
882,883
882,905
883,884
883,906
884,885
884,907
885,886
885,908
886,887
886,909
887,888
887,910
888,889
888,911
889,912
1246,1247
904,905
904,927
905,906
905,928
906,907
906,929
907,908
907,930
908,909
908,931
909,910
909,932
910,911
910,933
911,912
911,934
912,935
919,920
919,898
925,926
1551,1552
1551,1553
926,927
926,949
927,928
927,950
928,929
928,951
929,930
929,952
930,931
930,953
931,932
931,954
932,933
932,955
933,934
933,956
934,935
934,957
947,970
949,950
949,972
950,951
951,952
952,953
952,975
953,954
953,976
954,955
954,977
955,956
955,978
956,957
956,979
963,986
963,941
966,1485
970,993
975,976
975,998
976,977
976,999
977,978
978,979
978,1001
979,1002
1485,1484
1485,1464
1485,1465
991,992
992,993
997,998
997,1020
998,999
999,1022
1001,1002
1011,1010
1011,1031
1019,1020
1020,1043
1041,1042
1043,1042
1031,1032
1031,1029
1032,1051
1062,1258
1042,1065
1065,1240
1087,1086
1084,1086
1258,1238
1240,1217
1240,1263
1240,1346
1105,1128
1105,1081
1106,1086
1128,1129
1128,1151
1128,1109
1133,1153
1129,1152
1129,1239
1129,1109
1151,1109
1152,1304
1239,1216
1239,1262
1239,1238
1153,1176
1139,1137
1139,1138
1304,1281
1304,1305
1304,1302
1176,1309
1172,1193
1309,1308
1309,1310
1193,1216
1193,1195
1216,1217
1217,1218
1195,1218
1328,1305
1328,1327
1328,1329
1222,1223
1223,1247
1223,1267
1262,1263
1262,1285
1262,1261
1263,1264
1263,1286
1346,1327
1346,1347
1346,1348
1264,1265
1264,1287
1265,1266
1265,1288
1266,1267
1247,1248
1248,1228
1248,1250
1285,1284
1285,1286
1285,1308
1286,1287
1286,1505
1287,1288
1287,1310
1267,1268
1267,1269
1281,1282
1281,1519
1282,1305
1282,1261
1519,1542
1284,1307
1284,1261
1307,1308
1307,1330
1308,1331
1505,1482
1505,1504
1505,1506
1295,1314
1302,1303
1302,1300
1324,1323
1324,1325
1324,1347
1303,1326
1303,1323
1303,1325
1326,1325
1326,1327
1329,1330
1329,1352
1330,1331
1330,1353
1331,1354
1323,1300
1325,1348
1347,1370
1347,1327
1348,1349
1348,1371
1352,1353
1353,1354
1353,1376
1506,1507
1506,1486
1358,1336
1368,1391
1370,1371
1370,1393
1349,1371
1349,1372
1373,1372
1373,1374
1373,1396
1374,1397
1376,1378
1376,1395
1389,1390
1389,1412
1390,1391
1390,1413
1391,1392
1391,1414
1392,1393
1392,1394
1371,1372
1393,1394
1372,1395
1395,1394
1395,1396
1396,1419
1397,1420
1397,1378
1411,1412
1411,1434
1412,1413
1412,1435
1413,1414
1413,1436
1414,1437
1419,1420
1420,1399
1434,1433
1434,1435
1434,1457
1435,1436
1435,1458
1436,1437
1436,1459
1437,1438
1437,1460
1438,1461
1433,1456
1455,1456
1455,1478
1456,1457
1456,1479
1457,1458
1457,1480
1458,1459
1458,1481
1459,1460
1459,1482
1460,1461
1460,1483
1461,1484
1440,1441
1477,1478
1477,1500
1478,1479
1478,1501
1479,1480
1479,1502
1480,1481
1480,1503
1481,1482
1481,1504
1482,1483
1483,1484
1499,1500
1499,1522
1500,1501
1500,1523
1501,1502
1501,1524
1502,1503
1502,1525
1503,1504
1503,1526
1504,1527
1521,1522
1521,1544
1522,1523
1522,1545
1523,1524
1523,1546
1524,1525
1524,1547
1525,1526
1525,1548
1526,1527
1507,1486
1542,1543
1543,1544
1544,1545
1545,1546
1546,1547
1547,1548
944,965
965,988
983,1006
1006,1028
1006,1029
1028,1029
1028,1048
1029,1048
1055,1056
1078,1098
1086,1088
1088,1109
1095,1096
1096,1098
1137,1138
1160,1161
1204,1205
1209,1228
1268,1269
1268,1270
1268,1290
1269,1270
1290,1292
1378,1380
1380,1382
1380,1399
1422,1423
1422,1441
1441,1464
1464,1465
1464,1466
1465,1466
1486,1487
1490,1511
1511,1531
1552,1553
1552,1554
1553,1554
1554,1556
