0,803
0,1410
0,195
0,1496
803,608
803,804
803,1432
1410,1387
1410,1453
1410,1475
195,562
195,654
195,564
1496,540
1496,1495
1496,1519
1,24
1,131
1,823
1,1040
24,47
24,1063
24,1085
131,110
131,262
131,1023
823,822
823,1301
823,1280
1040,733
1040,1017
1040,1041
2,3
2,25
2,1064
2,1563
3,4
3,26
3,1564
25,48
25,1174
25,1563
1064,1041
1064,1065
1064,1087
1563,1152
1563,1564
4,5
4,27
4,1565
26,49
26,1173
26,1219
1564,45
1564,1565
5,28
5,1351
5,1566
27,28
27,50
27,1196
1565,1542
1565,1566
28,29
28,51
1351,1350
1351,1352
1351,1374
1566,1543
1566,1567
6,7
6,29
6,1439
6,1567
7,8
7,30
7,1568
29,30
29,52
1439,549
1439,1438
1439,1440
1567,1544
1567,1568
8,9
8,31
8,1569
30,31
30,53
1568,1545
1568,1569
9,10
9,32
9,1570
31,54
31,703
1569,1546
1569,1570
10,11
10,1550
10,1571
32,55
32,165
32,879
1570,575
1570,1547
11,747
11,923
11,989
1550,1332
1550,1527
1550,1573
1571,1396
1571,1507
1571,1548
747,724
747,726
747,746
923,230
923,900
923,922
989,34
989,143
989,987
12,836
12,901
12,1442
12,1573
836,837
836,857
836,859
901,925
901,1551
901,880
1442,33
1442,637
1442,1419
1573,122
1573,1397
13,942
13,1097
13,1335
13,1468
942,922
942,941
942,944
1097,1077
1097,1095
1097,1096
1335,14
1335,1312
1335,1358
1468,78
1468,1466
1468,1467
14,943
14,1162
14,1207
943,920
943,966
943,941
1162,1160
1162,1163
1162,1164
1207,232
1207,321
1207,1139
15,1251
15,81
15,1340
15,1357
1251,57
1251,166
1251,1250
81,58
81,82
81,1229
1340,59
1340,212
1340,255
1357,124
1357,812
1357,1356
16,1492
16,103
16,1423
16,431
1492,324
1492,390
1492,412
103,82
103,1362
103,1119
1423,145
1423,1421
1423,1422
431,128
431,172
431,1472
17,452
17,1446
17,1469
17,1358
452,1452
452,474
452,1517
1446,1445
1446,1447
1446,1448
1469,125
1469,1467
1469,1470
1358,102
1358,1381
18,280
18,453
18,1491
18,410
280,279
280,281
280,303
453,1451
453,649
453,1253
1491,342
1491,409
1491,432
410,40
410,562
410,1557
19,474
19,104
19,1493
19,21
474,586
474,1579
104,84
104,498
104,321
1493,168
1493,389
1493,390
21,347
21,1430
21,673
20,564
20,42
20,1363
20,1538
564,435
564,738
42,454
42,825
42,781
1363,517
1363,541
1363,671
1538,323
1538,454
1538,650
347,62
347,698
347,827
1430,519
1430,584
1430,1431
673,43
673,283
673,542
22,783
22,848
22,1023
22,1498
783,283
783,782
783,804
848,263
848,847
848,849
1023,1022
1023,1024
1498,1475
1498,1499
1498,1521
23,46
23,1021
23,1107
23,1260
46,45
46,47
46,69
1021,998
1021,1020
1021,1022
1107,1084
1107,1106
1107,1259
1260,1237
1260,1283
1260,1238
47,48
47,70
1063,1061
1063,1084
1063,1086
1085,1062
1085,1108
1085,1130
48,49
48,71
1174,286
1174,1151
1174,1197
49,50
49,72
1173,1172
1173,1196
1173,1171
1219,286
1219,1218
1219,1220
50,51
50,73
1196,156
1196,1328
51,52
51,74
52,53
52,75
53,54
53,76
54,55
54,77
703,680
703,683
703,704
55,56
55,251
165,142
165,188
165,965
879,684
879,858
879,878
33,858
33,1033
33,1463
858,317
858,859
1033,78
1033,296
1033,1032
1463,441
1463,1440
1463,1484
34,946
34,1356
34,123
946,382
946,947
946,967
1356,1355
1356,1376
123,100
123,122
123,146
35,80
35,1185
35,1443
35,1400
80,1271
80,1557
80,1226
1185,1165
1185,1184
1185,1186
1443,723
1443,987
1443,1420
1400,79
1400,1377
1400,1399
36,1313
36,1249
36,964
36,1534
1313,59
1313,810
1313,1291
1249,1226
1249,1248
1249,1250
964,945
964,965
964,985
1534,344
1534,1532
1534,1533
37,1161
37,1209
37,236
37,1554
1161,1141
1161,1159
1161,1160
1209,38
1209,343
1209,1228
236,169
236,171
236,1383
1554,102
1554,1553
1554,1555
38,1472
38,364
38,257
1472,41
1472,476
364,1515
364,1450
364,473
257,607
257,455
257,321
39,346
39,216
39,1385
39,1383
346,148
346,675
346,456
216,193
216,217
216,826
1385,298
1385,430
1385,583
1383,59
1383,125
40,544
40,497
40,1539
544,566
544,740
544,720
497,105
497,628
497,1470
1539,629
1539,737
1539,780
41,1406
41,628
41,718
1406,606
1406,1386
1406,1405
628,151
628,539
718,43
718,1582
718,1583
454,411
454,583
825,87
825,802
825,826
781,261
781,780
781,782
43,1560
43,608
1560,65
1560,300
1560,430
608,65
608,1536
44,652
44,739
44,1561
44,87
652,172
652,522
652,1582
739,65
739,412
739,741
1561,172
1561,194
1561,433
87,65
87,1541
45,68
45,1475
68,67
68,69
68,91
1475,800
69,70
69,92
70,71
70,93
71,72
71,94
72,73
72,95
73,74
73,96
74,75
74,97
75,76
75,98
76,77
76,99
77,100
77,1509
56,57
56,79
56,1076
251,250
251,252
251,274
57,1508
57,1509
79,102
79,1012
1076,211
1076,275
1076,1074
1508,615
1508,1507
1508,1509
1509,1489
58,1140
58,1292
58,1490
1140,1121
1140,1138
1140,1141
1292,812
1292,1272
1292,1290
1490,190
1490,234
1490,387
59,1143
1143,144
1143,449
1143,1141
60,343
60,1250
60,1183
60,1533
343,1473
343,1294
1250,1269
1183,1164
1183,1181
1183,1184
1533,1532
1533,1535
61,496
61,1403
61,1229
61,430
496,476
496,1167
496,1166
1403,1401
1403,1402
1403,1405
1229,233
1229,297
430,1580
62,1537
62,321
62,500
1537,148
1537,173
1537,235
500,194
500,677
500,697
63,370
63,323
63,1449
63,631
370,171
370,698
370,522
323,1359
323,1535
1449,85
1449,258
1449,407
631,414
631,545
631,763
64,1562
64,521
64,1429
64,650
1562,196
1562,1583
521,127
521,413
521,762
1429,324
1429,409
1429,605
650,193
650,1428
66,67
66,89
66,153
66,824
67,90
67,1108
89,88
89,90
89,112
153,132
153,152
153,805
824,85
824,846
824,1454
90,91
90,113
1108,157
1108,1131
91,92
91,114
92,93
92,115
93,94
93,116
94,95
94,117
95,96
95,118
96,97
96,119
97,98
97,120
98,99
98,121
99,100
99,900
100,900
78,1488
78,1402
1488,1486
1488,1487
1488,1489
1402,1401
1402,1422
102,101
1012,404
1012,450
1012,1011
1271,211
1271,1269
1271,1270
1557,126
1557,342
1226,1225
1226,1206
82,1580
82,1555
1580,519
1580,672
1555,1553
1555,1556
83,106
83,126
83,434
83,345
106,107
106,586
106,1536
126,125
126,1339
434,214
434,325
434,784
345,171
345,413
345,1494
84,565
84,169
84,239
565,304
565,411
565,478
169,1516
169,1227
239,238
239,240
239,520
85,129
85,606
129,173
129,1517
129,432
606,717
606,780
86,457
86,629
86,541
86,217
457,742
457,806
457,477
629,1364
629,630
541,170
541,477
217,218
217,501
1541,713
1541,737
1541,1542
88,109
88,805
88,847
109,108
109,738
109,1497
805,150
805,371
847,846
847,870
112,111
112,113
112,135
113,114
113,136
114,115
114,137
115,116
115,138
116,117
116,139
117,118
117,140
118,119
118,141
119,120
119,142
120,121
120,143
121,122
121,232
900,877
101,1422
101,1444
101,1139
1422,1421
1444,1424
1444,1425
1444,1445
1139,1312
1139,1137
1362,212
1362,277
1362,517
1119,1117
1119,1118
1119,1120
498,282
498,365
498,1364
105,388
105,1341
105,1513
388,344
388,1515
388,587
1341,407
1341,540
1341,1253
1513,189
1513,1471
1513,1511
107,108
107,367
107,715
586,282
586,784
1536,215
1536,455
108,588
108,456
367,1582
367,412
367,1494
715,1495
715,868
715,1300
588,282
588,415
588,721
456,192
456,344
738,152
738,412
1497,669
1497,1453
1497,1540
110,111
110,133
110,1131
111,134
111,1283
133,132
133,134
133,156
1131,267
1131,1154
134,135
134,157
1283,1282
1283,1284
135,136
135,158
136,137
136,159
137,138
137,160
138,139
138,161
139,140
139,162
140,141
140,163
141,142
141,164
142,143
143,990
122,164
232,231
232,233
164,163
164,187
146,145
146,147
146,1404
124,125
124,1252
124,341
1252,254
1252,1253
1252,1275
341,1272
341,427
341,1360
1339,319
1339,1337
1339,1338
127,522
127,1360
127,259
522,543
1360,189
1360,1361
259,499
259,741
259,1581
128,630
128,762
128,518
630,391
630,1495
762,607
762,716
518,1451
518,648
518,1210
173,479
173,1581
1517,477
1517,1453
432,1317
432,1361
130,806
130,913
130,435
130,543
806,459
806,807
913,912
913,914
913,936
435,828
435,502
543,304
543,675
262,263
262,437
262,807
132,892
132,1045
892,416
892,891
892,893
1045,176
1045,1022
1045,1044
156,179
156,1067
157,180
157,1259
158,159
158,181
158,1130
159,160
159,182
160,161
160,183
161,162
161,184
162,163
162,185
163,186
990,991
990,1011
990,1013
144,145
144,987
144,1552
145,1121
987,986
1552,789
1552,1529
1552,1553
1121,1101
1121,1122
147,170
147,1318
147,189
1404,149
1404,212
1404,1381
170,151
170,193
1318,472
1318,1316
1318,1338
189,945
148,1516
148,1558
1516,368
1516,759
1558,237
1558,409
1558,1556
149,542
149,368
149,609
542,194
542,260
368,261
368,1427
609,150
609,283
609,391
150,478
150,694
478,174
478,303
694,324
694,1409
694,1474
151,152
151,458
152,804
458,327
458,392
458,787
804,1518
154,155
154,177
154,1154
154,1175
155,178
155,1369
155,1415
177,176
177,178
177,200
1154,483
1154,1155
1175,1152
1175,1176
1175,1198
178,179
178,201
1369,1368
1369,1370
1369,1392
1415,1414
1415,1416
1415,1438
179,180
179,202
1067,1066
1067,1068
1067,1198
180,181
180,203
1259,1258
1259,1238
181,182
181,204
1130,199
1130,1153
182,183
182,205
183,184
183,206
184,185
184,207
185,186
185,208
186,187
186,686
187,210
187,382
188,166
188,211
188,1013
965,945
965,985
166,1208
166,234
1208,275
1208,299
1208,300
234,211
234,1187
167,209
167,1447
167,1336
167,1142
209,208
209,210
209,1057
1447,1445
1447,1448
1336,1315
1336,1334
1336,1337
1142,1122
1142,1141
1142,1144
168,365
168,299
168,1230
365,604
365,476
299,1319
299,386
1230,408
1230,471
1230,1228
1227,1228
1227,1247
1227,1248
193,369
171,1470
1470,1450
172,433
433,501
433,696
479,303
479,611
479,499
1581,258
1581,696
174,175
174,197
174,240
175,828
175,1024
175,1520
197,176
197,827
197,1066
240,241
240,826
828,829
828,851
1024,525
1024,1001
1520,1519
1520,1521
1520,1543
176,958
958,935
958,957
958,959
200,199
200,201
200,223
201,202
201,224
202,203
202,225
203,204
203,226
204,205
204,227
205,206
205,228
206,207
206,229
207,208
207,967
208,339
686,533
686,597
686,709
210,233
210,1317
382,318
382,383
1013,425
1013,534
945,944
190,191
190,322
190,1314
191,214
191,1579
191,1295
322,1494
322,1559
322,1450
1314,1291
1314,1293
1314,1294
214,213
214,237
1579,255
1579,540
1295,1384
1295,1231
1295,1293
192,455
192,1514
192,1297
455,499
1514,519
1514,1471
1514,1512
1297,362
1297,581
1297,1298
369,872
369,390
369,414
194,1450
562,237
562,735
654,612
654,1136
654,740
196,587
196,1582
196,651
587,475
587,651
651,653
651,1452
827,760
827,939
1066,1043
1066,1065
198,199
198,219
198,980
198,1111
199,1110
219,218
219,261
219,915
980,957
980,979
980,981
1111,220
1111,483
1111,1110
1110,1087
1110,1133
223,222
223,224
223,246
224,225
224,247
225,226
225,248
226,227
226,249
227,228
227,250
228,229
228,880
229,230
229,252
967,966
967,968
339,316
339,338
339,340
1057,513
1057,688
1057,1037
233,1120
1317,297
1317,340
212,1184
1184,1165
213,235
213,324
213,389
235,1273
235,254
389,1448
389,1535
237,238
215,1515
215,392
215,585
1515,520
392,763
392,1004
585,281
585,1453
585,1540
826,849
218,869
218,260
501,717
501,678
869,284
869,868
869,870
260,349
260,520
261,481
915,284
915,656
915,916
220,221
220,241
220,243
221,222
221,265
221,1044
241,871
241,1132
243,242
243,244
243,266
222,244
222,245
265,264
265,266
265,288
1044,1043
1044,1087
244,245
244,1199
245,246
245,268
246,247
246,269
247,248
247,270
248,249
248,271
249,250
249,272
250,273
880,881
880,924
230,231
230,1078
252,253
252,773
231,295
231,902
1078,276
1078,473
1078,1058
295,294
295,296
295,512
902,903
902,922
902,944
1120,966
1120,1118
1187,1186
1187,1188
1187,1189
1273,340
1273,386
1273,1296
254,253
254,255
238,302
238,301
302,279
302,325
302,387
301,1559
301,477
301,1296
520,1583
871,546
871,870
871,872
1132,307
1132,397
1132,1109
242,263
242,395
242,936
263,305
395,372
395,374
395,396
936,546
936,935
266,267
266,289
1199,1198
1199,1200
1199,1222
268,267
268,269
268,291
269,270
269,292
270,271
270,293
271,272
271,294
272,273
272,968
273,274
273,296
274,275
274,579
253,405
253,1053
773,750
773,774
773,796
405,491
405,515
405,426
1053,856
1053,1051
1053,1054
255,256
256,258
256,279
256,342
258,281
279,278
342,408
607,1408
607,740
281,283
499,675
741,676
741,1092
349,348
349,350
349,372
481,590
481,700
481,1089
437,526
437,808
437,809
807,524
807,591
305,306
305,328
305,849
264,285
264,287
264,482
285,284
285,394
285,1198
287,286
287,288
287,310
482,459
482,483
482,505
288,289
288,311
267,290
289,290
289,312
290,291
290,313
291,292
291,314
292,293
292,315
293,294
293,316
294,317
968,969
968,991
296,297
275,276
579,556
579,602
579,819
276,277
276,1427
277,278
277,1384
1427,278
1427,411
278,475
1384,384
1384,584
475,1342
475,692
303,304
282,672
672,670
672,890
284,1026
1026,393
1026,1025
1026,1158
394,371
394,417
394,893
286,307
307,306
307,393
310,309
310,311
310,333
311,312
311,334
312,313
312,335
313,314
313,336
314,315
314,337
315,316
315,338
316,317
317,383
512,489
512,511
512,753
297,450
450,1144
450,1342
298,1055
298,1035
298,366
1055,1054
1055,1056
1055,1075
1035,361
1035,688
1035,1034
366,1274
366,561
366,1577
1319,406
1319,1296
1319,1320
386,385
386,387
300,1556
300,1535
1556,1575
1559,1578
1296,319
325,326
325,348
387,1359
304,716
716,782
716,1518
306,329
306,981
328,327
328,329
328,873
849,545
329,308
329,330
981,391
981,526
393,416
393,852
308,309
308,331
308,1306
309,332
309,1416
331,330
331,332
331,354
1306,1305
1306,1307
1306,1329
332,333
332,355
1416,1393
1416,1417
333,334
333,356
334,335
334,357
335,336
335,358
336,337
336,359
337,338
337,360
338,361
383,384
383,1080
318,580
318,385
318,1059
580,470
580,1276
580,1146
385,384
385,1233
1059,645
1059,1058
1059,1079
319,1316
319,1098
1316,408
1316,1315
1098,362
1098,1077
1098,1099
320,1448
320,494
320,1054
320,1382
494,1407
494,971
494,1191
1054,1034
1382,408
1382,1361
1382,1380
1494,649
1359,344
1359,1338
326,327
326,589
326,545
348,371
348,566
327,350
589,699
589,851
589,676
545,1069
350,351
350,373
873,480
873,697
873,874
330,351
330,353
351,1197
351,1241
353,352
353,354
353,376
354,355
354,377
355,356
355,378
356,357
356,379
357,358
357,380
358,359
358,381
359,360
359,578
360,491
360,710
361,381
361,881
340,1166
1166,560
1166,1146
1272,1270
1272,1274
427,623
427,624
427,1210
1473,516
1473,691
1473,714
1294,1293
1294,1315
413,632
413,414
675,695
698,567
698,983
371,895
566,391
566,717
372,373
372,1003
373,352
373,374
1197,1153
1197,1220
1241,1218
1241,1242
1241,1264
352,375
352,1000
375,376
375,398
375,1089
1000,977
1000,999
1000,1001
376,377
376,399
377,378
377,400
378,379
378,401
379,380
379,402
380,381
380,403
381,404
578,555
578,776
578,1038
491,490
491,602
710,733
710,755
710,1060
881,882
881,904
362,557
362,1144
557,625
557,729
557,1167
1144,363
363,1011
363,429
363,1056
1011,1010
429,1123
429,1364
429,472
1056,448
1056,1058
473,1276
473,713
604,471
604,1451
604,1540
476,1452
1274,515
1274,1231
561,1231
561,1189
561,1409
1577,1575
1577,1576
1577,1578
872,503
872,613
390,760
414,719
895,635
895,894
895,896
1003,569
1003,613
1003,1002
374,397
374,484
397,398
397,420
484,485
484,505
484,507
398,399
398,421
1089,438
1089,1112
399,400
399,422
400,401
400,423
401,402
401,424
402,403
402,425
403,404
403,708
404,687
384,1277
1080,406
1080,538
1080,756
1277,514
1277,668
1277,690
1233,406
1233,471
1233,1212
760,696
760,740
763,415
763,761
1004,633
1004,983
1004,1005
416,438
416,439
852,653
852,875
852,854
417,418
417,1025
417,1091
893,870
893,894
396,419
396,1221
396,1350
419,418
419,420
419,442
1221,1220
1221,1222
1221,1244
1350,1349
1350,1373
420,421
420,443
421,422
421,444
422,423
422,445
423,424
423,446
424,425
424,447
425,601
708,685
708,707
708,709
687,598
687,624
687,820
515,731
515,646
426,1102
426,1103
426,1211
406,1034
1034,1036
407,470
407,1407
470,1189
470,1104
1407,647
1407,759
409,1276
1276,558
411,1451
632,568
632,938
632,761
719,653
719,674
719,695
415,634
415,610
634,917
634,764
634,1070
610,590
610,850
610,830
438,548
438,657
439,418
439,440
439,1179
418,441
1025,1002
1025,1068
1091,722
1091,765
1091,810
441,442
441,464
442,443
442,465
443,444
443,466
444,445
444,467
445,446
445,468
446,447
446,683
447,711
447,994
601,1014
601,1039
601,1061
1102,469
1102,1100
1102,1101
1103,451
1103,516
1103,539
1211,582
1211,648
1211,1190
623,622
623,624
623,712
624,625
1210,603
1210,648
428,1168
428,559
428,1167
428,1254
1168,560
1168,1146
1168,1169
559,644
559,1408
559,688
1167,469
1254,581
1254,1191
1254,1275
1123,516
1123,667
1123,1122
1364,671
472,449
472,1278
1361,1381
696,808
784,567
784,765
502,436
502,809
502,523
436,459
436,829
436,940
459,635
829,766
829,830
940,743
940,917
940,963
526,503
526,549
808,567
808,1027
809,1204
809,1180
548,525
548,571
548,701
657,1200
657,984
657,1268
440,463
440,1112
440,1375
1179,742
1179,1156
1179,1178
463,462
463,464
463,486
1112,1135
1112,1088
1375,1352
1375,1374
1375,1376
464,465
464,487
465,466
465,488
466,467
466,489
467,468
467,490
468,469
468,794
683,660
683,706
711,492
711,733
711,1344
994,993
994,995
994,1017
448,492
448,643
448,665
492,969
492,1082
643,576
643,600
643,732
665,535
665,642
665,798
449,1188
449,1145
1188,1186
1188,1190
1145,493
1145,514
1145,1125
1342,648
1342,1365
451,669
451,493
451,1147
669,845
669,1365
493,1253
493,1104
1147,537
1147,1127
1147,1146
1452,560
649,626
649,1495
583,714
583,1431
742,697
742,918
787,504
787,788
787,1178
635,658
635,1090
460,568
460,1113
460,896
460,1158
568,1006
568,1134
1113,504
1113,1090
1113,1114
896,720
896,919
1158,745
1158,1138
461,1048
461,937
461,1223
461,700
1048,677
1048,788
1048,832
937,524
937,914
937,938
1223,1222
1223,1224
1223,1225
700,1334
700,1047
462,483
462,485
462,1242
485,486
485,508
1242,549
1242,1265
486,487
486,509
487,488
487,510
488,489
488,511
489,490
490,772
469,536
794,771
794,795
794,817
536,1124
536,1100
536,1232
1189,537
1104,714
1104,1105
471,1234
1234,692
1234,1257
1234,1235
1278,495
1278,755
1278,1255
713,537
713,668
692,563
692,1343
611,917
611,1115
611,1071
480,1114
480,984
480,1047
1114,1090
1114,1115
984,961
984,1007
1047,523
1047,678
590,1006
590,918
505,702
505,1245
507,506
507,508
507,530
508,509
508,531
509,510
509,532
510,511
510,533
511,534
772,749
772,771
772,795
602,625
602,691
969,970
969,992
1082,513
1082,667
1082,1105
971,538
971,970
971,972
1191,1062
1191,1171
495,1471
495,1365
495,538
1471,563
1365,1386
538,1148
677,1046
677,1093
697,695
717,1583
678,850
678,744
523,761
523,1046
503,525
503,959
525,850
959,612
959,960
504,722
504,853
722,1267
722,1028
853,636
853,655
853,854
702,679
702,725
702,857
1245,1222
1245,1244
1245,1246
506,527
506,529
506,1333
527,528
527,1243
527,1418
529,528
529,530
529,552
1333,723
1333,1310
1333,1506
530,531
530,553
531,532
531,554
532,555
532,1549
533,556
533,620
534,599
534,903
753,730
753,776
753,1017
513,600
513,948
600,820
600,1036
948,925
948,947
948,949
514,1015
514,1148
1015,798
1015,992
1015,1038
1148,537
1148,690
731,730
731,754
731,1081
646,688
646,996
646,1258
516,690
690,1038
517,1409
517,563
1409,1386
563,627
519,736
736,1257
736,1323
736,1321
761,676
1046,569
1046,721
524,723
524,916
723,746
916,831
916,939
850,655
549,550
528,551
528,1464
1243,1220
1243,1244
1243,1266
1418,1417
1418,1419
1418,1394
551,550
551,552
551,574
1464,1441
1464,1465
1464,1466
552,553
552,575
553,554
553,576
554,555
554,577
555,556
1549,620
1549,1526
1549,1548
556,973
620,619
620,621
599,576
599,622
599,644
903,904
903,926
535,797
535,995
535,1081
797,774
797,796
797,820
995,972
995,1018
1081,1079
1081,1101
1124,1122
1124,1125
1124,1126
1100,1099
1100,1101
1232,558
1232,584
1232,1212
539,1322
539,1387
1322,759
1322,1321
1322,1323
1387,1386
1387,1433
540,1428
1428,582
1428,1426
720,785
720,1070
1069,962
1069,1068
1069,1071
546,656
546,831
656,679
656,789
831,830
831,832
547,612
547,914
547,1028
547,1134
612,1202
914,891
1028,764
1028,1008
1134,567
1134,1133
571,550
571,572
571,1417
701,724
701,856
701,1156
550,573
573,572
573,574
573,596
574,575
574,597
575,576
577,622
577,642
577,775
973,950
973,972
973,996
625,627
729,706
729,728
729,752
558,689
558,1321
689,800
689,1016
689,1344
1321,1300
644,709
644,1170
1408,605
1408,693
560,670
670,757
670,1169
1231,1255
735,1083
735,1299
735,1280
627,1366
627,1343
1006,786
1006,1005
569,570
569,592
570,1200
570,1332
570,1049
592,591
592,593
592,615
1200,680
1332,1309
1332,1331
1049,633
1049,1027
1049,1029
572,593
572,595
1417,596
593,594
593,833
595,594
595,618
595,835
596,597
596,619
597,598
622,621
642,619
642,641
775,752
775,754
775,798
776,777
776,799
1038,1061
819,796
819,818
819,842
581,668
581,1190
668,1014
1190,667
582,1275
582,1344
1275,647
1344,1367
714,1235
1431,1194
1431,1454
584,1474
1474,605
1474,734
1540,759
721,1071
721,982
699,832
699,788
699,1157
851,633
851,874
676,1071
918,898
918,899
591,1116
591,960
1116,1115
1116,1117
1116,1118
960,766
960,785
615,594
615,616
594,617
833,613
833,812
833,834
617,616
617,618
617,640
618,619
618,641
835,640
835,814
835,834
598,621
598,793
621,730
793,770
793,792
793,816
820,843
1036,799
1036,1037
1014,991
1014,1037
1039,626
1039,1016
1039,1062
1061,1084
691,1192
691,1193
603,647
603,1320
603,1192
647,802
1320,605
1320,1343
1192,645
1192,1172
780,779
830,679
917,894
1115,1095
1202,1201
1202,1203
1202,1204
613,614
614,637
614,744
614,1135
637,616
637,638
744,877
744,1092
1135,636
1135,1246
616,639
639,638
639,662
639,1398
640,641
640,663
641,664
730,707
712,1126
712,1298
712,1279
626,1298
626,1236
1298,1256
1236,1235
1236,1237
1236,1238
1366,758
1366,1343
1366,1389
938,939
938,961
633,1068
764,1136
764,1005
1070,785
1070,1050
658,659
658,681
658,746
1090,1088
636,659
636,1289
659,638
659,660
1289,1266
1289,1288
1289,1312
638,661
661,660
661,662
661,684
662,663
662,685
1398,1378
1398,1379
1398,1399
663,664
663,1528
664,685
664,752
732,709
732,755
732,778
1170,1345
1170,1150
1170,1169
645,1299
645,1125
1299,671
1299,734
1125,1127
996,997
996,1019
1258,800
1258,1062
802,779
802,868
653,982
982,961
982,983
1136,810
1136,1117
655,766
655,894
766,767
679,680
789,788
789,790
1268,1267
1268,1269
1268,1270
681,660
681,680
681,682
746,769
684,685
684,707
1528,1483
1528,1527
1528,1507
752,751
798,821
666,774
666,974
666,1016
666,1017
774,751
974,951
974,975
974,997
1016,993
667,1149
1149,1127
1149,1150
1149,1151
845,822
845,844
845,846
757,1367
757,1476
757,1126
1169,1150
671,1279
1279,1255
1279,1256
890,867
890,889
890,891
674,693
674,737
674,695
693,891
693,1518
737,758
1093,786
1093,1072
1093,1073
682,705
682,1377
682,1462
705,704
705,706
705,728
1377,1354
1377,1376
1462,1461
1462,1551
1462,1441
706,707
800,1193
1193,1216
1193,1172
1518,782
983,785
832,834
1157,1137
1157,1155
1157,1159
1334,855
1334,1311
724,725
724,1355
856,855
856,857
1156,1133
1156,1155
725,704
725,726
857,834
704,727
727,726
727,728
727,750
728,751
733,756
755,1171
1060,799
1060,1037
1060,1083
1126,801
1235,1237
868,867
1300,1256
1300,1302
1267,1266
1267,1247
1355,745
1355,1354
726,749
749,748
749,750
750,751
754,1018
754,1083
778,777
778,779
778,1432
756,779
756,1257
734,1280
734,1084
1280,1281
1083,1106
1257,1151
1323,1324
1323,1303
758,1388
758,1213
1092,765
1092,1072
743,898
743,1007
743,1224
898,897
898,899
1007,812
1007,1030
1224,1225
1224,1205
877,876
877,878
745,768
745,1244
768,767
768,769
768,791
769,748
769,770
748,771
748,924
771,770
924,925
924,947
1018,1019
1018,1041
1171,1172
1367,1368
1367,1390
1476,801
1476,1477
1476,1499
1388,777
1388,1389
1388,1411
1213,1212
1213,1214
1213,1215
1005,1027
765,1137
1137,1138
767,790
767,1094
790,791
790,813
1094,811
1094,1095
1094,1096
791,770
791,792
795,796
795,818
777,1345
799,822
1345,1368
1345,1326
1432,1433
1432,1455
786,962
786,1178
962,939
962,985
1178,1177
813,792
813,1075
813,1441
792,815
815,814
815,816
815,838
816,817
816,839
817,818
817,840
818,841
821,822
821,844
821,1411
801,1237
801,846
1027,1029
1204,1203
1204,1205
1180,1160
1180,1181
1180,1182
810,854
854,855
811,1052
811,1182
811,1510
1052,1032
1052,1050
1052,1051
1182,1163
1182,1181
1510,1489
1510,1511
1510,1512
1075,1073
1075,1074
1441,1465
814,837
814,1551
837,838
837,860
1551,1529
838,839
838,861
839,840
839,862
840,841
840,863
841,842
841,864
842,843
842,865
843,844
843,866
844,867
1411,1412
1411,1434
1301,1194
1301,1302
1301,1324
1454,1455
1454,1477
859,860
859,882
860,861
860,883
861,862
861,884
862,863
862,885
863,864
863,886
864,865
864,887
865,866
865,888
866,867
866,889
874,875
874,897
875,876
875,897
855,878
878,876
882,883
882,905
883,884
883,906
884,885
884,907
885,886
885,908
886,887
886,909
887,888
887,910
888,889
888,911
889,912
897,920
876,1246
1246,1247
904,905
904,927
905,906
905,928
906,907
906,929
907,908
907,930
908,909
908,931
909,910
909,932
910,911
910,933
911,912
911,934
912,935
919,920
919,899
919,921
920,921
925,926
922,921
926,927
926,949
927,928
927,950
928,929
928,951
929,930
929,952
930,931
930,953
931,932
931,954
932,933
932,955
933,934
933,956
934,935
934,957
921,899
947,970
949,950
949,972
950,951
951,952
952,953
952,975
953,954
953,976
954,955
954,977
955,956
955,978
956,957
956,979
961,941
963,986
963,941
963,944
966,1485
970,993
975,976
975,998
976,977
976,999
977,978
978,979
978,1001
979,1002
985,986
986,1009
1485,1484
1485,1486
1485,1487
991,992
992,993
997,998
997,1020
998,999
999,1022
1001,1002
1009,1010
1009,988
1009,1008
1019,1020
1019,1042
1020,1043
1030,1031
1030,988
1030,1029
1010,988
1010,1008
1041,1042
1043,1042
1031,1032
1031,1029
1031,1050
1032,1051
1042,1065
1065,1240
1087,1086
1240,1217
1240,1263
1240,1346
1105,1128
1105,1106
1106,1086
1128,1129
1128,1151
1128,1109
1133,1153
1129,1152
1129,1239
1129,1109
1152,1304
1239,1216
1239,1262
1239,1238
1153,1176
1312,1290
1304,1281
1304,1305
1304,1302
1176,1177
1176,1309
1155,1177
1177,1201
1309,1308
1309,1310
1216,1217
1216,1215
1194,1217
1194,1195
1217,1218
1195,1218
1195,1214
1195,1215
1328,1305
1328,1327
1328,1329
1225,1206
1262,1263
1262,1285
1262,1261
1263,1264
1263,1286
1346,1327
1346,1347
1346,1348
1264,1265
1264,1287
1265,1266
1265,1288
1247,1248
1248,1228
1285,1284
1285,1286
1285,1308
1286,1287
1286,1505
1287,1288
1287,1310
1288,1311
1281,1282
1281,1519
1282,1305
1282,1261
1519,1542
1284,1307
1284,1261
1307,1308
1307,1330
1308,1331
1505,1482
1505,1504
1505,1506
1310,1311
1311,1290
1302,1303
1324,1325
1324,1347
1303,1326
1303,1261
1326,1325
1326,1327
1329,1330
1329,1352
1330,1331
1330,1353
1331,1354
1325,1348
1325,1327
1347,1370
1347,1348
1348,1349
1352,1353
1353,1354
1353,1376
1506,1507
1506,1486
1368,1391
1370,1371
1370,1393
1349,1371
1349,1372
1373,1372
1373,1374
1373,1396
1374,1397
1381,1379
1389,1390
1389,1412
1390,1391
1390,1413
1391,1392
1391,1414
1392,1393
1392,1371
1371,1372
1393,1394
1372,1395
1395,1394
1395,1396
1395,1440
1396,1419
1397,1420
1397,1378
1412,1413
1412,1435
1413,1414
1413,1436
1414,1437
1394,1440
1419,1420
1420,1421
1434,1433
1434,1435
1434,1457
1435,1436
1435,1458
1436,1437
1436,1459
1437,1438
1437,1460
1438,1461
1433,1456
1455,1456
1455,1478
1456,1457
1456,1479
1457,1458
1457,1480
1458,1459
1458,1481
1459,1460
1459,1482
1460,1461
1460,1483
1461,1484
1477,1478
1477,1500
1478,1479
1478,1501
1479,1480
1479,1502
1480,1481
1480,1503
1481,1482
1481,1504
1482,1483
1483,1484
1499,1500
1499,1522
1500,1501
1500,1523
1501,1502
1501,1524
1502,1503
1502,1525
1503,1504
1503,1526
1504,1527
1521,1522
1521,1544
1522,1523
1522,1545
1523,1524
1523,1546
1524,1525
1524,1547
1525,1526
1525,1548
1526,1527
1542,1543
1543,1544
1544,1545
1545,1546
1546,1547
1547,1548
988,1008
1050,1051
1058,1079
1072,1073
1072,1074
1073,1074
1077,1096
1077,1099
1079,1099
1086,1088
1088,1109
1095,1096
1117,1118
1127,1150
1138,1159
1159,1160
1163,1164
1163,1165
1164,1165
1181,1201
1186,1206
1201,1203
1203,1205
1205,1206
1212,1214
1214,1215
1255,1256
1269,1270
1290,1291
1291,1293
1315,1337
1337,1338
1378,1379
1378,1380
1379,1380
1380,1399
1399,1401
1401,1421
1405,1425
1405,1426
1424,1425
1424,1426
1424,1445
1425,1426
1465,1466
1465,1467
1466,1467
1486,1487
1487,1489
1511,1512
1511,1530
1512,1531
1529,1530
1529,1531
1530,1531
1530,1532
1531,1532
1553,1572
1572,1574
1574,1575
1574,1576
1575,1576
1576,1578
