0,735
0,1583
0,1367
0,196
735,712
735,1063
735,1320
1583,761
1583,804
1583,1518
1367,1344
1367,1368
1367,1390
196,195
196,589
196,631
1,24
1,131
1,823
1,1040
24,47
24,1063
24,1085
131,110
131,262
131,1023
823,87
823,822
823,1280
1040,996
1040,1017
1040,1041
2,3
2,25
2,1064
2,1563
3,4
3,26
3,1564
25,48
25,1174
25,1563
1064,1041
1064,1065
1064,1087
1563,1152
1563,1564
4,5
4,27
4,1565
26,49
26,1173
26,1219
1564,45
1564,1565
5,28
5,1351
5,1566
27,28
27,50
27,1196
1565,1542
1565,1566
28,29
28,51
1351,1350
1351,1352
1351,1374
1566,1543
1566,1567
6,7
6,29
6,1439
6,1567
7,8
7,30
7,1568
29,30
29,52
1439,549
1439,1438
1439,1440
1567,1544
1567,1568
8,9
8,31
8,1569
30,31
30,53
1568,1545
1568,1569
9,10
9,32
9,1570
31,54
31,703
1569,1546
1569,1570
10,11
10,1550
10,1571
32,55
32,165
32,879
1570,575
1570,1547
11,747
11,923
11,989
1550,1332
1550,1527
1550,1573
1571,1396
1571,1507
1571,1548
747,724
747,726
747,746
923,143
923,230
923,900
989,167
989,987
989,1055
12,836
12,901
12,1442
12,1573
836,837
836,857
836,859
901,880
901,925
901,1033
1442,33
1442,637
1442,1419
1573,1397
1573,1553
13,1400
13,1121
13,1338
13,1468
1400,35
1400,79
1400,1377
1121,255
1121,408
1121,1100
1338,1336
1338,1337
1338,1339
1468,148
1468,168
1468,1466
14,80
14,1443
14,34
14,1531
80,1357
80,386
80,1253
1443,35
1443,942
1443,1420
34,946
34,1356
34,209
1531,167
1531,1512
1531,1529
15,1251
15,1357
15,1271
15,1535
1251,57
1251,166
1251,212
1357,855
1357,1337
1271,964
1271,1269
1271,1270
1535,124
1535,364
1535,367
16,386
16,38
16,1359
16,1428
386,385
386,387
38,212
38,258
38,1358
1359,301
1359,1340
1359,1360
1428,85
1428,496
1428,1426
17,1403
17,84
17,1581
17,1382
1403,39
1403,103
1403,1401
84,128
84,1451
84,760
1581,431
1581,606
1581,629
1382,323
1382,1380
1382,1381
18,148
18,628
18,1514
18,322
148,62
148,1318
628,345
628,1562
628,1277
1514,477
1514,1512
1514,1515
322,83
322,190
322,1494
19,671
19,1582
19,694
19,346
671,63
671,1254
671,757
1582,44
1582,412
1582,1518
694,194
694,631
694,693
346,126
346,149
346,280
20,108
20,1497
20,714
20,1495
108,109
108,585
108,195
1497,583
1497,759
1497,803
714,539
714,1476
714,1062
1495,626
1495,649
1495,1496
21,283
21,109
21,1518
21,1431
283,281
283,721
283,938
109,88
109,218
1518,629
1431,1194
1431,1430
1431,1454
22,783
22,848
22,1023
22,1498
783,390
783,782
783,804
848,263
848,847
848,849
1023,1022
1023,1024
1498,1475
1498,1499
1498,1521
23,46
23,1021
23,1107
23,1260
46,45
46,47
46,69
1021,998
1021,1020
1021,1022
1107,1084
1107,1106
1107,1259
1260,1237
1260,1283
1260,1238
47,48
47,70
1063,1061
1063,1042
1085,1062
1085,1108
1085,1130
48,49
48,71
1174,1151
1174,1197
1174,1172
49,50
49,72
1173,1172
1173,1196
1173,1171
1219,286
1219,1218
1219,1220
50,51
50,73
1196,156
1196,1328
51,52
51,74
52,53
52,75
53,54
53,76
54,55
54,77
703,680
703,683
703,704
55,56
55,251
165,142
165,187
165,188
879,684
879,858
879,878
33,858
33,1033
33,1463
858,317
858,859
1033,145
1033,296
1463,441
1463,1440
1463,1484
946,382
946,947
946,967
1356,876
1356,1355
1356,1336
209,167
209,208
209,210
35,1185
35,58
1185,144
1185,253
1185,1165
58,81
58,1296
58,1360
36,1379
36,1074
36,320
36,1556
1379,854
1379,988
1379,1378
1074,810
1074,1053
1074,1073
320,538
320,1102
320,1187
1556,301
1556,367
1556,1555
37,1361
37,1184
37,1228
37,298
1361,83
1361,127
1361,1360
1184,190
1184,1164
1184,1165
1228,1226
1228,1227
1228,1229
298,430
298,1054
298,1189
212,166
212,1381
258,256
258,281
258,365
1358,898
1358,1335
1358,1381
39,542
39,1404
39,236
542,105
542,366
542,738
1404,126
1404,147
1404,1402
236,41
236,1296
236,321
40,413
40,1561
40,717
40,257
413,565
413,567
413,676
1561,455
1561,499
1561,586
717,152
717,498
717,1539
257,60
257,215
257,365
41,64
41,238
41,347
64,391
64,608
64,758
238,237
238,239
238,762
347,149
347,916
347,543
42,304
42,129
42,85
42,1408
304,172
304,302
304,476
129,217
129,608
129,1559
85,282
85,1493
1408,410
1408,472
1408,605
43,1474
43,693
43,758
43,692
1474,673
1474,716
1474,758
693,1539
693,1406
758,605
692,563
692,1540
692,1236
44,650
44,1410
44,153
650,303
650,1365
650,1409
1410,799
1410,803
1410,1409
153,132
153,152
153,587
45,68
45,1475
68,67
68,69
68,91
1475,778
1475,800
69,70
69,92
70,71
70,93
71,72
71,94
72,73
72,95
73,74
73,96
74,75
74,97
75,76
75,98
76,77
76,99
77,100
77,1509
56,57
56,79
56,1076
251,250
251,252
251,274
57,1208
57,1508
79,102
79,1513
1076,211
1076,275
1076,319
1208,166
1208,167
1208,275
1508,615
1508,1507
1508,1487
81,82
81,1448
81,1164
1296,1276
1296,1294
1360,1340
59,1293
59,1075
59,1207
59,1099
1293,103
1293,1291
1293,1292
1075,1073
1075,1077
1075,1094
1207,100
1207,232
1207,341
1099,102
1099,124
1099,1097
60,278
60,1577
60,1515
278,277
278,279
278,1317
1577,125
1577,965
1577,1558
1515,194
1515,498
61,237
61,564
61,1493
61,1362
237,106
237,214
564,260
564,695
564,740
1493,473
1493,521
1362,494
1362,515
1362,1342
62,478
62,519
62,521
478,345
478,455
478,607
519,300
519,630
519,1452
521,105
521,697
63,500
63,782
63,430
500,391
500,782
500,808
782,781
430,1470
430,563
391,477
391,566
608,541
608,587
65,585
65,587
65,1562
65,1560
585,412
585,1365
587,260
1562,627
1562,737
1560,239
1560,409
1560,583
66,67
66,89
66,738
66,824
67,90
67,1108
89,88
89,90
89,112
738,653
738,740
824,695
824,846
824,1454
90,91
90,113
1108,157
1108,1131
91,92
91,114
92,93
92,115
93,94
93,116
94,95
94,117
95,96
95,118
96,97
96,119
97,98
97,120
98,99
98,121
99,100
99,900
100,123
1509,854
1509,899
1509,1489
78,1425
78,1162
78,1227
78,1552
1425,1405
1425,1424
1425,1426
1162,1160
1162,1161
1162,1163
1227,1225
1227,1226
1552,1529
1552,1532
1552,1551
102,1554
102,1249
1513,171
1513,255
1513,1511
1253,472
1253,518
1253,1272
82,1580
82,104
82,1383
1448,452
1448,1429
1448,1446
1164,1165
1164,1183
1580,168
1580,366
1580,672
104,454
104,1536
104,1579
1383,147
1383,341
1383,473
83,411
83,388
411,584
411,544
411,1470
388,169
388,191
388,1341
128,562
128,301
128,740
1451,495
1451,651
1451,691
760,369
760,455
760,1539
282,611
282,1537
282,652
86,520
86,541
86,369
86,759
520,149
520,280
520,565
541,759
541,1492
369,1559
369,501
759,562
87,825
87,868
87,1541
825,736
825,802
825,826
868,802
868,867
868,869
1541,88
1541,713
1541,847
88,805
805,371
805,436
805,501
112,111
112,113
112,135
113,114
113,136
114,115
114,137
115,116
115,138
116,117
116,139
117,118
117,140
118,119
118,141
119,120
119,142
120,121
120,143
121,122
121,232
900,877
900,1376
123,122
123,146
123,1401
101,902
101,1250
101,1292
101,254
902,231
902,903
902,922
1250,1230
1250,1248
1250,1249
1292,1291
1292,1294
254,253
254,256
254,1252
1554,1534
1554,1553
1554,1555
1249,103
1249,1248
103,1557
1557,106
1557,364
1557,409
454,434
454,456
454,1538
1536,213
1536,300
1536,323
1579,146
1579,562
1579,1558
105,1316
105,151
1316,276
1316,387
1316,1314
151,150
151,152
151,170
106,390
106,1472
390,435
390,673
1472,193
1472,539
1472,604
107,130
107,239
107,173
107,673
130,740
130,436
130,1538
239,240
173,456
173,1538
173,522
673,1473
195,674
195,501
218,217
218,219
218,869
110,111
110,133
110,1131
111,134
111,1283
133,132
133,134
133,156
1131,267
1131,1154
134,135
134,157
1283,1282
1283,1284
135,136
135,158
136,137
136,159
137,138
137,160
138,139
138,161
139,140
139,162
140,141
140,163
141,142
141,164
142,143
143,990
122,164
122,1273
232,231
232,233
164,163
164,187
1273,235
1273,340
1273,387
146,145
146,147
1401,1399
1401,1402
124,1186
124,1054
1186,362
1186,363
1186,1187
1054,945
1054,1034
125,1206
125,364
125,1339
1206,1204
1206,1205
1206,1225
364,1385
1339,319
1339,1337
126,192
126,1537
192,1449
192,1341
192,1384
1537,560
1537,607
127,457
127,1469
127,453
457,217
457,389
457,609
1469,1470
1469,1471
1469,1488
453,280
453,626
453,1384
562,235
301,300
217,216
1559,259
1559,497
436,459
436,960
1538,259
262,263
262,437
262,1090
132,892
132,1045
892,416
892,891
892,893
1045,176
1045,1022
1045,1044
156,179
156,1067
157,180
157,1259
158,159
158,181
158,1130
159,160
159,182
160,161
160,183
161,162
161,184
162,163
162,185
163,186
990,991
990,1011
990,1013
144,987
144,1467
144,1119
987,986
987,1574
1467,921
1467,1465
1467,1466
1119,1117
1119,1118
1119,1138
145,234
145,1315
234,211
234,343
234,1274
1315,299
1315,965
1315,988
147,170
170,193
170,1272
1318,474
1318,560
1318,1319
149,1295
1295,191
1295,429
1295,1384
150,1427
150,653
150,1492
1427,276
1427,344
1427,368
653,259
653,568
1492,410
1492,563
152,456
456,172
154,155
154,177
154,1154
154,1175
155,178
155,1369
155,1415
177,176
177,178
177,200
1154,483
1154,1155
1175,1152
1175,1176
1175,1198
178,179
178,201
1369,1368
1369,1370
1369,1392
1415,1414
1415,1416
1415,1438
179,180
179,202
1067,1066
1067,1198
1067,1068
180,181
180,203
1259,801
1259,1258
181,182
181,204
1130,1153
1130,1150
182,183
182,205
183,184
183,206
184,185
184,207
185,186
185,208
186,187
186,686
187,210
188,166
188,211
188,1013
168,1274
168,1341
1274,213
1274,450
1341,1340
169,281
169,1447
169,1272
281,171
1447,1445
1447,1446
1447,1449
1272,341
193,216
193,1405
171,326
171,1516
326,325
326,327
326,632
1516,560
1516,604
1516,649
172,697
172,739
697,568
697,652
739,589
739,675
739,872
522,433
522,807
522,544
174,175
174,197
174,240
174,849
175,828
175,1024
175,1520
197,176
197,827
197,1066
240,241
240,826
849,305
849,826
828,765
828,829
828,851
1024,525
1024,1001
1520,1519
1520,1521
1520,1543
176,958
958,935
958,957
958,959
200,199
200,201
200,223
201,202
201,224
202,203
202,225
203,204
203,226
204,205
204,227
205,206
205,228
206,207
206,229
207,208
207,967
208,339
686,533
686,597
686,709
210,233
210,1317
211,1231
1013,341
1013,425
189,1078
189,1533
189,1034
189,1144
1078,277
1078,361
1078,469
1533,279
1533,1532
1533,1534
1034,1035
1034,1055
1144,451
1144,470
1144,1142
190,385
190,1098
385,384
385,1036
1098,1096
1098,1097
1098,1100
191,214
191,343
214,213
214,434
343,1407
343,1446
1449,321
1449,477
1384,584
216,826
216,303
1405,342
1405,408
194,545
194,588
545,918
545,808
545,696
588,544
588,719
588,676
674,345
674,476
674,502
501,609
589,809
589,786
631,432
631,807
827,698
827,718
827,1047
1066,1043
1066,1065
198,199
198,219
198,980
198,1111
199,1110
199,1284
219,261
219,915
980,957
980,979
980,981
1111,220
1111,483
1111,936
1110,1087
1110,1133
1110,1088
1284,1285
1284,1307
223,222
223,224
223,246
224,225
224,247
225,226
225,248
226,227
226,249
227,228
227,250
228,229
228,880
229,230
229,252
967,966
967,968
339,316
339,338
339,340
233,1120
233,1229
1317,297
1317,340
1231,428
1231,452
1231,1230
1381,1380
213,235
235,1406
434,325
434,784
215,348
215,762
215,610
348,325
348,349
348,371
762,368
762,433
610,1005
610,809
610,1047
303,498
303,458
869,284
869,870
261,368
261,781
261,499
915,285
915,656
915,916
220,221
220,241
220,243
221,222
221,265
221,1044
241,871
241,1132
243,242
243,244
243,266
222,244
222,245
265,264
265,266
265,288
1044,1043
1044,1087
244,245
244,1199
245,246
245,268
246,247
246,269
247,248
247,270
248,249
248,271
249,250
249,272
250,273
880,881
880,924
230,231
230,535
252,253
252,773
231,295
535,797
535,995
535,1060
295,294
295,296
295,512
1120,318
1120,966
1120,988
1229,297
1229,1230
1406,365
1406,475
321,1188
321,1163
871,546
871,870
871,872
1132,307
1132,397
1132,460
242,263
242,395
242,936
263,305
395,372
395,374
395,396
936,913
936,935
266,267
266,289
1199,1198
1199,1200
1199,1222
268,267
268,269
268,291
269,270
269,292
270,271
270,293
271,272
271,294
272,273
272,968
273,274
273,296
274,275
274,579
253,1012
773,750
773,774
773,796
1012,404
1012,1011
1012,1032
256,279
256,1209
1252,340
1252,342
1252,1275
255,1578
255,1122
1578,367
1578,1558
1578,1576
1122,1100
1122,1123
1122,1124
279,302
1209,318
1209,405
1209,1210
365,1166
259,324
324,1517
324,368
324,566
260,606
260,761
606,540
606,1452
761,566
761,716
781,696
781,780
499,718
499,696
437,415
437,526
437,1049
1090,460
1090,741
1090,1088
305,306
305,328
264,285
264,287
264,482
285,284
285,1087
287,286
287,288
287,310
482,459
482,483
482,505
288,289
288,311
267,290
289,290
289,312
290,291
290,313
291,292
291,314
292,293
292,315
293,294
293,316
294,317
968,969
968,991
296,297
275,276
579,556
579,602
579,819
276,277
277,299
299,540
299,431
302,325
302,387
280,367
611,435
611,524
611,788
652,630
652,737
721,502
721,657
721,1159
938,896
938,937
938,1179
284,981
284,1026
981,306
981,526
1026,393
1026,1025
1026,1158
286,307
286,1242
307,306
307,393
1242,462
1242,549
1242,1241
310,309
310,311
310,333
311,312
311,334
312,313
312,335
313,314
313,336
314,315
314,337
315,316
315,338
316,317
317,383
512,489
512,511
512,753
297,1057
1057,581
1057,1037
1057,1056
1189,318
1189,363
1189,426
540,452
540,1496
431,408
431,1452
300,409
409,410
498,583
458,327
458,787
458,720
476,345
476,718
306,329
328,327
328,329
328,479
329,308
329,330
393,416
393,852
308,309
308,331
308,1306
309,332
309,1416
331,330
331,332
331,354
1306,1305
1306,1307
1306,1329
332,333
332,355
1416,1393
1416,1417
333,334
333,356
334,335
334,357
335,336
335,358
336,337
336,359
337,338
337,360
338,361
383,382
383,384
383,1080
318,494
494,1169
494,1365
319,1166
319,1079
1166,429
1166,517
1079,493
1079,1059
1079,1081
538,1103
538,1101
538,1366
1102,688
1102,1081
1102,1100
1187,408
1187,1188
1188,474
1188,1190
1163,1143
1163,1161
1494,605
1494,649
1494,695
323,1429
323,366
1429,737
1429,1409
366,1473
1517,389
1517,691
1517,804
566,808
327,350
632,412
632,481
632,873
350,349
350,351
350,373
479,633
479,720
479,565
330,351
330,353
351,1197
351,1244
353,352
353,354
353,376
354,355
354,377
355,356
355,378
356,357
356,379
357,358
357,380
358,359
358,381
359,360
359,578
360,491
360,710
361,381
361,881
342,539
342,518
539,407
518,1275
518,561
1407,603
1407,672
1407,716
1446,1445
344,605
344,1491
344,1340
1491,497
1491,1489
1491,1490
916,939
916,1068
543,741
543,763
543,784
349,372
349,830
371,394
371,895
372,373
372,1003
830,438
830,633
830,831
373,352
373,374
1197,1153
1197,1220
1244,745
1244,1221
1244,1243
352,375
352,1000
375,376
375,398
375,1089
1000,977
1000,999
1000,1001
376,377
376,399
377,378
377,400
378,379
378,401
379,380
379,402
380,381
380,403
381,404
578,555
578,776
578,1038
491,490
491,602
491,667
710,733
710,755
710,1060
881,882
881,904
362,536
362,1077
362,1165
536,449
536,1035
536,1212
1077,1056
1077,1096
363,1101
363,1011
1101,513
1101,688
1011,1010
1385,451
1385,626
1385,627
1473,651
1473,1453
370,675
370,634
370,629
370,586
675,433
675,696
634,698
634,1071
634,983
629,1540
586,412
586,1471
394,417
394,893
394,852
895,635
895,894
895,896
1003,569
1003,613
1003,1002
374,397
374,484
397,398
397,420
484,485
484,505
484,507
398,399
398,421
1089,438
1089,526
1089,1112
399,400
399,422
400,401
400,423
401,402
401,424
402,403
402,425
403,404
403,708
404,687
382,470
382,1143
470,1190
470,1167
1143,407
1143,1142
384,557
384,406
1080,581
1080,688
1080,756
557,534
557,625
557,729
406,405
406,493
406,514
1036,429
1036,646
1036,712
389,432
389,609
432,649
432,1363
609,851
435,982
435,677
477,544
392,415
392,630
392,651
392,523
415,982
415,719
630,1540
651,475
523,940
523,939
523,763
416,438
416,439
852,875
852,853
417,418
417,937
417,1025
893,870
893,894
396,419
396,1221
396,1350
419,418
419,420
419,442
1221,1220
1221,1222
1350,1349
1350,1373
420,421
420,443
421,422
421,444
422,423
422,445
423,424
423,446
424,425
424,447
425,601
708,685
708,707
708,709
687,598
687,624
687,820
405,580
405,1145
580,471
580,559
580,1232
1145,407
1145,451
1145,516
493,558
493,495
514,451
514,1123
514,1168
407,1210
1210,1211
1210,1212
410,433
584,1430
584,1322
1470,1450
565,455
567,414
567,1046
567,1093
676,1004
676,719
414,763
414,829
414,1069
763,764
829,568
829,766
1069,764
1069,962
1069,1068
982,786
982,1027
719,699
438,548
439,418
439,440
439,636
418,441
937,524
937,914
1025,698
1025,1002
441,442
441,464
442,443
442,465
443,444
443,466
444,445
444,467
445,446
445,468
446,447
446,683
447,711
447,994
601,1014
601,1039
601,1061
426,1146
426,1014
426,1081
1146,561
1146,645
1146,1126
1014,668
1014,991
1081,1059
427,1297
427,1211
427,646
427,1277
1297,429
1297,472
1297,1276
1211,428
1211,473
646,537
646,1127
1277,604
1277,715
428,645
428,1298
645,558
645,1232
1298,474
1298,1299
1298,1300
563,496
1452,691
1363,736
1363,1342
1363,1343
784,720
784,873
677,787
677,1201
677,1027
459,635
459,806
960,723
960,959
960,1004
526,549
1049,1047
1049,1050
1049,1070
548,525
548,571
548,701
440,463
440,1112
440,1375
636,659
636,1135
636,1289
463,462
463,464
463,486
1112,461
1112,1135
1375,1352
1375,1374
1375,1376
464,465
464,487
465,466
465,488
466,467
466,489
467,468
467,490
468,469
468,794
683,660
683,706
711,778
711,1344
711,1104
994,993
994,995
994,1017
448,643
448,665
448,732
448,1035
643,576
643,600
643,731
665,469
665,642
665,798
732,709
732,778
732,1280
1035,515
449,1191
449,1254
449,1037
1191,1171
1191,1190
1191,1192
1254,450
1254,516
1037,1039
1037,1058
450,582
450,647
582,1275
582,1344
582,800
647,802
647,690
647,1320
452,497
497,475
626,1364
787,788
787,984
720,808
635,503
635,658
806,807
806,850
806,913
460,1198
460,1027
1027,809
461,1133
461,1179
461,1223
1133,1156
1133,1113
1179,1156
1179,1178
1223,612
1223,786
1223,1222
462,483
462,485
485,486
485,508
486,487
486,509
487,488
487,510
488,489
488,511
489,490
490,772
469,1058
794,771
794,795
794,817
1058,1056
1058,1059
1190,1192
1167,648
1167,1168
1167,1169
471,1124
471,1319
471,1103
1124,1125
1124,1126
1319,475
1319,1299
1103,492
1103,603
472,495
495,734
473,516
516,1125
474,607
607,736
718,737
633,1068
633,1136
480,591
480,743
480,850
480,897
591,547
591,592
591,744
743,1334
743,1203
743,1046
850,525
850,655
897,874
897,877
897,943
481,614
481,1114
481,1157
614,613
614,637
614,1135
1114,524
1114,764
1114,1113
1157,1134
1157,1158
1157,1177
505,702
505,1245
507,506
507,508
507,530
508,509
508,531
509,510
509,532
510,511
510,533
511,534
772,749
772,771
772,795
602,625
602,1344
667,603
667,1038
667,1170
492,969
492,1082
492,1016
969,555
969,970
1082,513
1082,689
1082,1105
1016,666
1016,993
1016,1039
558,1278
558,1255
1169,757
1169,1150
1365,561
734,1430
734,1213
734,1366
496,625
496,517
625,624
517,648
517,1539
583,515
502,1004
502,678
1004,1265
678,765
678,1116
678,942
503,525
503,872
503,959
872,1046
959,612
504,1048
504,1180
504,1113
504,1047
1048,744
1048,873
1048,898
1180,1160
1180,1181
1180,1182
1113,1091
702,679
702,725
702,857
1245,899
1245,1222
1245,1246
506,527
506,529
506,1333
527,528
527,1243
527,1418
529,528
529,530
529,552
1333,1310
1333,1506
1333,1313
530,531
530,553
531,532
531,554
532,555
532,1549
533,556
533,620
534,599
534,903
753,730
753,776
753,1017
513,600
513,948
600,556
600,820
948,925
948,947
948,949
1123,731
1123,1104
1168,757
1168,1170
515,603
1125,559
1125,624
648,1275
648,1432
561,1540
807,785
940,1028
940,1050
940,1051
939,654
939,962
524,723
723,746
723,1030
549,550
528,551
528,1246
1243,1220
1243,1266
1418,1417
1418,1419
1418,1394
551,550
551,552
551,574
1246,876
1246,1135
552,553
552,575
553,554
553,576
554,555
554,577
1549,620
1549,1526
1549,1548
556,973
620,619
620,621
599,576
599,622
599,644
903,904
903,926
797,774
797,796
797,820
995,972
995,1018
1060,537
1060,1083
1212,560
1212,670
537,1015
537,689
1015,669
1015,798
1015,992
689,1105
689,777
1366,1364
1366,1386
1496,846
1496,1519
741,695
741,874
918,722
918,941
918,1247
546,656
546,831
546,874
656,679
656,789
831,832
831,943
874,851
547,700
547,914
547,1072
700,785
700,1202
700,917
914,891
914,913
1072,1005
1072,1070
1072,1073
571,550
571,572
571,1417
701,724
701,856
701,1156
550,573
573,572
573,574
573,596
574,575
574,597
575,576
577,622
577,642
577,775
973,950
973,972
973,996
729,706
729,728
729,752
1278,668
1278,669
1278,670
1255,1234
1255,1256
1255,1276
559,1279
559,691
1279,581
1279,780
1279,1280
1046,654
1093,590
1093,742
1093,1091
568,1224
1224,1225
1224,1226
1224,1247
569,570
569,592
569,894
570,1200
570,1332
570,809
592,593
592,615
894,655
1200,657
1200,680
1332,1309
1332,1331
572,593
572,595
1417,596
593,594
593,833
595,594
595,618
595,835
596,597
596,619
597,598
622,621
622,623
642,619
642,641
775,752
775,754
775,798
776,777
776,799
1038,644
1038,1061
819,796
819,818
819,842
1232,1230
1232,1233
581,757
800,733
800,1322
1430,604
1322,1321
1322,1324
1471,1450
1471,1490
786,699
590,1202
590,742
590,1159
1202,612
1202,964
742,1070
742,1134
1159,917
1159,962
744,613
744,1071
615,594
615,616
594,617
833,613
833,834
833,1267
617,616
617,618
617,640
618,619
618,641
835,640
835,814
835,834
598,621
598,793
621,730
793,770
793,792
793,816
644,709
644,1170
820,843
1039,1062
1061,1084
736,1450
851,961
1005,1006
1005,1092
788,789
788,1182
612,853
853,655
853,854
637,616
637,638
616,639
639,638
639,662
639,1398
640,641
640,663
641,664
730,707
730,731
623,624
623,971
623,1083
971,755
971,970
971,972
1083,754
1083,1106
1364,1386
1364,1387
627,670
627,1320
670,1323
1320,715
873,1116
1136,785
1136,984
1136,985
698,961
1071,963
1071,984
983,722
983,1115
983,1201
658,659
658,681
658,746
659,638
659,660
1289,1266
1289,1288
1289,1312
638,661
661,660
661,662
661,684
662,663
662,685
1398,789
1398,1378
1398,1399
663,664
663,1528
664,685
664,752
731,754
1170,1345
1127,1126
1127,1147
1127,1148
802,779
690,1192
690,1321
690,1342
1432,803
1432,1433
1432,1455
1409,1387
654,764
654,722
722,1178
655,766
766,767
766,1095
679,680
679,1158
789,790
657,1178
657,1376
1178,1177
1376,1353
681,660
681,680
681,682
746,769
684,685
684,707
1528,1483
1528,1527
1528,1506
752,751
798,821
666,774
666,974
666,1017
774,751
974,951
974,975
974,997
668,713
668,1388
713,1256
713,1257
1388,777
1388,1389
1388,1411
669,845
669,1257
845,822
845,844
845,846
1257,756
1257,1151
1323,801
1323,1324
1323,1321
672,890
672,1453
890,867
890,889
890,891
1453,715
1453,1433
1201,1177
1201,1203
765,832
765,1290
1116,963
1116,1117
942,1007
942,1423
1158,745
682,705
682,1377
682,1462
705,704
705,706
705,728
1377,745
1377,1354
1462,813
1462,1461
1462,1551
706,707
688,1059
1105,755
1105,1128
777,1193
1192,1172
1321,1300
1342,1343
1236,1234
1236,1235
1236,1237
961,1070
961,1312
699,1267
699,1094
1267,1266
1267,1248
1094,944
1094,1092
785,1115
917,1115
917,1134
724,725
724,1355
856,855
856,857
856,878
1156,1155
725,704
725,726
857,834
704,727
727,726
727,728
727,750
728,751
733,756
733,992
755,1019
778,779
1104,1084
1104,1106
712,1302
712,1171
1302,1301
1302,1303
1302,1300
1171,1172
1256,1258
1256,1276
1476,801
1476,1477
1476,1499
1062,1258
715,1343
1343,1345
716,1450
1030,964
1030,1028
1030,1029
1355,810
1355,1354
726,749
749,748
749,750
750,751
754,1018
1280,1281
756,779
992,991
992,993
1213,1214
1213,1215
1213,1233
1134,1155
1334,855
1334,1311
1334,1313
1203,1183
1203,1204
745,768
768,767
768,769
768,791
769,748
769,770
748,771
748,924
771,770
924,925
924,947
1018,1019
1018,1041
1019,996
1019,1020
779,780
832,834
832,1290
1290,812
1290,1268
767,790
767,1311
1095,965
1095,1096
1095,1097
790,791
790,813
1311,1288
1311,1310
791,770
791,792
795,796
795,818
799,822
799,1301
1193,1216
1193,1194
1193,1195
780,1386
1386,1387
804,803
1115,941
984,1137
1182,922
1182,1181
813,792
813,1485
792,815
815,814
815,816
815,838
816,817
816,839
817,818
817,840
818,841
821,822
821,844
821,1411
1301,1194
1301,1299
801,1237
1237,1238
913,912
810,1139
810,1247
1139,1138
1139,1140
1139,1141
1247,1248
811,1312
811,1092
811,919
811,921
1312,1335
1092,1091
919,896
919,920
919,1181
921,920
921,922
812,1268
812,1051
812,1335
1268,1269
1268,1270
1051,1031
1051,1032
1335,875
1485,945
1485,966
1485,1484
814,837
814,1551
837,838
837,860
1551,1529
838,839
838,861
839,840
839,862
840,841
840,863
841,842
841,864
842,843
842,865
843,844
843,866
844,867
1411,1412
1411,1434
846,847
1454,1455
1454,1477
943,966
943,986
859,860
859,882
860,861
860,883
861,862
861,884
862,863
862,885
863,864
863,886
864,865
864,887
865,866
865,888
866,867
866,889
847,870
875,876
875,1444
854,1422
1422,1402
1422,1421
1422,1423
855,878
878,877
882,883
882,905
883,884
883,906
884,885
884,907
885,886
885,908
886,887
886,909
887,888
887,910
888,889
888,911
889,912
876,877
1444,1421
1444,1424
1444,1445
904,905
904,927
905,906
905,928
906,907
906,929
907,908
907,930
908,909
908,931
909,910
909,932
910,911
910,933
911,912
911,934
912,935
891,1542
1542,1519
1542,1543
896,985
985,962
985,986
898,1510
898,1161
1510,1490
1510,1511
1510,1512
1161,1160
899,944
899,1291
944,1507
944,1010
1291,1269
925,926
922,1141
926,927
926,949
927,928
927,950
928,929
928,951
929,930
929,952
930,931
930,953
931,932
931,954
932,933
932,955
933,934
933,956
934,935
934,957
941,920
941,1091
920,1270
1181,1160
1270,1269
1141,1140
1141,1142
947,970
949,950
949,972
950,951
951,952
952,953
952,975
953,954
953,976
954,955
954,977
955,956
955,978
956,957
956,979
1028,1008
1028,1029
1050,1031
1050,1052
1007,963
1007,1006
1007,1008
1423,1402
1423,1421
986,1009
1507,1506
1010,1009
1010,1008
945,1205
945,1487
1205,1183
1205,1204
1487,1486
1487,1489
970,993
975,976
975,998
976,977
976,999
977,978
978,979
978,1001
979,1002
963,1488
1488,988
1488,1486
964,1530
1530,1511
1530,1529
1530,1532
965,1424
1424,1426
996,997
997,998
997,1020
998,999
999,1022
1001,1002
1137,1117
1137,1118
1137,1138
1009,1008
1009,1029
1574,1572
1574,1575
1574,1576
1055,1053
1055,1056
1020,1043
1265,1264
1265,1266
1265,1288
1006,1029
1006,1118
1118,1117
1041,1042
1043,1042
1042,1065
1065,1240
1084,1086
1258,1238
1240,1217
1240,1263
1240,1346
1106,1086
1128,1129
1128,1151
1128,1109
1129,1152
1129,1239
1129,1109
1151,1149
1152,1304
1239,1216
1239,1262
1239,1238
1153,1176
1153,1155
1304,1281
1304,1305
1304,1303
1176,1177
1176,1309
1345,1368
1345,1326
1309,1308
1309,1310
1216,1217
1216,1214
1194,1217
1217,1218
1195,1218
1195,1214
1195,1215
1218,1241
1328,1305
1328,1327
1328,1329
1241,1264
1241,1261
1262,1263
1262,1285
1262,1261
1263,1264
1263,1286
1346,1327
1346,1347
1346,1348
1264,1287
1285,1286
1285,1308
1286,1287
1286,1505
1287,1288
1287,1310
1281,1282
1281,1519
1282,1305
1282,1261
1307,1308
1307,1330
1308,1331
1505,1482
1505,1504
1505,1506
1303,1326
1303,1261
1326,1325
1326,1327
1329,1330
1329,1352
1330,1331
1330,1353
1331,1354
1324,1325
1324,1347
1325,1348
1325,1327
1347,1370
1347,1348
1348,1349
1352,1353
1353,1354
1368,1391
1370,1371
1370,1393
1349,1371
1349,1372
1373,1372
1373,1374
1373,1396
1374,1397
1390,1389
1390,1391
1390,1413
1391,1392
1391,1414
1392,1393
1392,1371
1371,1372
1393,1394
1372,1395
1395,1394
1395,1396
1395,1440
1396,1419
1397,1420
1397,1378
1389,1412
1389,1387
1412,1413
1412,1435
1413,1414
1413,1436
1414,1437
1394,1440
1419,1420
1420,1399
1434,1433
1434,1435
1434,1457
1435,1436
1435,1458
1436,1437
1436,1459
1437,1438
1437,1460
1438,1461
1433,1456
1455,1456
1455,1478
1456,1457
1456,1479
1457,1458
1457,1480
1458,1459
1458,1481
1459,1460
1459,1482
1460,1461
1460,1483
1461,1484
1477,1478
1477,1500
1478,1479
1478,1501
1479,1480
1479,1502
1480,1481
1480,1503
1481,1482
1481,1504
1482,1483
1483,1484
1499,1500
1499,1522
1500,1501
1500,1523
1501,1502
1501,1524
1502,1503
1502,1525
1503,1504
1503,1526
1504,1527
1521,1522
1521,1544
1522,1523
1522,1545
1523,1524
1523,1546
1524,1525
1524,1547
1525,1526
1525,1548
1526,1527
1543,1544
1544,1545
1545,1546
1546,1547
1547,1548
1031,1032
1031,1052
1032,1052
1052,1053
1053,1073
1086,1088
1086,1109
1088,1109
1096,1097
1126,1147
1138,1140
1140,1142
1147,1148
1147,1149
1148,1149
1148,1150
1149,1150
1183,1204
1214,1215
1215,1235
1225,1226
1233,1234
1233,1235
1234,1235
1294,1313
1294,1314
1299,1300
1313,1314
1314,1336
1336,1337
1378,1380
1380,1399
1421,1441
1426,1445
1441,1464
1441,1465
1441,1486
1464,1465
1464,1466
1464,1486
1465,1466
1489,1490
1511,1512
1532,1534
1534,1555
1553,1555
1553,1572
1575,1576
