0,651
0,608
0,1409
0,607
651,20
651,86
651,477
608,108
608,196
608,805
1409,629
1409,715
1409,777
607,107
607,387
607,1474
1,24
1,131
1,823
1,1040
24,47
24,1063
24,1085
131,110
131,262
131,1023
823,87
823,822
823,1280
1040,996
1040,1017
1040,1041
2,3
2,25
2,1064
2,1563
3,4
3,26
3,1564
25,48
25,1174
25,1563
1064,1041
1064,1065
1064,1087
1563,1152
1563,1564
4,5
4,27
4,1565
26,49
26,1173
26,1219
1564,45
1564,1565
5,28
5,1351
5,1566
27,28
27,50
27,1196
1565,1542
1565,1566
28,29
28,51
1351,1350
1351,1352
1351,1374
1566,1543
1566,1567
6,7
6,29
6,1439
6,1567
7,8
7,30
7,1568
29,30
29,52
1439,549
1439,1438
1439,1440
1567,1544
1567,1568
8,9
8,31
8,1569
30,31
30,53
1568,1545
1568,1569
9,10
9,32
9,1570
31,54
31,703
1569,1546
1569,1570
10,11
10,1550
10,1571
32,55
32,165
32,879
1570,575
1570,1547
11,747
11,923
11,989
1550,1332
1550,1527
1550,1573
1571,1396
1571,1507
1571,1548
747,724
747,726
747,746
923,143
923,230
923,900
989,167
989,987
989,988
12,836
12,901
12,1442
12,1573
836,837
836,857
836,859
901,880
901,925
901,1033
1442,33
1442,637
1442,1419
1573,35
1573,1397
13,1121
13,1228
13,1489
13,1553
1121,147
1121,362
1121,1119
1228,34
1228,38
1228,321
1489,189
1489,1470
1489,1487
1553,166
1553,1552
1553,1554
14,80
14,1443
14,1336
14,1382
80,1357
80,1448
80,1469
1443,35
1443,1420
1443,1441
1336,1314
1336,1337
1336,1338
1382,1383
1382,1401
1382,1402
15,1251
15,1357
15,279
15,1229
1251,57
1251,212
1251,255
1357,855
1357,1358
279,256
279,278
279,302
1229,232
1229,297
1229,365
16,1140
16,1097
16,1076
16,1468
1140,1138
1140,1139
1140,1141
1097,1096
1097,1117
1097,1118
1076,56
1076,211
1076,275
1468,36
1468,37
1468,169
17,1578
17,193
17,1358
17,1315
1578,148
1578,322
1578,476
193,170
193,216
193,322
1358,1335
1358,1381
1315,1296
1315,1313
1315,1314
18,521
18,1425
18,1558
18,1494
521,21
521,433
521,716
1425,1405
1425,1423
1425,1424
1558,346
1558,430
1558,517
1494,1493
1494,1514
1494,1516
19,237
19,1472
19,432
19,40
237,214
237,718
237,1582
1472,452
1472,495
1472,1452
432,61
432,412
432,1536
40,20
40,108
40,1561
20,171
20,717
171,652
171,588
171,478
717,456
717,562
717,653
21,1410
21,194
21,1496
1410,690
1410,799
1410,803
194,781
194,1492
194,435
1496,846
1496,1495
1496,1519
22,783
22,848
22,1023
22,1498
783,42
783,782
783,804
848,263
848,847
848,849
1023,1022
1023,1024
1498,1475
1498,1499
1498,1521
23,46
23,1021
23,1107
23,1260
46,45
46,47
46,69
1021,998
1021,1020
1021,1022
1107,1084
1107,1106
1107,1259
1260,1237
1260,1283
1260,1241
47,48
47,70
1063,1061
1063,1042
1063,1082
1085,1062
1085,1108
1085,1130
48,49
48,71
1174,1151
1174,1197
1174,1172
49,50
49,72
1173,1172
1173,1196
1173,1171
1219,286
1219,1218
1219,1220
50,51
50,73
1196,156
1196,1328
51,52
51,74
52,53
52,75
53,54
53,76
54,55
54,77
703,680
703,683
703,704
55,56
55,251
165,142
165,187
165,188
879,684
879,858
879,878
33,858
33,1033
33,1463
858,317
858,859
1033,145
1033,296
1463,441
1463,1440
1463,1484
34,946
34,1356
34,812
946,382
946,947
946,967
1356,78
1356,876
1356,1355
812,922
812,1552
812,1224
35,102
35,1400
102,79
102,144
102,1141
1400,79
1400,965
1400,1377
36,964
36,1273
36,1422
964,1008
964,1421
964,1050
1273,146
1273,235
1273,340
1422,1399
1422,1421
1422,1423
37,1535
37,1467
37,1511
1535,323
1535,1516
1535,1537
1467,59
1467,1466
1467,1469
1511,1491
1511,1510
1511,1512
38,1512
38,1297
38,84
1512,168
1512,1510
1297,388
1297,538
1297,1274
84,478
84,104
84,257
39,343
39,215
39,1294
39,1490
343,299
343,1427
343,1254
215,370
215,1448
215,1428
1294,125
1294,1274
1294,1293
1490,1488
1490,1491
1490,1510
108,784
108,609
1561,477
1561,540
1561,761
41,213
41,629
41,759
41,1536
213,214
213,235
213,456
629,565
629,737
759,85
759,716
759,1497
1536,281
1536,431
42,433
42,565
42,413
433,257
433,388
565,457
565,650
413,543
413,696
413,522
43,172
43,44
43,694
43,282
172,563
172,410
172,1538
44,825
44,1433
44,762
694,152
694,455
694,714
282,764
282,653
282,523
825,87
825,802
825,826
1433,1432
1433,1434
1433,1456
762,195
762,368
762,697
45,68
45,1475
68,67
68,69
68,91
1475,778
1475,800
69,70
69,92
70,71
70,93
71,72
71,94
72,73
72,95
73,74
73,96
74,75
74,97
75,76
75,98
76,77
76,99
77,100
77,1509
56,57
56,79
251,250
251,252
251,274
57,1208
57,1508
79,1554
1208,166
1208,167
1208,275
1508,615
1508,1507
1508,1487
58,81
58,1402
58,1293
58,1360
81,82
81,345
81,1206
1402,192
1402,1401
1293,1292
1293,1312
1360,127
1360,145
1360,1359
59,234
59,1445
59,1340
234,211
234,320
234,388
1445,78
1445,144
1445,190
1340,344
1340,498
1340,1339
60,324
60,1337
60,212
60,1318
324,1513
324,454
324,672
1337,1314
1337,1338
212,1381
212,367
1318,367
1318,539
1318,541
61,520
61,1469
61,1316
520,85
520,346
520,389
1469,1449
1316,105
1316,319
1316,409
62,322
62,347
62,1534
62,128
322,1447
347,630
347,455
347,654
1534,257
1534,367
1534,1533
128,105
128,280
128,129
63,217
63,65
63,675
63,671
217,216
217,218
217,502
65,369
65,1451
65,238
675,345
675,742
675,720
671,1538
671,1453
671,1406
64,630
64,563
64,740
64,1407
630,236
630,475
563,346
563,1515
740,238
740,370
740,611
1407,691
1407,1366
1407,1387
369,586
369,804
369,1559
1451,760
1451,1449
1451,1452
238,585
238,566
66,67
66,89
66,738
66,824
67,90
67,1108
89,88
89,90
89,112
738,151
738,542
738,804
824,605
824,846
824,1454
90,91
90,113
1108,157
1108,1131
91,92
91,114
92,93
92,115
93,94
93,116
94,95
94,117
95,96
95,118
96,97
96,119
97,98
97,120
98,99
98,121
99,100
99,1466
100,123
100,1207
1509,854
1509,899
1509,921
78,1095
78,1008
1095,1074
1095,1094
1095,1096
1008,1007
1008,1009
1554,1552
1554,1555
1448,366
1448,1446
82,1580
82,1449
82,497
345,83
345,391
1206,103
1206,1204
1206,1205
1580,454
1580,519
1580,672
1449,1408
497,539
497,1383
497,1406
83,411
83,496
83,1514
411,236
411,344
411,650
496,320
496,585
496,1298
1514,300
1514,1513
478,107
478,173
104,1186
104,257
104,1446
85,149
85,1582
149,1384
149,301
149,1404
1582,541
1582,760
86,588
86,1560
86,609
588,390
588,982
1560,498
1560,631
1560,737
609,829
609,676
87,868
87,1541
868,802
868,867
868,869
1541,88
1541,713
1541,847
88,109
88,805
109,218
109,696
109,806
805,371
805,720
112,111
112,113
112,135
113,114
113,136
114,115
114,137
115,116
115,138
116,117
116,139
117,118
117,140
118,119
118,141
119,120
119,142
120,121
120,143
121,122
121,188
1466,1444
1466,1465
123,122
123,146
123,1227
1207,188
1207,320
1207,1187
101,902
101,1012
101,944
101,1338
902,231
902,903
902,922
1012,404
1012,428
1012,1011
944,899
944,1010
944,1335
1338,1339
144,987
144,988
1141,1142
1141,1161
103,1184
103,301
103,1272
1184,191
1184,1164
1184,1182
301,1405
301,1317
1272,124
1272,170
1272,1253
1186,450
1186,1185
1186,1187
1446,1426
1446,1444
105,542
105,255
542,129
542,476
255,431
255,1055
106,256
106,281
106,1404
106,544
256,254
256,258
281,258
281,283
1404,389
1404,1385
544,631
544,761
544,673
107,196
107,1492
196,216
196,718
1492,366
1492,518
784,434
784,564
784,698
218,219
218,869
696,543
696,673
806,459
806,850
806,913
110,111
110,133
110,1131
111,134
111,1283
133,132
133,134
133,156
1131,267
1131,1154
134,135
134,157
1283,1282
1283,1284
135,136
135,158
136,137
136,159
137,138
137,160
138,139
138,161
139,140
139,162
140,141
140,163
141,142
141,164
142,143
143,990
122,164
122,166
188,211
164,163
164,187
166,1098
146,145
146,147
1227,1226
1227,1249
1227,1250
124,276
124,366
124,1185
276,275
276,277
276,1427
366,540
1185,211
1185,1183
125,1556
125,1295
125,1164
1556,190
1556,1555
1556,1557
1295,191
1295,300
1295,1384
1164,1163
1164,1183
126,1250
126,303
126,1491
126,474
1250,1249
1250,1269
303,192
303,545
303,541
1491,1493
474,603
474,1517
474,1166
127,650
127,1362
127,1429
650,562
1362,168
1362,236
1362,1361
1429,408
1429,758
1429,1387
280,169
280,365
280,519
129,780
129,390
780,779
780,781
780,1343
390,1515
390,653
130,1518
130,153
130,1497
130,239
1518,152
1518,803
1518,1497
153,132
153,152
153,1539
1497,758
239,500
239,457
239,720
262,263
262,437
262,827
132,892
132,1045
892,416
892,891
892,893
1045,176
1045,1022
1045,1044
156,179
156,1067
157,180
157,1259
158,159
158,181
158,1130
159,160
159,182
160,161
160,183
161,162
161,184
162,163
162,185
163,186
990,991
990,1011
990,1013
987,986
987,988
988,1007
145,1381
1381,298
147,170
147,258
170,151
258,628
148,1493
148,410
148,1341
1493,451
410,342
410,1470
1341,341
1341,647
1341,1339
1384,584
1384,606
150,151
150,1427
150,695
150,610
151,152
1427,368
695,476
695,501
695,807
610,918
610,1004
610,1092
1539,585
1539,716
1539,1537
154,155
154,177
154,1154
154,1175
155,178
155,1369
155,1415
177,176
177,178
177,200
1154,483
1154,1155
1175,1152
1175,1176
1175,1198
178,179
178,201
1369,1368
1369,1370
1369,1392
1415,1414
1415,1416
1415,1438
179,180
179,202
1067,328
1067,1066
1067,1198
180,181
180,203
1259,801
1259,1258
181,182
181,204
1130,1153
1130,1150
182,183
182,205
183,184
183,206
184,185
184,207
185,186
185,208
186,187
186,686
187,210
1098,321
1098,362
1098,1096
167,209
167,1403
209,208
209,210
209,1143
1403,277
1403,365
1403,1401
168,1271
168,1075
1271,1270
1271,1291
1271,1292
1075,1073
1075,1074
1075,1077
169,387
169,364
387,302
387,386
364,1471
364,1277
364,1188
652,173
652,500
652,761
1538,236
1538,1537
173,739
173,566
739,414
739,567
739,674
566,590
566,631
174,175
174,197
174,240
174,849
175,828
175,1024
175,1520
197,176
197,827
197,1066
240,241
240,826
240,326
849,305
849,826
828,765
828,829
828,851
1024,525
1024,1001
1520,1519
1520,1521
1520,1543
176,958
958,935
958,957
958,959
200,199
200,201
200,223
201,202
201,224
202,203
202,225
203,204
203,226
204,205
204,227
205,206
205,228
206,207
206,229
207,208
207,967
208,339
686,533
686,597
686,709
210,233
210,1317
189,1405
189,1165
189,1101
1405,605
1165,471
1165,1145
1165,1163
1101,427
1101,1100
1101,1102
190,1380
190,1099
1380,1359
1380,1378
1380,1379
1099,277
1099,385
1099,450
191,214
191,1533
214,434
1533,1513
1533,1532
192,1361
192,300
1361,451
1361,1359
300,367
216,826
781,261
781,782
435,392
435,961
435,587
195,760
195,589
195,628
760,1408
589,412
589,545
589,1005
628,323
628,475
718,567
718,827
827,479
1066,1043
1066,1065
198,199
198,219
198,980
198,1111
199,1110
199,1284
219,261
219,915
980,957
980,979
980,981
1111,220
1111,483
1111,936
1110,1087
1110,1133
1110,1109
1284,1285
1284,1307
223,222
223,224
223,246
224,225
224,247
225,226
225,248
226,227
226,249
227,228
227,250
228,229
228,880
229,230
229,252
967,966
967,968
339,316
339,338
339,340
1143,384
1143,406
1143,452
233,232
233,1120
233,1119
1317,297
1317,340
235,1559
235,389
456,323
456,676
434,325
434,586
370,259
370,567
1428,428
1428,518
1428,649
502,260
502,722
502,699
869,284
869,870
261,368
261,391
915,285
915,656
915,916
220,221
220,241
220,243
221,222
221,265
221,1044
241,871
241,1132
243,242
243,244
243,266
222,244
222,245
265,264
265,266
265,288
1044,1043
1044,1087
244,245
244,1199
245,246
245,268
246,247
246,269
247,248
247,270
248,249
248,271
249,250
249,272
250,273
880,881
880,924
230,231
230,535
252,253
252,773
231,232
231,295
535,797
535,995
535,1060
232,1013
295,294
295,296
295,512
1013,297
1013,425
1120,966
1120,1118
1120,1119
1119,1118
320,1077
388,499
1559,430
1559,584
389,674
585,412
500,719
500,1581
457,260
457,326
720,1027
326,325
326,327
871,546
871,870
871,872
1132,307
1132,397
1132,481
242,263
242,395
242,936
263,305
395,372
395,374
395,396
936,913
936,935
266,267
266,289
1199,1198
1199,1200
1199,1222
268,267
268,269
268,291
269,270
269,292
270,271
270,293
271,272
271,294
272,273
272,968
273,274
273,296
274,275
274,579
253,254
253,299
253,428
773,750
773,774
773,796
254,1252
254,299
299,386
428,558
1252,340
1252,342
1252,1275
431,368
431,1495
1055,319
1055,1035
1055,1054
259,782
259,543
259,477
782,522
543,564
477,562
260,393
260,479
393,416
393,852
393,1026
479,523
479,587
391,414
391,499
437,415
437,526
437,809
305,306
305,328
264,285
264,287
264,482
285,284
285,1087
287,286
287,288
287,310
482,459
482,483
482,505
288,289
288,311
267,290
289,290
289,312
290,291
290,313
291,292
291,314
292,293
292,315
293,294
293,316
294,317
968,969
968,991
296,297
579,556
579,602
579,819
277,278
278,363
278,1447
363,448
363,1209
363,382
1447,453
1447,1426
302,304
302,325
365,1515
519,1540
519,1406
283,499
283,719
283,674
764,328
764,917
764,1093
653,590
523,1049
523,1091
499,541
719,455
719,564
674,587
284,981
284,1026
981,306
981,526
1026,1025
1026,1158
286,307
286,1242
307,306
307,1198
1242,462
1242,549
1242,1241
310,309
310,311
310,333
311,312
311,334
312,313
312,335
313,314
313,336
314,315
314,337
315,316
315,338
316,317
317,688
512,489
512,511
512,753
298,1078
298,1079
298,1426
1078,319
1078,408
1078,1059
1079,1080
1079,1081
1079,1100
1426,1424
386,385
386,451
304,654
304,676
304,763
325,348
545,830
545,1048
654,722
654,983
676,1091
763,1046
763,785
763,916
306,329
328,329
329,308
329,330
308,309
308,331
308,1306
309,332
309,1416
331,330
331,332
331,354
1306,1305
1306,1307
1306,1329
332,333
332,355
1416,1393
1416,1417
333,334
333,356
334,335
334,357
335,336
335,358
336,337
336,359
337,338
337,360
338,361
688,362
688,645
688,669
318,1230
318,407
318,1100
318,1253
1230,362
1230,427
1230,1231
407,1059
407,1342
407,1385
1100,538
1253,344
1253,1254
319,1232
1232,406
1232,603
1232,1231
1077,1056
1077,1096
321,1516
321,1209
1516,626
1209,449
1209,538
323,1517
1517,430
1517,517
1513,1532
454,1470
454,540
672,890
672,735
348,349
348,371
348,392
327,350
327,436
327,829
350,349
350,351
350,373
436,459
436,960
436,524
829,766
330,351
330,353
351,1197
351,1244
353,352
353,354
353,376
354,355
354,377
355,356
355,378
356,357
356,379
357,358
357,380
358,359
358,381
359,360
359,578
360,491
360,710
361,381
361,881
361,1014
341,342
341,1383
341,471
342,539
1383,1385
471,1102
471,1036
539,714
1254,409
1254,453
344,1363
1363,606
1363,735
1363,1364
346,1579
1579,475
1579,1577
455,412
349,372
349,830
371,394
371,895
392,415
392,522
372,373
372,1003
830,809
830,831
373,352
373,374
1197,1153
1197,1220
1244,745
1244,1221
1244,1243
352,375
352,1000
375,376
375,398
375,1089
1000,977
1000,999
1000,1001
376,377
376,399
377,378
377,400
378,379
378,401
379,380
379,402
380,381
380,403
381,404
578,555
578,776
578,1038
491,490
491,602
491,667
710,733
710,755
710,1060
881,882
881,904
1014,601
1014,668
1014,991
448,643
448,665
448,732
382,383
382,1144
1471,429
1471,473
1471,1470
1277,536
1277,537
1277,645
1188,409
1188,470
1188,515
1515,498
540,735
586,693
586,587
804,803
567,807
394,417
394,893
394,785
895,635
895,894
895,896
1003,569
1003,613
1003,1002
374,397
374,484
397,398
397,420
484,485
484,505
484,507
398,399
398,421
1089,438
1089,526
1089,1112
399,400
399,422
400,401
400,423
401,402
401,424
402,403
402,425
403,404
403,708
404,687
383,384
383,580
383,1035
1144,1123
1144,1142
1144,1145
384,385
384,1276
580,1125
580,734
580,1060
1035,1034
1035,1036
385,1276
1276,493
1276,603
451,514
414,961
414,522
415,501
415,678
416,438
416,439
852,875
852,961
852,1116
417,418
417,937
417,1025
893,870
893,894
785,1113
785,939
396,419
396,1221
396,1350
419,418
419,420
419,442
1221,1220
1221,1222
1350,1349
1350,1373
420,421
420,443
421,422
421,444
422,423
422,445
423,424
423,446
424,425
424,447
425,601
708,685
708,707
708,709
687,598
687,624
687,820
405,1011
405,1015
405,1080
405,1102
1011,1010
1015,645
1015,798
1015,1034
1080,537
1080,734
1102,426
406,1231
406,1057
1231,1233
1057,426
1057,1056
1057,1058
1059,426
1059,1039
1342,646
1342,1343
1342,1344
1385,515
408,1123
408,1537
1123,1122
1123,1124
409,495
495,1212
495,627
961,1047
678,1201
678,1157
678,1048
438,548
438,1158
439,418
439,440
439,636
418,441
937,524
937,914
937,938
1025,982
1025,1002
441,442
441,464
442,443
442,465
443,444
443,466
444,445
444,467
445,446
445,468
446,447
446,683
447,711
447,994
601,1039
601,1061
426,1210
1210,1189
1210,1211
1210,1212
427,1146
427,1103
1146,429
1146,691
1146,1126
1103,690
1103,1104
1103,1105
558,712
558,1037
558,1321
429,1473
429,493
1473,517
1473,673
1473,1474
493,492
493,1122
430,1211
1211,1212
1211,1213
1495,473
1495,584
459,635
960,723
960,959
960,1133
524,723
524,697
526,549
809,1181
809,984
548,525
548,571
548,701
1158,679
1158,745
440,463
440,1112
440,1375
636,659
636,1289
636,1203
463,462
463,464
463,486
1112,614
1112,1135
1375,1352
1375,1374
1375,1376
464,465
464,487
465,466
465,488
466,467
466,489
467,468
467,490
468,469
468,794
683,660
683,706
711,559
711,778
711,1062
994,993
994,995
994,1017
643,576
643,600
643,731
665,469
665,642
665,798
732,709
732,778
732,1280
449,625
449,712
449,646
625,557
625,602
625,624
712,689
712,1125
646,1125
646,1169
450,516
450,1298
516,1081
516,537
516,1147
1298,581
1298,1279
514,1058
514,1278
514,1037
452,1339
452,1145
1145,1166
453,1321
453,1296
1321,693
1321,1299
1296,1274
1296,1319
458,611
458,721
458,632
458,786
611,1202
611,1113
721,854
721,1050
721,1005
632,590
632,1004
632,1046
786,460
786,1114
786,1157
635,503
635,658
460,1177
460,1134
460,1135
1177,1176
1177,1178
1177,1134
1134,1136
1134,1155
1135,918
1135,1246
461,1133
461,1179
461,1223
461,1113
1133,1156
1179,938
1179,1156
1179,1178
1223,612
1223,941
1223,1222
1113,810
462,483
462,485
485,486
485,508
486,487
486,509
487,488
487,510
488,489
488,511
489,490
490,772
469,1167
469,1147
794,771
794,795
794,817
1167,470
1167,536
1167,1168
1147,492
1147,648
470,537
470,581
581,559
581,756
1036,689
1036,1034
472,1450
472,561
472,1406
472,691
1450,498
1450,582
1450,1408
561,1166
561,604
561,757
691,1124
473,1233
473,713
1233,1213
1233,1234
713,668
713,1257
603,1256
1166,517
475,1557
1557,1555
1557,1576
476,562
480,591
480,743
480,850
480,897
591,547
591,592
591,1046
743,1334
743,1047
743,1246
850,525
850,655
897,874
897,877
897,943
481,1115
481,1136
481,1155
1115,873
1115,1114
1115,1117
1136,699
1136,1137
1155,1156
505,702
505,1245
507,506
507,508
507,530
508,509
508,531
509,510
509,532
510,511
510,533
511,534
772,749
772,771
772,795
602,1191
667,1038
667,1170
667,1127
492,969
492,1016
969,555
969,970
1016,666
1016,993
1016,1039
1122,1124
1122,1142
494,1320
494,626
494,604
494,1274
1320,560
1320,670
1320,692
626,1344
626,1037
604,1364
604,1081
1212,1193
627,1189
627,1453
627,1474
1581,631
1581,692
1581,1540
722,1050
722,1203
699,1247
699,1004
503,525
503,872
503,959
872,633
872,982
959,612
504,982
504,1071
504,1178
504,1159
1071,984
1071,1072
1071,1073
1178,657
1159,1137
1159,1160
1159,1161
702,679
702,725
702,857
1245,899
1245,1222
1245,1265
506,527
506,529
506,1333
527,528
527,1243
527,1418
529,528
529,530
529,552
1333,1310
1333,1506
1333,1313
530,531
530,553
531,532
531,554
532,555
532,1549
533,556
533,620
534,557
534,599
534,903
753,730
753,776
753,1017
513,600
513,948
513,1082
513,1190
600,556
600,820
948,925
948,947
948,949
1082,645
1082,1105
1190,624
1190,648
1190,734
1058,536
1058,1056
1278,670
1278,755
1278,1255
1037,777
515,1187
515,1256
1187,1189
1256,649
1256,1255
1081,971
518,1365
518,560
1365,736
1365,1364
1365,1366
560,1386
560,1322
1540,1562
1540,1583
716,736
1049,788
1049,941
1049,1051
1091,741
1091,1090
723,746
723,811
697,1027
697,1070
549,550
528,551
528,1246
1243,1220
1243,1266
1418,1417
1418,1419
1418,1394
551,550
551,552
551,574
1246,876
552,553
552,575
553,554
553,576
554,555
554,577
1549,620
1549,1526
1549,1548
556,973
620,619
620,621
557,729
557,559
599,576
599,622
599,644
903,904
903,926
797,774
797,796
797,820
995,972
995,1018
1060,1083
536,1234
1234,670
1234,736
538,1279
1279,1255
1279,1280
714,1476
714,715
735,737
564,649
761,1583
673,605
1048,612
1048,787
546,656
546,831
546,874
656,679
656,789
831,677
831,832
874,851
874,1028
547,700
547,914
547,657
700,633
700,1202
700,899
914,891
914,913
657,1200
657,1376
571,550
571,572
571,1417
701,724
701,856
701,1156
550,573
573,572
573,574
573,596
574,575
574,597
575,576
577,622
577,642
577,775
973,950
973,972
973,996
729,706
729,728
729,752
559,689
689,992
1386,583
1386,737
1386,758
1322,583
1322,1300
1322,1302
757,668
757,1258
757,1192
649,1300
590,1090
807,940
807,1092
568,939
568,1070
568,1201
568,1224
939,916
939,962
1070,963
1070,1068
1201,898
1201,1224
1224,917
569,570
569,592
569,894
570,1200
570,1332
570,1397
592,593
592,615
894,655
1200,680
1332,1309
1332,1331
1397,1374
1397,1420
572,593
572,595
1417,596
593,594
593,833
595,594
595,618
595,835
596,597
596,619
597,598
622,621
622,623
642,619
642,641
775,752
775,754
775,798
776,777
776,799
1038,644
1038,1061
819,796
819,818
819,842
1125,731
734,1430
756,733
756,779
756,1389
582,1275
582,1344
582,1319
1275,648
1275,1255
1344,1367
1319,669
1319,1299
583,715
583,1168
715,1452
1168,1149
1168,1169
584,1430
1430,693
1430,1431
693,647
1005,1006
1005,1007
1090,633
1090,1088
1046,698
615,594
615,616
594,617
833,613
833,834
833,1267
617,616
617,618
617,640
618,619
618,641
835,640
835,814
835,834
598,621
598,793
621,730
793,770
793,792
793,816
644,709
644,1170
820,843
1039,1062
1061,1084
1191,1171
1191,1189
1191,1192
1364,736
605,647
647,802
606,1431
606,1474
1431,1194
1431,1454
918,811
918,963
1004,698
1092,851
1092,916
1202,612
1202,677
613,614
613,808
614,637
614,1093
808,765
808,875
808,1006
637,616
637,638
1093,744
1093,787
616,639
639,638
639,662
639,1398
640,641
640,663
641,664
730,707
730,731
623,624
623,971
623,1083
971,970
971,972
1083,754
1083,1106
1453,758
1453,1452
633,1027
1027,741
634,919
634,1181
634,983
634,787
919,896
919,920
919,1248
1181,965
1181,1182
983,1050
983,1180
787,1069
658,659
658,681
658,746
659,638
659,660
1289,1266
1289,1288
1289,1312
1203,941
1203,1183
638,661
661,660
661,662
661,684
662,663
662,685
1398,1378
1398,1379
1398,1399
663,664
663,1528
664,685
664,752
731,754
1170,1345
1170,1169
1169,1150
802,779
648,1432
1432,803
1432,1455
1300,1299
1300,1302
655,766
655,853
766,767
766,789
853,810
853,854
853,1248
679,680
789,790
789,1574
1376,900
1376,1353
681,660
681,680
681,682
746,769
684,685
684,707
1528,1483
1528,1527
1528,1529
752,751
798,821
666,774
666,974
666,1017
774,751
974,951
974,975
974,997
1127,1126
1127,1129
1127,1148
668,1388
1388,777
1388,1389
1388,1411
669,845
669,1257
845,822
845,844
845,846
1257,1151
1257,1238
670,1343
1343,1345
890,867
890,889
890,891
742,1116
742,1180
742,1028
677,1047
677,1072
1047,788
1072,832
1072,984
1157,917
1157,938
682,705
682,1377
682,1462
705,704
705,706
705,728
1377,745
1377,1354
1462,813
1462,1461
1462,1551
706,707
992,733
992,991
992,993
690,1192
690,1366
1192,1171
1366,1387
1124,1126
692,1235
692,1236
1235,1215
1235,1236
1235,1237
1236,1237
1236,1238
698,1006
1006,1007
1247,811
1247,854
1247,940
724,725
724,1355
856,855
856,857
856,878
725,704
725,726
857,834
704,727
727,726
727,728
727,750
728,751
733,800
755,1019
755,1105
778,779
1062,1258
1476,801
1476,1477
1476,1499
811,963
1355,940
1355,1354
726,749
749,748
749,750
750,751
754,1018
1280,1281
800,1367
800,1104
741,1068
741,873
1068,1069
1068,1088
873,1116
873,1180
1116,1114
1180,1160
1028,1029
1028,1030
1334,855
1334,942
1334,1311
744,1378
744,1268
744,1069
1378,1379
1268,788
1268,1249
1268,1267
1069,962
745,768
768,767
768,769
768,791
769,748
769,770
748,771
748,924
771,770
924,925
924,947
1018,1019
1018,1041
1019,996
1019,1020
1105,1128
1389,1390
1389,1412
1258,1238
1408,1387
1583,1562
917,851
765,832
765,1267
832,834
1267,1266
767,790
767,1311
790,791
790,813
1311,1288
1311,1310
791,770
791,792
795,796
795,818
799,822
799,1301
1114,875
788,1464
1464,1441
1464,1444
1464,1465
1574,1572
1574,1575
1574,1576
813,792
813,1485
792,815
815,814
815,816
815,838
816,817
816,839
817,818
817,840
818,841
821,822
821,844
821,1411
1301,1194
1301,1302
1301,1299
1367,1368
1367,1390
1104,1084
1104,1106
801,1237
801,1323
1323,1324
1323,1303
1323,1325
913,912
940,1138
875,876
984,1030
810,1205
810,1269
1205,1204
1205,1225
1269,941
1269,1270
963,1424
922,921
922,1576
1552,1572
1485,966
1485,1484
1485,1441
814,837
814,1551
837,838
837,860
1551,1529
1551,1530
838,839
838,861
839,840
839,862
840,841
840,863
841,842
841,864
842,843
842,865
843,844
843,866
844,867
1411,1412
1411,1434
846,847
1454,1455
1454,1477
859,860
859,882
860,861
860,883
861,862
861,884
862,863
862,885
863,864
863,886
864,865
864,887
865,866
865,888
866,867
866,889
847,870
1248,898
1248,962
855,878
878,877
882,883
882,905
883,884
883,906
884,885
884,907
885,886
885,908
886,887
886,909
887,888
887,910
888,889
888,911
889,912
876,877
877,900
900,1420
904,905
904,927
905,906
905,928
906,907
906,929
907,908
907,930
908,909
908,931
909,910
909,932
910,911
910,933
911,912
911,934
912,935
891,1542
1542,1519
1542,1543
896,938
896,985
985,898
985,962
985,986
943,942
943,966
943,986
898,1052
1052,1032
1052,1051
1052,1053
1420,1419
925,926
926,927
926,949
927,928
927,950
928,929
928,951
929,930
929,952
930,931
930,953
931,932
931,954
932,933
932,955
933,934
933,956
934,935
934,957
920,921
920,1031
920,1423
921,1117
1031,1029
1031,1032
1031,1051
1423,1424
1117,1118
1576,1575
947,970
949,950
949,972
950,951
951,952
952,953
952,975
953,954
953,976
954,955
954,977
955,956
955,978
956,957
956,979
1138,1137
1138,1139
942,1575
942,1421
1575,1577
1421,1399
986,1009
1010,1009
1010,1030
1335,1312
1335,1313
945,1053
945,1531
945,1555
945,1139
1053,1032
1053,1054
1531,1529
1531,1530
1531,1532
1139,1137
970,993
975,976
975,998
976,977
976,999
977,978
978,979
978,1001
979,1002
965,1094
965,1225
1094,1073
1094,1074
1225,1204
1225,1226
996,997
997,998
997,1020
998,999
999,1022
1001,1002
1030,1029
1009,1029
1020,1043
1041,1042
1043,1042
1042,1065
1065,1240
1084,1086
1240,1217
1240,1263
1240,1346
1106,1086
1128,1129
1128,1151
1128,1109
1129,1152
1129,1239
1151,1149
1152,1304
1239,1216
1239,1262
1239,1238
1153,1176
1153,1172
1304,1281
1304,1305
1304,1261
1176,1309
1345,1368
1345,1346
1171,1172
1309,1308
1309,1310
1193,1216
1193,1194
1193,1195
1216,1217
1216,1214
1194,1217
1217,1218
1195,1218
1195,1214
1195,1215
1218,1241
1328,1305
1328,1327
1328,1329
1241,1264
1262,1263
1262,1285
1262,1261
1263,1264
1263,1286
1346,1327
1346,1347
1264,1265
1264,1287
1266,1265
1285,1286
1285,1308
1286,1287
1286,1505
1265,1288
1287,1288
1287,1310
1281,1282
1281,1519
1282,1305
1282,1261
1307,1308
1307,1330
1308,1331
1505,1482
1505,1504
1505,1506
1312,1290
1302,1303
1303,1326
1303,1261
1326,1325
1326,1327
1326,1324
1329,1330
1329,1352
1330,1331
1330,1353
1331,1354
1324,1325
1324,1347
1325,1348
1347,1370
1347,1327
1348,1349
1348,1371
1348,1372
1352,1353
1353,1354
1506,1507
1506,1486
1368,1391
1370,1371
1370,1393
1349,1371
1349,1392
1373,1372
1373,1374
1373,1396
1390,1391
1390,1413
1391,1392
1391,1414
1392,1393
1371,1372
1393,1394
1372,1395
1395,1394
1395,1396
1395,1440
1396,1419
1412,1413
1412,1435
1413,1414
1413,1436
1414,1437
1394,1440
1434,1435
1434,1457
1435,1436
1435,1458
1436,1437
1436,1459
1437,1438
1437,1460
1438,1461
1455,1456
1455,1478
1456,1457
1456,1479
1457,1458
1457,1480
1458,1459
1458,1481
1459,1460
1459,1482
1460,1461
1460,1483
1461,1484
1477,1478
1477,1500
1478,1479
1478,1501
1479,1480
1479,1502
1480,1481
1480,1503
1481,1482
1481,1504
1482,1483
1483,1484
1499,1500
1499,1522
1500,1501
1500,1523
1501,1502
1501,1524
1502,1503
1502,1525
1503,1504
1503,1526
1504,1527
1521,1522
1521,1544
1522,1523
1522,1545
1523,1524
1523,1546
1524,1525
1524,1547
1525,1526
1525,1548
1526,1527
1507,1486
1543,1544
1544,1545
1545,1546
1546,1547
1547,1548
1032,1051
1034,1054
1054,1056
1073,1074
1086,1088
1086,1109
1088,1109
1126,1148
1142,1162
1148,1149
1148,1150
1149,1150
1160,1161
1160,1162
1161,1162
1162,1163
1163,1182
1182,1183
1204,1226
1213,1214
1213,1215
1214,1215
1226,1249
1270,1290
1270,1291
1290,1291
1290,1292
1291,1292
1313,1314
1359,1379
1399,1401
1441,1465
1444,1465
1486,1487
1486,1488
1487,1488
1488,1510
1529,1530
1530,1532
