0,1561
0,628
0,651
0,780
1561,65
1561,127
1561,346
628,173
628,1277
628,672
651,413
651,455
651,715
780,779
780,781
780,1452
1,24
1,131
1,823
1,1040
24,47
24,1063
24,1085
131,110
131,262
131,1023
823,87
823,822
823,1280
1040,668
1040,1017
1040,1041
2,3
2,25
2,1064
2,1563
3,4
3,26
3,1564
25,48
25,1174
25,1563
1064,1041
1064,1065
1064,1087
1563,1152
1563,1564
4,5
4,27
4,1565
26,49
26,1173
26,1219
1564,45
1564,1565
5,28
5,1351
5,1566
27,28
27,50
27,1196
1565,1542
1565,1566
28,29
28,51
1351,1350
1351,1352
1351,1374
1566,1543
1566,1567
6,7
6,29
6,1439
6,1567
7,8
7,30
7,1568
29,30
29,52
1439,549
1439,1438
1439,1440
1567,1544
1567,1568
8,9
8,31
8,1569
30,31
30,53
1568,1545
1568,1569
9,10
9,32
9,1570
31,54
31,703
1569,1546
1569,1570
10,11
10,1550
10,1571
32,55
32,165
32,879
1570,575
1570,1547
11,747
11,923
11,989
1550,1332
1550,1527
1550,1573
1571,1396
1571,1507
1571,1548
747,724
747,726
747,746
923,230
923,900
923,922
989,34
989,167
989,987
12,836
12,901
12,1442
12,1573
836,837
836,857
836,859
901,880
901,925
901,1422
1442,33
1442,637
1442,1419
1573,122
1573,1397
13,1012
13,1378
13,922
13,1313
1012,79
1012,404
1012,1011
1378,1379
1378,1380
1378,1398
922,902
922,921
1313,898
1313,1290
1313,1314
14,1075
14,1186
14,1030
14,920
1075,1055
1075,1073
1075,1074
1186,385
1186,409
1186,1184
1030,1007
1030,1031
1030,1029
920,919
920,921
920,1202
15,1226
15,1251
15,1357
15,1077
1226,78
1226,1225
1226,1206
1251,57
1251,166
1251,168
1357,101
1357,1356
1357,1337
1077,341
1077,1055
1077,1096
16,1293
16,432
16,1424
16,298
1293,1291
1293,1292
1293,1295
432,149
432,195
432,520
1424,1423
1424,1425
1424,1426
298,1099
298,1316
298,1297
17,258
17,259
17,19
17,1294
258,256
258,281
258,1491
259,63
259,564
259,522
19,1450
19,86
19,1428
1294,189
1294,278
1294,343
18,1406
18,1425
18,1316
18,1535
1406,105
1406,387
1406,559
1425,1405
1425,1426
1316,257
1316,364
1535,102
1535,299
1535,408
1450,215
1450,648
1450,650
86,736
86,477
86,1430
1428,452
1428,539
1428,604
20,584
20,604
20,673
20,496
584,301
584,1384
584,1430
604,539
604,1540
673,43
673,345
673,1451
496,342
496,516
496,1470
21,759
21,520
21,585
21,1560
759,691
759,1323
759,1517
520,82
520,632
585,452
585,1562
585,1385
1560,42
1560,260
1560,413
22,783
22,848
22,1023
22,1498
783,523
783,782
783,804
848,263
848,847
848,849
1023,1022
1023,1024
1498,1475
1498,1499
1498,1521
23,46
23,1021
23,1107
23,1260
46,45
46,47
46,69
1021,998
1021,1020
1021,1022
1107,1084
1107,1106
1107,1259
1260,1237
1260,1283
1260,1261
47,48
47,70
1063,1061
1063,1083
1063,1084
1085,1062
1085,1108
1085,1130
48,49
48,71
1174,286
1174,1151
1174,1197
49,50
49,72
1173,1172
1173,1196
1173,1171
1219,286
1219,1218
1219,1220
50,51
50,73
1196,156
1196,1328
51,52
51,74
52,53
52,75
53,54
53,76
54,55
54,77
703,680
703,683
703,704
55,56
55,251
165,142
165,187
165,188
879,684
879,858
879,878
33,858
33,1033
33,1463
858,317
858,859
1033,145
1033,296
1033,1032
1463,441
1463,1440
1463,1484
34,946
34,1356
34,1486
946,382
946,947
946,967
1356,789
1356,1355
1486,812
1486,1465
1486,1467
35,80
35,1185
35,1400
35,1443
80,1248
80,1164
80,1337
1185,253
1185,1183
1185,1184
1400,79
1400,1377
1400,1399
1443,1420
1443,1441
1443,1444
36,1120
36,1205
36,1336
36,100
1120,212
1120,233
1120,966
1205,103
1205,812
1205,1204
1336,900
1336,1334
1336,1337
100,77
100,99
100,123
37,1053
37,1161
37,1295
37,1121
1053,78
1053,1051
1053,1052
1161,811
1161,1141
1161,1159
1295,191
1295,1384
1121,1101
1121,1119
1121,1140
38,105
38,1449
38,1360
38,1338
105,1578
105,1385
1449,322
1449,516
1449,1408
1360,321
1360,1359
1360,1361
1338,169
1338,192
1338,1318
39,1381
39,409
39,127
39,1470
1381,1358
1381,1404
1381,1379
409,103
409,342
127,1340
127,278
1470,83
1470,171
40,652
40,453
40,738
40,1492
652,43
652,565
652,720
453,104
453,1296
453,563
738,653
738,740
738,761
1492,83
1492,517
1492,1491
41,1407
41,457
41,1473
41,196
1407,411
1407,1386
1407,1405
457,324
457,435
457,763
1473,1453
1473,1471
1473,1474
196,129
196,695
196,693
42,107
42,1581
42,433
107,106
107,109
107,716
1581,456
1581,518
1581,562
433,345
433,389
433,1537
43,630
43,1366
630,414
630,475
630,632
1366,581
1366,1365
1366,1367
44,129
44,1453
44,1042
44,1409
129,519
129,543
1453,715
1453,1433
1042,1041
1042,1043
1042,1065
1409,518
1409,1408
1409,1432
45,68
45,1475
68,67
68,69
68,91
1475,778
1475,800
69,70
69,92
70,71
70,93
71,72
71,94
72,73
72,95
73,74
73,96
74,75
74,97
75,76
75,98
76,77
76,99
77,1509
56,57
56,79
56,1076
251,250
251,252
251,274
57,1208
57,1508
79,102
1076,209
1076,211
1076,275
1208,166
1208,167
1208,275
1508,615
1508,1507
1508,1509
58,81
58,1359
58,1230
58,964
81,82
81,1555
81,1184
1359,1339
1359,1358
1230,363
1230,1231
1230,1250
964,766
964,945
964,963
59,1054
59,148
59,323
59,299
1054,1055
1054,1056
1054,1074
148,1558
148,1315
148,1228
323,1318
323,1490
323,387
299,497
299,1274
60,1446
60,124
60,389
60,1271
1446,1444
1446,1445
1446,1448
124,125
124,1228
124,257
389,104
389,629
1271,101
1271,212
1271,1270
61,324
61,1361
61,1468
61,280
324,1537
324,370
1361,255
1361,341
1468,169
1468,1448
1468,1466
280,168
280,542
280,1404
62,544
62,1558
62,431
62,586
544,370
544,458
544,523
1558,410
1558,1516
431,454
431,1495
431,542
586,237
586,477
586,1582
63,695
63,367
63,562
695,392
695,737
367,474
367,1317
367,1340
562,1341
562,1471
64,281
64,346
64,411
64,1562
281,130
281,283
346,454
346,1537
411,390
411,694
1562,670
1562,694
65,543
65,304
65,194
543,740
543,588
304,128
304,302
304,499
194,108
194,523
194,239
66,67
66,89
66,153
66,824
67,90
67,1108
89,88
89,90
89,112
153,132
153,152
153,805
824,846
824,1454
824,1474
90,91
90,113
1108,157
1108,1131
91,92
91,114
92,93
92,115
93,94
93,116
94,95
94,117
95,96
95,118
96,97
96,119
97,98
97,120
98,99
98,121
99,900
1509,854
1509,1487
78,1574
78,1292
1574,1572
1574,1575
1574,1576
1292,1290
1292,1291
102,944
102,1140
1248,918
1248,1227
1248,1247
1164,343
1164,408
1164,1143
1337,1339
82,1580
82,106
1555,168
1555,190
1555,1554
1184,1183
1580,388
1580,672
1580,1578
106,126
106,693
83,195
83,478
195,1538
195,936
478,611
478,741
478,654
84,1429
84,540
84,501
84,1538
1429,322
1429,495
1429,647
540,1341
540,1496
540,1387
501,852
501,917
501,873
1538,303
1538,388
85,542
85,239
85,760
85,631
542,1540
239,238
239,240
760,609
760,696
760,1516
631,476
631,479
631,521
736,541
736,669
736,716
477,609
477,1514
1430,650
1430,1431
87,825
87,868
87,1541
825,671
825,802
825,826
868,802
868,867
868,869
1541,672
1541,713
1541,1518
88,109
88,805
88,847
109,391
109,1497
805,371
805,390
847,846
847,870
112,111
112,113
112,135
113,114
113,136
114,115
114,137
115,116
115,138
116,117
116,139
117,118
117,140
118,119
118,141
119,120
119,142
120,121
120,143
121,122
121,232
900,877
123,122
123,146
123,343
101,144
101,1270
144,987
144,1250
144,1512
1270,898
1270,1272
944,942
944,943
944,945
1140,103
1140,1119
103,1575
1575,1576
1575,1577
104,1253
104,255
1253,538
1253,1252
1253,1341
255,1229
255,1556
1578,1559
1385,169
1385,671
126,125
126,1472
126,452
693,474
693,605
716,108
716,456
108,283
108,326
283,545
283,369
326,325
326,327
326,523
391,172
391,370
391,414
1497,1517
1497,1518
1497,1539
110,111
110,133
110,1131
111,134
111,1283
133,132
133,134
133,156
1131,267
1131,1154
134,135
134,157
1283,1282
1283,1284
135,136
135,158
136,137
136,159
137,138
137,160
138,139
138,161
139,140
139,162
140,141
140,163
141,142
141,164
142,143
143,990
143,1057
122,164
232,231
232,233
232,1207
164,163
164,187
146,145
146,147
146,1404
343,1512
125,1489
125,236
1228,256
1228,1209
257,1514
257,1362
1489,1487
1489,1488
1489,1490
236,282
236,388
236,430
1472,171
1472,192
1472,475
452,497
1340,340
1340,450
278,277
278,279
128,500
128,605
128,455
500,130
500,301
500,785
605,1515
605,1190
455,1495
455,737
519,344
519,518
519,1448
130,717
130,564
717,719
717,849
717,718
564,479
564,1579
262,263
262,437
262,698
132,892
132,1045
892,416
892,891
892,893
1045,176
1045,1022
1045,1044
156,179
156,1067
157,180
157,1259
158,159
158,181
158,1130
159,160
159,182
160,161
160,183
161,162
161,184
162,163
162,185
163,186
990,991
990,1011
990,1013
1057,319
1057,407
1057,469
987,986
987,945
1250,1249
1250,1269
1512,147
1512,1510
145,1139
145,234
1139,812
1139,1207
1139,1312
234,211
234,386
234,1514
147,170
147,1513
1404,497
170,151
170,193
170,1272
1513,171
1513,1511
1513,1514
1315,168
1315,1314
1315,1335
149,607
149,347
149,1579
607,1493
607,1451
607,827
347,741
347,587
347,610
1579,344
1579,1559
150,1536
150,606
150,173
150,261
1536,1516
1536,1534
1536,1556
606,152
606,303
606,1494
173,368
173,804
261,219
261,368
261,781
151,152
151,476
151,498
152,434
476,565
476,588
498,366
498,541
498,1452
434,214
434,325
434,784
154,155
154,177
154,1154
154,1175
155,178
155,1369
155,1415
177,176
177,178
177,200
1154,483
1154,1155
1175,1152
1175,1176
1175,1198
178,179
178,201
1369,1368
1369,1370
1369,1392
1415,1414
1415,1416
1415,1438
179,180
179,202
1067,1066
1067,1068
1067,1198
180,181
180,203
1259,801
1259,1258
181,182
181,204
1130,199
1130,1153
182,183
182,205
183,184
183,206
184,185
184,207
185,186
185,208
186,187
186,686
187,210
188,166
188,211
188,1013
166,1096
1096,1094
1096,1095
167,209
167,254
209,208
209,210
254,253
254,256
254,1252
169,1447
1447,320
1447,430
1447,1445
193,216
193,412
193,694
1272,320
1272,1273
171,366
366,237
366,321
172,740
172,545
172,763
740,808
545,739
545,677
763,675
763,676
368,762
368,1427
804,694
804,803
174,175
174,197
174,240
174,217
175,828
175,1024
175,1520
197,176
197,827
197,1066
240,241
240,826
217,216
217,218
217,785
828,765
828,829
828,851
1024,525
1024,1001
1520,1519
1520,1521
1520,1543
176,958
958,935
958,957
958,959
200,199
200,201
200,223
201,202
201,224
202,203
202,225
203,204
203,226
204,205
204,227
205,206
205,228
206,207
206,229
207,208
207,967
208,339
686,533
686,597
686,709
210,233
210,1317
211,1010
1013,425
1013,534
189,1032
189,1469
189,988
1032,1031
1032,1051
1469,1448
1469,1467
1469,1471
988,965
988,1007
988,1008
190,322
190,1557
190,1163
322,1494
1557,215
1557,1556
1557,1559
1163,1143
1163,1162
1163,1182
191,214
191,1537
191,1576
214,213
214,237
1576,1577
192,390
192,410
390,608
410,650
410,412
216,826
216,629
412,260
412,674
936,242
936,913
936,935
827,414
827,762
1066,1043
1066,1065
198,199
198,219
198,980
198,1111
199,1110
219,218
219,915
980,957
980,979
980,981
1111,220
1111,483
1111,1110
1110,1087
1110,1133
223,222
223,224
223,246
224,225
224,247
225,226
225,248
226,227
226,249
227,228
227,250
228,229
228,880
229,230
229,252
967,966
967,968
339,316
339,338
339,340
233,1229
1317,297
1317,340
1010,1009
1010,1011
1010,1008
212,301
212,454
301,213
454,1451
213,235
213,1515
235,1273
235,1296
235,1402
1515,369
1515,629
237,238
215,739
215,675
739,588
739,608
675,260
675,939
826,849
629,737
218,869
218,782
785,741
785,917
869,284
869,870
782,499
782,781
915,656
915,916
915,1027
220,221
220,241
220,243
221,222
221,265
221,1044
241,871
241,1132
243,242
243,244
243,266
222,244
222,245
265,264
265,266
265,288
1044,1043
1044,1087
244,245
244,1199
245,246
245,268
246,247
246,269
247,248
247,270
248,249
248,271
249,250
249,272
250,273
880,881
880,924
230,231
230,535
252,253
252,773
231,295
231,902
535,797
535,995
535,1122
295,294
295,296
295,512
902,319
902,903
1207,300
1207,342
1229,297
1229,1227
386,385
386,387
386,1493
1273,319
1273,340
1296,276
1296,406
1402,1383
1402,1401
1402,1403
282,480
282,781
282,737
388,474
430,300
430,603
238,502
238,632
502,809
502,742
502,1092
632,608
871,546
871,870
871,872
1132,307
1132,397
1132,439
242,263
242,395
263,305
395,372
395,374
395,396
266,267
266,289
1199,1198
1199,1200
1199,1222
268,267
268,269
268,291
269,270
269,292
270,271
270,293
271,272
271,294
272,273
272,968
273,274
273,296
274,275
274,579
253,1165
773,750
773,774
773,796
1165,318
1165,450
1165,471
256,279
1252,495
1252,1275
1556,1554
279,302
279,1493
1362,1363
1362,1364
1362,1382
1491,408
1491,1511
522,917
522,896
522,677
260,696
696,479
696,697
437,415
437,526
437,700
698,566
698,1091
698,1071
305,306
305,328
305,849
264,285
264,287
264,482
285,284
285,1087
285,676
287,286
287,288
287,310
482,459
482,483
482,505
288,289
288,311
267,290
289,290
289,312
290,291
290,313
291,292
291,314
292,293
292,315
293,294
293,316
294,317
968,969
968,991
296,297
275,276
579,556
579,602
579,819
276,277
276,1427
277,1078
277,1319
1427,320
1427,365
1078,361
1078,428
1078,469
1319,320
1319,341
1319,471
302,325
302,387
1493,583
480,591
480,850
480,897
369,851
369,719
284,981
284,1026
981,306
981,526
1026,393
1026,1025
1026,1158
676,414
676,565
286,307
307,306
307,393
310,309
310,311
310,333
311,312
311,334
312,313
312,335
313,314
313,336
314,315
314,337
315,316
315,338
316,317
317,383
512,489
512,511
512,753
297,1341
1099,1079
1099,1097
1099,1098
1297,537
1297,538
1297,1276
497,649
1274,450
1274,451
1274,1275
300,1577
300,321
1577,342
321,1254
325,348
303,719
303,521
719,982
521,674
521,784
499,587
499,566
306,329
328,327
328,329
328,764
329,308
329,330
393,416
393,852
308,309
308,331
308,1306
309,332
309,1416
331,330
331,332
331,354
1306,1305
1306,1307
1306,1329
332,333
332,355
1416,1393
1416,1417
333,334
333,356
334,335
334,357
335,336
335,358
336,337
336,359
337,338
337,360
338,361
383,382
383,384
383,1080
318,1098
318,1122
318,1146
1098,1097
1098,1100
1122,365
1122,427
1146,470
1146,667
1146,691
319,1034
1034,494
1034,1035
1034,1036
1254,363
1254,561
1254,1231
1494,626
1494,649
1318,1320
1318,1339
1490,1471
1490,1488
370,435
348,349
348,371
348,456
327,350
327,458
350,349
350,351
350,373
458,787
458,718
764,591
764,1048
764,872
330,351
330,353
351,1197
351,1241
353,352
353,354
353,376
354,355
354,377
355,356
355,378
356,357
356,379
357,358
357,380
358,359
358,381
359,360
359,578
360,491
360,710
361,381
361,881
341,1035
1035,471
1035,494
344,539
344,1320
539,1145
1320,475
1320,1321
345,1426
345,518
1426,1445
741,1004
587,413
587,762
610,547
610,786
610,1046
349,372
349,830
371,394
371,895
456,563
372,373
372,1003
830,829
830,831
830,985
373,352
373,374
1197,1153
1197,1220
1241,1218
1241,1242
1241,1264
352,375
352,1000
375,376
375,398
375,1089
1000,977
1000,999
1000,1001
376,377
376,399
377,378
377,400
378,379
378,401
379,380
379,402
380,381
380,403
381,404
578,555
578,776
578,1038
491,490
491,602
491,645
710,733
710,755
710,1060
881,882
881,904
362,688
362,1144
362,1187
362,1037
688,538
688,1015
688,1059
1144,557
1144,559
1144,1142
1187,1167
1187,1188
1187,1189
1037,493
1037,1014
1037,1060
363,1166
363,449
1166,448
1166,451
1166,494
449,429
449,558
449,1079
364,1384
364,1142
364,494
1384,429
1142,1141
1142,1143
365,1534
365,451
1534,1532
1534,1533
451,1145
474,626
762,718
851,609
851,874
435,524
435,982
394,417
394,893
394,415
895,635
895,894
895,896
1003,569
1003,613
1003,1002
374,397
374,484
397,398
397,420
484,485
484,505
484,507
398,399
398,421
1089,438
1089,1112
1089,1088
399,400
399,422
400,401
400,423
401,402
401,424
402,403
402,425
403,404
403,708
404,687
382,426
382,623
426,1102
426,1080
426,1147
623,622
623,624
623,1255
384,385
384,971
384,427
1080,473
1080,756
385,1364
971,514
971,970
971,972
427,689
427,1209
1364,715
1364,1343
608,436
392,415
392,983
392,699
415,461
983,460
983,963
983,1004
699,567
699,633
699,1178
416,438
416,439
852,438
852,875
417,418
417,937
417,1025
893,870
893,894
396,419
396,1221
396,1350
419,418
419,420
419,442
1221,1220
1221,1222
1221,1244
1350,1349
1350,1373
420,421
420,443
421,422
421,444
422,423
422,445
423,424
423,446
424,425
424,447
425,601
708,685
708,707
708,709
687,598
687,624
687,820
405,407
405,555
405,1145
405,1102
407,1233
407,1210
555,532
555,554
1145,645
1102,645
1102,1101
406,495
406,1188
406,1081
495,472
1188,515
1188,1167
1081,536
1081,557
1081,1059
1233,536
1233,671
1233,713
1210,1209
1210,1211
1210,1212
408,472
472,583
472,514
650,1583
674,654
674,720
413,784
784,678
461,809
461,1090
461,634
438,548
439,418
439,440
418,441
937,524
937,914
937,938
1025,1002
1025,1068
441,442
441,464
442,443
442,465
443,444
443,466
444,445
444,467
445,446
445,468
446,447
446,683
447,711
447,994
601,1014
601,1039
601,1061
1147,1126
1147,1127
1147,1148
689,800
689,1016
689,1344
1209,1189
428,560
428,1167
428,626
560,473
560,1452
560,1387
1167,1168
626,493
429,646
429,475
646,558
646,1062
646,1232
603,648
603,1344
603,1192
1495,649
1495,1496
524,723
524,1179
982,653
982,743
436,459
436,829
436,960
459,635
459,806
829,766
960,636
960,723
960,959
526,549
526,1093
700,481
700,547
700,1202
548,525
548,571
548,701
440,463
440,1112
440,1375
463,462
463,464
463,486
1112,481
1112,1135
1375,1352
1375,1374
1375,1376
464,465
464,487
465,466
465,488
466,467
466,489
467,468
467,490
468,469
468,794
683,660
683,706
711,733
711,1170
711,778
994,993
994,995
994,1017
448,643
448,665
448,732
643,576
643,600
643,731
665,469
665,642
665,798
732,709
732,778
732,1280
558,493
558,777
1079,1059
1079,1100
450,1298
1298,1279
1298,1299
1298,1300
563,517
563,627
1451,517
787,788
787,899
787,1073
718,807
635,658
635,1268
806,807
806,913
806,850
460,678
460,1133
460,589
678,504
678,567
1133,1156
1133,1134
589,1091
589,1047
589,1049
809,697
809,941
1090,1088
1090,1092
1090,1113
634,567
634,653
634,1116
462,483
462,485
462,1242
485,486
485,508
1242,549
1242,1265
486,487
486,509
487,488
487,510
488,489
488,511
489,490
490,772
794,771
794,795
794,817
470,645
470,712
470,1211
712,537
712,1389
712,800
1211,648
1211,1212
471,492
492,969
492,1082
492,1125
583,1540
583,670
514,600
514,515
473,516
473,1232
516,1235
1232,670
1232,690
565,653
588,761
609,503
611,568
611,657
611,1158
654,1004
654,1113
479,1047
1047,1049
1047,1068
591,592
591,807
850,525
850,655
897,874
897,877
897,943
481,938
481,940
938,939
938,961
940,744
940,941
940,942
505,702
505,1245
507,506
507,508
507,530
508,509
508,531
509,510
509,532
510,511
510,533
511,534
772,749
772,771
772,795
602,625
602,1103
969,970
969,992
1082,513
1082,731
1082,1105
1125,1123
1125,1126
1125,1127
493,1256
1256,690
1256,1255
1256,1258
649,1517
541,758
541,1276
1452,692
566,761
566,961
917,916
873,742
873,743
873,1028
742,765
742,807
1092,590
1092,677
503,525
503,872
503,959
872,721
959,612
504,962
504,984
504,1177
962,939
962,985
962,1069
984,831
984,961
984,1007
1177,1176
1177,1178
1177,1179
702,679
702,725
702,857
1245,1222
1245,1244
1245,1246
506,527
506,529
506,1333
527,528
527,1243
527,1418
529,528
529,530
529,552
1333,1310
1333,1506
1333,1290
530,531
530,553
531,532
531,554
532,1549
533,556
533,620
534,599
534,903
753,730
753,776
753,1017
513,600
513,948
513,1100
600,820
948,925
948,947
948,949
1100,1101
515,1212
515,1363
1212,1213
1363,1343
1363,1365
1235,667
1235,1215
1235,1234
517,648
896,919
896,985
677,941
723,746
723,1422
1179,1156
1179,1178
549,550
1093,876
1093,1094
1093,1095
528,551
528,1246
1243,1220
1243,1244
1243,1266
1418,1417
1418,1419
1418,1394
551,550
551,552
551,574
1246,876
1246,1135
552,553
552,575
553,554
553,576
554,577
1549,620
1549,1526
1549,1548
556,973
556,1124
620,619
620,621
599,576
599,622
599,644
903,904
903,926
797,774
797,796
797,820
995,972
995,1018
536,1169
536,1168
1169,537
1169,1149
1169,1150
1168,1149
1168,1170
537,1126
1126,1127
538,627
627,559
627,758
1496,846
1496,1519
1387,735
1387,1386
758,1299
758,1257
1276,1277
1276,1278
1540,692
546,656
546,831
546,874
656,679
656,789
831,832
874,808
547,914
547,788
914,891
914,913
788,789
788,1137
571,550
571,572
571,1417
701,724
701,856
701,1156
550,573
573,572
573,574
573,596
574,575
574,597
575,576
577,622
577,642
577,775
973,950
973,972
973,996
1124,691
1124,734
1124,1123
557,625
557,729
625,624
625,668
729,706
729,728
729,752
777,776
777,1345
777,1388
559,624
561,1231
561,1518
561,671
1231,1255
1518,1539
761,697
961,918
567,613
613,614
613,833
568,1136
568,722
568,697
1136,786
1136,1116
1136,1134
722,1224
722,810
722,1117
569,570
569,592
569,894
570,1200
570,1332
570,1115
592,593
592,615
894,655
1200,657
1200,680
1332,1309
1332,1331
1115,590
1115,1113
1115,1114
572,593
572,595
1417,596
593,594
593,833
595,594
595,618
595,835
596,597
596,619
597,598
622,621
642,619
642,641
775,752
775,754
775,798
776,799
1038,644
1038,1015
1038,1061
819,796
819,818
819,842
580,1058
580,1123
580,1213
580,1300
1058,1036
1058,1056
1058,1059
1123,1104
1213,667
1213,1214
1300,757
1300,1299
581,1278
581,1234
581,1321
1278,1277
1278,1279
1234,1214
1234,1236
1321,582
1321,1322
582,1275
582,1344
582,1431
1275,1255
1344,1367
1431,1194
1431,1454
670,1517
1582,714
1582,1583
1091,854
1091,916
1049,633
1049,1050
590,1114
590,1046
1114,1094
1114,1113
1046,720
1046,721
615,594
615,616
594,617
833,834
833,1182
617,616
617,618
617,640
618,619
618,641
835,640
835,814
835,834
598,621
598,793
621,730
793,770
793,792
793,816
644,709
644,1170
820,843
1014,668
1014,991
1039,1016
1039,1062
1039,996
1061,1084
1103,757
1103,1101
1103,1104
1192,1172
1192,1193
1192,1194
1190,647
1190,1189
1190,1191
786,1028
786,1027
657,1178
657,1376
1158,679
1158,745
612,1202
612,1223
612,1027
1202,765
1223,918
1223,1222
1223,1224
1027,720
614,637
614,1135
614,1267
637,616
637,638
1135,636
1267,1266
1267,1268
1267,1269
616,639
639,638
639,662
639,1398
640,641
640,663
641,664
730,707
730,731
668,713
1277,1279
672,890
633,1028
633,1048
1028,1006
1048,875
1048,1029
1116,1117
1116,1118
658,659
658,681
658,746
1268,1249
1268,1269
636,659
636,1289
659,638
659,660
1289,1266
1289,1288
1289,1312
638,661
661,660
661,662
661,684
662,663
662,685
1398,744
1398,1379
663,664
663,1528
664,685
664,752
731,754
1170,1345
1062,1258
647,802
647,1191
802,779
1191,733
1191,1189
1583,1542
715,735
1004,1005
655,766
655,853
766,767
853,854
853,1291
853,1204
679,680
789,790
1376,1353
1376,1377
681,660
681,680
681,682
746,769
684,685
684,707
1528,1483
1528,1527
1528,1506
752,751
798,821
798,1015
666,774
666,974
666,1016
666,1017
774,751
974,951
974,975
974,997
1016,993
667,1036
1036,1056
713,1084
669,845
669,1257
669,1301
845,822
845,844
845,846
1257,756
1257,1151
1301,757
1301,1194
1301,1302
890,867
890,889
890,891
939,916
941,921
682,705
682,1377
682,1462
705,704
705,706
705,728
1377,1354
1462,813
1462,1461
1462,1551
706,707
1015,992
800,1128
690,1342
690,1171
1342,714
1342,1322
1342,1343
1171,755
1171,1172
691,692
692,1299
1071,1069
1071,1070
1071,1072
724,725
724,1355
856,855
856,857
856,878
1156,1155
725,704
725,726
857,834
704,727
727,726
727,728
727,750
728,751
733,756
755,1019
755,1105
1060,799
1060,1083
778,779
1389,1388
1389,1390
1389,1412
714,1388
714,1365
1388,1411
1365,1343
735,1345
735,1474
721,1137
721,1180
1137,744
1137,1138
1180,1181
1180,1182
1180,1201
1224,1225
1224,1201
810,1157
810,1397
810,1181
1117,1097
1117,1118
1422,1421
1422,1423
1355,745
1355,1354
726,749
749,748
749,750
750,751
754,1018
754,1083
1280,1281
1280,1279
756,779
734,1410
734,1150
734,1386
1410,799
1410,803
1410,1408
1150,1148
1150,1149
1386,1408
1345,1368
1474,891
808,1203
808,875
765,832
743,1005
743,1312
1005,899
1005,919
1312,1335
744,1070
1070,1069
1070,1072
745,768
745,1244
768,767
768,769
768,791
769,748
769,770
748,771
748,924
771,770
924,925
924,947
1018,1019
1018,1041
1083,1106
1019,996
1019,1020
1105,1128
1105,1104
757,1193
1193,1216
1193,1172
1323,801
1323,1324
1323,1303
1516,1539
832,834
832,963
767,790
767,1311
790,791
790,813
1311,1288
1311,1310
1311,1334
791,770
791,792
795,796
795,818
799,822
899,1160
899,1183
1073,1072
1073,1074
813,792
813,1485
792,815
815,814
815,816
815,838
816,817
816,839
817,818
817,840
818,841
821,822
821,844
821,1411
1128,1129
1128,1151
801,1237
801,1476
1237,1236
1237,1238
1476,803
1476,1477
1476,1499
803,1432
1432,1433
1432,1455
913,912
1203,811
1203,1183
1203,1201
875,876
1157,1134
1157,1155
1157,1159
1397,1374
1397,1420
1181,1162
1181,1182
811,1507
811,1444
1507,1506
1444,1445
812,1553
1553,1533
1553,1552
1553,1554
1485,966
1485,1484
1485,1464
814,837
814,1551
837,838
837,860
1551,1529
1551,1552
838,839
838,861
839,840
839,862
840,841
840,863
841,842
841,864
842,843
842,865
843,844
843,866
844,867
1411,1412
1411,1434
1454,1455
1454,1477
985,986
963,965
859,860
859,882
860,861
860,883
861,862
861,884
862,863
862,885
863,864
863,886
864,865
864,887
865,866
865,888
866,867
866,889
854,855
1291,1290
1204,1206
1204,1225
855,878
855,1334
878,877
1334,1314
882,883
882,905
883,884
883,906
884,885
884,907
885,886
885,908
886,887
886,909
887,888
887,910
888,889
888,911
889,912
876,877
904,905
904,927
905,906
905,928
906,907
906,929
907,908
907,930
908,909
908,931
909,910
909,932
910,911
910,933
911,912
911,934
912,935
919,1423
943,966
943,942
898,1441
898,1052
1441,1421
1441,1464
1052,1050
1052,1051
1160,1138
1160,1159
1160,1162
925,926
926,927
926,949
927,928
927,950
928,929
928,951
929,930
929,952
930,931
930,953
931,932
931,954
932,933
932,955
933,934
933,956
934,935
934,957
918,1095
1095,1094
1423,1421
921,942
947,970
949,950
949,972
950,951
951,952
952,953
952,975
953,954
953,976
954,955
954,977
955,956
955,978
956,957
956,979
970,993
975,976
975,998
976,977
976,999
977,978
978,979
978,1001
979,1002
1069,1068
991,992
992,993
996,997
997,998
997,1020
998,999
999,1022
1001,1002
1007,1006
986,1009
986,965
1009,1008
1009,1011
1020,1043
1031,1029
1031,1050
1065,1240
1258,1238
1240,1217
1240,1263
1240,1346
1198,1261
1106,1086
1106,1104
1129,1152
1129,1239
1129,1086
1151,1109
1152,1304
1239,1216
1239,1262
1239,1238
1153,1176
1153,1109
1304,1281
1304,1305
1304,1302
1176,1309
1155,1134
1309,1308
1309,1310
1216,1217
1216,1195
1194,1217
1217,1218
1195,1218
1195,1214
1195,1215
1328,1305
1328,1327
1328,1329
1225,1206
1262,1263
1262,1285
1262,1261
1263,1264
1263,1286
1346,1326
1346,1327
1346,1347
1264,1265
1264,1287
1265,1266
1265,1288
1285,1284
1285,1286
1285,1308
1286,1287
1286,1505
1287,1288
1287,1310
1281,1282
1281,1519
1282,1305
1282,1261
1519,1542
1284,1307
1284,1303
1307,1308
1307,1330
1308,1331
1505,1482
1505,1504
1505,1506
1302,1303
1302,1322
1303,1326
1326,1325
1326,1327
1329,1330
1329,1352
1330,1331
1330,1353
1331,1354
1335,1358
1335,1314
1324,1325
1324,1347
1324,1322
1325,1348
1325,1327
1347,1370
1347,1348
1348,1349
1348,1371
1352,1353
1353,1354
1358,1339
1367,1368
1367,1390
1368,1391
1370,1371
1370,1393
1349,1371
1349,1372
1373,1372
1373,1374
1373,1396
1390,1391
1390,1413
1391,1392
1391,1414
1392,1393
1392,1394
1371,1372
1393,1394
1372,1395
1395,1394
1395,1396
1395,1440
1396,1419
1412,1413
1412,1435
1413,1414
1413,1436
1414,1437
1419,1420
1420,1399
1434,1433
1434,1435
1434,1457
1435,1436
1435,1458
1436,1437
1436,1459
1437,1438
1437,1460
1438,1461
1433,1456
1455,1456
1455,1478
1456,1457
1456,1479
1457,1458
1457,1480
1458,1459
1458,1481
1459,1460
1459,1482
1460,1461
1460,1483
1461,1484
1440,1421
1477,1478
1477,1500
1478,1479
1478,1501
1479,1480
1479,1502
1480,1481
1480,1503
1481,1482
1481,1504
1482,1483
1483,1484
1499,1500
1499,1522
1500,1501
1500,1523
1501,1502
1501,1524
1502,1503
1502,1525
1503,1504
1503,1526
1504,1527
1521,1522
1521,1544
1522,1523
1522,1545
1523,1524
1523,1546
1524,1525
1524,1547
1525,1526
1525,1548
1526,1527
1542,1543
1543,1544
1544,1545
1545,1546
1546,1547
1547,1548
945,965
1006,1008
1006,1029
1050,1051
1055,1056
1072,1074
1086,1088
1086,1109
1088,1109
1097,1118
1118,1119
1119,1138
1127,1148
1138,1159
1141,1143
1141,1162
1148,1149
1201,1247
1206,1227
1214,1215
1215,1236
1227,1247
1236,1238
1247,1249
1249,1269
1379,1380
1380,1382
1380,1399
1382,1383
1382,1401
1383,1403
1383,1405
1399,1401
1401,1403
1403,1405
1464,1465
1464,1466
1465,1466
1465,1467
1466,1467
1487,1488
1487,1510
1488,1510
1510,1511
1511,1530
1529,1530
1529,1531
1529,1552
1530,1531
1530,1532
1531,1532
1531,1533
1532,1533
1539,1559
1552,1554
