0,1042
0,1582
0,735
0,1452
1042,1041
1042,1043
1042,1065
1582,477
1582,518
1582,630
735,691
735,1255
735,1409
1452,560
1452,670
1452,759
1,24
1,131
1,823
1,1040
24,47
24,1063
24,1085
131,110
131,262
131,1023
823,87
823,822
823,1280
1040,1017
1040,1041
1040,1062
2,3
2,25
2,1064
2,1563
3,4
3,26
3,1564
25,48
25,1174
25,1563
1064,1041
1064,1065
1064,1087
1563,1152
1563,1564
4,5
4,27
4,1565
26,49
26,1173
26,1219
1564,45
1564,1565
5,28
5,1351
5,1566
27,28
27,50
27,1196
1565,1542
1565,1566
28,29
28,51
1351,1350
1351,1352
1351,1374
1566,1543
1566,1567
6,7
6,29
6,1439
6,1567
7,8
7,30
7,1568
29,30
29,52
1439,549
1439,1438
1439,1440
1567,1544
1567,1568
8,9
8,31
8,1569
30,31
30,53
1568,1545
1568,1569
9,10
9,32
9,1570
31,54
31,703
1569,1546
1569,1570
10,11
10,1550
10,1571
32,55
32,165
32,879
1570,575
1570,1547
11,747
11,923
11,989
1550,1332
1550,1527
1550,1573
1571,1396
1571,1507
1571,1548
747,724
747,726
747,746
923,230
923,900
923,987
989,34
989,167
989,987
12,836
12,901
12,1442
12,1573
836,837
836,857
836,859
901,880
901,925
901,1052
1442,33
1442,637
1442,1419
1573,122
1573,1397
13,59
13,1575
13,1117
13,1031
59,988
59,1471
59,1205
1575,1574
1575,1577
1117,1116
1117,1118
1117,1119
1031,899
1031,1029
1031,1030
14,80
14,1443
14,1204
14,1530
80,1467
80,1448
80,1340
1443,35
1443,1420
1443,1424
1204,722
1204,1184
1204,1203
1530,812
1530,1529
1530,1531
15,1251
15,1357
15,124
15,1098
1251,57
1251,166
1251,409
1357,855
1357,1338
1357,1355
124,1273
124,1185
124,1100
1098,318
1098,1077
1098,1096
16,1075
16,1336
16,126
16,1205
1075,209
1075,964
1075,1073
1336,811
1336,1316
1336,1337
126,106
126,1468
126,1385
1205,36
1205,1206
17,542
17,1229
17,84
17,171
542,43
542,105
542,738
1229,233
1229,297
1229,408
84,61
84,62
84,366
171,150
171,433
171,519
18,1429
18,38
18,343
18,37
1429,39
1429,583
1429,1430
38,255
38,1140
38,1446
343,1274
343,1559
343,1185
37,1270
37,1576
37,1404
19,105
19,323
19,1535
19,1449
105,1316
105,1294
323,125
323,299
323,473
1535,103
1535,236
1535,412
1449,83
1449,322
1449,585
20,1409
20,824
20,670
20,196
1409,559
1409,560
824,66
824,846
824,1454
670,626
670,1386
196,283
196,326
196,1540
21,42
21,1562
21,1451
21,521
42,1497
42,260
42,629
1562,43
1562,173
1562,691
1451,411
1451,627
1451,1450
521,608
521,586
521,720
22,783
22,848
22,1023
22,1498
783,260
783,782
783,804
848,263
848,847
848,849
1023,1022
1023,1024
1498,1475
1498,1499
1498,1521
23,46
23,1021
23,1107
23,1260
46,45
46,47
46,69
1021,998
1021,1020
1021,1022
1107,1084
1107,1106
1107,1259
1260,1237
1260,1283
1260,1261
47,48
47,70
1063,1061
1063,1084
1063,1086
1085,1062
1085,1108
1085,1130
48,49
48,71
1174,1151
1174,1197
1174,1155
49,50
49,72
1173,1172
1173,1196
1173,1193
1219,286
1219,1218
1219,1220
50,51
50,73
1196,156
1196,1328
51,52
51,74
52,53
52,75
53,54
53,76
54,55
54,77
703,680
703,683
703,704
55,56
55,251
165,142
165,187
165,188
879,684
879,858
879,878
33,858
33,1033
33,1463
858,317
858,859
1033,145
1033,296
1033,1032
1463,441
1463,1440
1463,1484
34,946
34,1356
34,1400
946,382
946,947
946,967
1356,810
1356,876
1356,1355
1400,35
1400,79
1400,1377
35,1185
35,1469
1185,253
1469,103
1469,1468
1469,1470
36,1426
36,189
36,1076
1426,1424
1426,1425
1426,1445
189,103
189,1183
189,1315
1076,56
1076,211
1076,275
1270,1268
1270,1269
1270,1271
1576,191
1576,965
1576,1574
1404,104
1404,146
1404,257
255,102
255,1358
255,341
1140,1121
1140,1138
1140,1141
1446,1444
1446,1447
1446,1466
39,1580
39,1578
39,40
1580,82
1580,630
1580,672
1578,167
1578,365
1578,1558
40,606
40,1494
40,239
606,412
606,540
606,586
1494,322
1494,430
1494,649
239,238
239,240
239,674
41,107
41,390
41,696
41,543
107,85
107,194
107,673
390,128
390,454
390,498
696,498
696,520
696,719
543,477
543,1537
543,1539
1497,108
1497,673
1497,1474
260,62
260,433
629,64
629,152
629,1474
43,1583
43,1518
1583,652
1583,1540
1518,716
1518,758
1518,1538
44,283
44,760
44,129
44,736
283,237
283,281
760,262
760,499
760,1538
129,149
129,370
129,609
736,1299
736,1213
736,1343
45,68
45,1475
68,67
68,69
68,91
1475,778
1475,800
69,70
69,92
70,71
70,93
71,72
71,94
72,73
72,95
73,74
73,96
74,75
74,97
75,76
75,98
76,77
76,99
77,100
77,1509
56,57
56,79
251,250
251,252
251,274
57,1208
57,1508
79,102
79,1294
1208,166
1208,167
1208,275
1508,615
1508,1507
1508,1506
58,81
58,1209
58,1227
58,1339
81,82
81,1445
81,1250
1209,320
1209,362
1209,1210
1227,144
1227,168
1227,1225
1339,62
1339,319
1339,1337
988,1007
988,1008
988,1009
1471,346
1471,475
1471,1470
60,280
60,1164
60,1361
60,1513
280,213
280,234
280,1406
1164,1163
1164,1165
1164,1183
1361,104
1361,367
1361,496
1513,431
1513,432
1513,1493
61,1359
61,1228
61,1557
1359,1360
1359,1379
1359,1380
1228,944
1228,1230
1228,1248
1557,106
1557,498
1557,1555
62,259
259,1561
259,501
259,479
63,235
63,389
63,1448
63,1495
235,213
235,1273
235,497
389,256
389,587
389,499
1448,321
1448,364
1495,649
1495,759
1495,1496
64,671
64,497
64,653
671,1299
671,1493
671,1364
497,281
497,1581
653,281
653,522
653,1004
65,86
65,1408
65,761
65,781
86,651
86,562
86,370
1408,387
1408,519
1408,669
761,436
761,455
761,719
781,261
781,780
781,782
66,67
66,89
66,153
67,90
67,1108
89,88
89,90
89,112
153,132
153,152
153,805
90,91
90,113
1108,157
1108,1131
91,92
91,114
92,93
92,115
93,94
93,116
94,95
94,117
95,96
95,118
96,97
96,119
97,98
97,120
98,99
98,121
99,100
99,900
100,123
100,253
1509,854
1509,1510
1509,1511
78,1074
78,1272
78,1161
78,1139
1074,942
1074,945
1074,1073
1272,170
1272,1271
1272,1273
1161,1160
1161,1162
1161,1163
1139,810
1139,1207
1139,1312
102,1514
102,1383
1294,1274
1294,1292
1467,168
1467,1447
1467,1465
1340,257
1340,410
1340,472
82,1556
82,1384
1445,1425
1445,1444
1250,103
1250,125
1250,148
1556,301
1556,1536
1556,1555
1384,300
1384,584
1384,1295
83,301
83,673
83,1473
301,195
301,628
673,1453
1473,322
1473,411
1473,474
366,1253
366,454
366,586
85,693
85,435
85,367
693,173
693,562
693,692
435,520
435,676
435,652
367,151
367,1318
651,172
651,431
651,675
562,608
562,1298
370,520
370,740
87,825
87,868
87,1541
825,109
825,802
825,826
868,802
868,867
868,869
1541,692
1541,713
1541,847
88,109
88,805
88,827
109,218
109,738
805,371
805,694
827,195
827,197
827,720
112,111
112,113
112,135
113,114
113,136
114,115
114,137
115,116
115,138
116,117
116,139
117,118
117,140
118,119
118,141
119,120
119,142
120,121
120,143
121,122
121,232
900,877
900,1376
123,122
123,146
123,144
253,252
253,254
101,902
101,1184
101,1489
101,1468
902,231
902,903
902,922
1184,1182
1184,1186
1489,1487
1489,1488
1489,1490
1468,1466
1514,473
1514,1512
1514,1515
1383,298
1383,411
1383,1382
104,1253
104,213
1253,450
1253,494
213,214
1316,1314
1316,1337
106,365
106,303
365,432
365,1472
303,607
303,410
303,672
194,300
194,282
194,195
108,674
108,1559
108,1474
674,128
674,346
1559,191
1559,386
1474,1453
218,217
218,219
218,869
738,216
738,1560
110,111
110,133
110,1131
111,134
111,1283
133,132
133,134
133,156
1131,267
1131,1154
134,135
134,157
1283,1282
1283,1284
135,136
135,158
136,137
136,159
137,138
137,160
138,139
138,161
139,140
139,162
140,141
140,163
141,142
141,164
142,143
143,990
143,1142
122,164
232,231
232,233
232,1207
164,163
164,187
146,145
146,147
144,987
144,1034
1273,340
1100,319
1100,386
1100,1099
125,1380
125,1428
1380,1360
1380,1378
1428,364
1428,407
1428,1407
1385,257
1385,408
1385,585
127,499
127,193
127,455
127,608
499,476
193,170
193,216
193,565
455,500
455,652
608,412
128,717
128,1561
717,587
717,1517
717,737
1561,130
1561,757
149,587
149,1295
149,1534
609,413
609,566
609,808
130,413
130,715
130,695
413,631
413,741
715,1364
715,1410
715,1537
695,172
695,215
695,694
262,263
262,437
132,892
132,1045
892,416
892,891
892,893
1045,176
1045,1022
1045,1044
156,179
156,1067
157,180
157,1259
158,159
158,181
158,1130
159,160
159,182
160,161
160,183
161,162
161,184
162,163
162,185
163,186
990,991
990,1011
990,1013
1142,1121
1142,1143
1142,1144
987,986
1034,1035
1034,1054
1034,1055
145,1447
145,1056
1447,212
1056,426
1056,449
1056,1057
147,170
147,1470
147,1512
170,151
1470,1472
1512,1510
1512,1531
148,215
148,456
148,324
215,1492
215,236
456,632
456,650
456,1538
324,192
324,694
324,391
587,545
1295,191
1295,363
1534,320
1534,345
1534,1515
150,388
150,564
150,565
388,1450
388,1319
388,1403
564,258
564,344
564,1536
565,782
565,654
151,152
151,1560
152,740
1560,583
1560,628
740,217
740,631
154,155
154,177
154,1154
154,1175
155,178
155,1369
155,1415
177,176
177,178
177,200
1154,483
1154,1155
1175,1152
1175,1176
1175,1198
178,179
178,201
1369,1368
1369,1370
1369,1392
1415,1414
1415,1416
1415,1438
179,180
179,202
1067,1066
1067,1198
1067,1069
180,181
180,203
1259,801
1259,1258
181,182
181,204
1130,1153
1130,1088
182,183
182,205
183,184
183,206
184,185
184,207
185,186
185,208
186,187
186,686
187,210
188,166
188,211
188,1013
166,1121
1121,1141
167,209
209,208
209,210
168,190
168,452
190,322
190,1249
190,1054
452,169
452,1165
452,1319
169,1516
169,520
169,410
1516,237
1516,278
1516,584
410,605
433,672
433,676
519,347
519,1539
172,345
172,784
345,192
345,1427
784,434
784,457
784,478
173,392
173,195
392,347
392,369
392,415
174,175
174,197
174,240
174,589
175,828
175,1024
175,1520
197,176
197,1066
240,241
240,826
589,874
589,720
589,610
828,765
828,829
828,851
1024,525
1024,1001
1520,1519
1520,1521
1520,1543
176,958
958,935
958,957
958,959
200,199
200,201
200,223
201,202
201,224
202,203
202,225
203,204
203,226
204,205
204,227
205,206
205,228
206,207
206,229
207,208
207,967
208,339
686,533
686,597
686,709
210,233
210,1317
211,234
211,1293
1013,425
1013,534
1183,945
1183,1182
1315,257
1315,1296
1315,1313
1249,963
1249,1247
1249,1248
1054,1053
1054,1055
191,214
214,237
214,434
192,278
192,346
278,277
278,279
346,1493
216,217
216,826
300,1405
300,1515
282,454
282,476
282,585
326,325
326,327
326,590
1540,737
1540,1539
1066,1043
1066,1065
198,199
198,219
198,980
198,1111
199,1110
199,1284
219,261
219,915
980,957
980,979
980,981
1111,220
1111,483
1111,982
1110,1087
1110,1133
1110,1088
1284,1285
1284,1307
223,222
223,224
223,246
224,225
224,247
225,226
225,248
226,227
226,249
227,228
227,250
228,229
228,880
229,230
229,252
967,966
967,968
339,316
339,338
339,340
233,1120
1317,297
1317,340
1317,409
234,1207
234,1144
1293,965
1293,1291
1293,1292
212,1381
212,1314
212,1296
1381,1358
1381,1379
1381,1382
1314,1313
1314,1335
1296,341
1296,1274
237,238
434,325
434,500
1492,541
1492,563
1492,1472
236,498
236,411
217,630
826,849
630,476
869,284
869,870
261,368
261,982
915,285
915,656
915,916
220,221
220,241
220,243
221,222
221,265
221,1044
241,871
241,1132
243,242
243,244
243,266
222,244
222,245
265,264
265,266
265,288
1044,1043
1044,1087
244,245
244,1199
245,246
245,268
246,247
246,269
247,248
247,270
248,249
248,271
249,250
249,272
250,273
880,881
880,924
230,231
230,535
252,773
231,295
535,449
535,797
535,995
295,294
295,296
295,512
1207,1206
1120,945
1120,966
1120,1119
1144,299
1144,492
238,258
238,1537
258,256
258,281
1537,475
871,546
871,870
871,872
1132,307
1132,397
1132,439
242,263
242,395
242,936
263,305
395,372
395,374
395,396
936,785
936,913
936,935
266,267
266,289
1199,1198
1199,1200
1199,1222
268,267
268,269
268,291
269,270
269,292
270,271
270,293
271,272
271,294
272,273
272,968
273,274
273,296
274,275
274,579
773,750
773,774
773,796
254,256
254,1252
254,385
256,279
1252,319
1252,342
1252,1275
385,384
385,386
385,1166
1358,1335
1358,1338
341,558
341,1338
279,302
279,1577
501,939
501,652
501,523
479,481
479,721
479,762
368,762
368,1427
368,1579
982,567
982,962
437,415
437,526
437,1046
305,306
305,328
305,849
264,285
264,287
264,482
285,284
285,1087
287,286
287,288
287,310
482,459
482,483
482,505
288,289
288,311
267,290
289,290
289,312
290,291
290,313
291,292
291,314
292,293
292,315
293,294
293,316
294,317
968,969
968,991
296,297
275,276
579,556
579,602
579,819
276,277
276,1427
276,1101
277,299
277,1078
1427,1407
1101,536
1101,1059
1101,1102
299,540
1078,361
1078,469
1078,470
302,304
302,325
302,387
1577,321
1577,1558
1406,428
1406,517
1406,563
454,1362
476,631
585,477
284,981
284,1026
981,306
981,526
1026,393
1026,1025
1026,1158
286,307
286,1046
307,306
307,393
1046,742
1046,807
310,309
310,311
310,333
311,312
311,334
312,313
312,335
313,314
313,336
314,315
314,337
315,316
315,338
316,317
317,383
512,489
512,511
512,753
297,1166
1166,382
1166,1165
298,1405
298,1536
298,1141
1405,342
1405,474
1536,477
1141,944
540,321
540,1496
1515,412
628,1362
628,1453
304,804
304,676
304,522
325,348
387,386
387,473
607,588
607,759
607,718
672,890
804,414
804,803
676,851
522,524
522,698
306,329
328,327
328,329
328,763
849,502
329,308
329,330
393,416
393,852
308,309
308,331
308,1306
309,332
309,1416
331,330
331,332
331,354
1306,1305
1306,1307
1306,1329
332,333
332,355
1416,1393
1416,1417
333,334
333,356
334,335
334,357
335,336
335,358
336,337
336,359
337,338
337,360
338,361
383,382
383,384
383,1080
318,426
318,1035
318,1036
426,1189
426,1102
1035,1037
1035,1055
1036,472
1036,516
1036,536
319,363
363,1276
363,514
320,1382
320,453
1382,453
453,344
453,1319
321,432
432,1407
473,1363
694,716
391,721
391,741
391,786
348,349
348,371
348,414
327,350
327,458
590,504
590,633
590,831
350,349
350,351
350,373
458,787
458,654
458,1090
763,500
763,631
763,1090
330,351
330,353
351,1197
351,1241
353,352
353,354
353,376
354,355
354,377
355,356
355,378
356,357
356,379
357,358
357,380
358,359
358,381
359,360
359,578
360,491
360,710
361,381
361,881
340,448
448,643
448,665
448,732
558,515
558,1081
558,667
1338,1337
342,539
342,474
539,431
539,714
539,1517
474,428
1274,1276
344,408
344,1581
408,471
1581,541
1581,650
1493,1491
347,566
347,718
566,699
566,1047
718,610
718,782
349,372
349,830
371,394
371,895
414,742
414,697
372,373
372,1003
830,633
830,831
830,1224
373,352
373,374
1197,1153
1197,1220
1241,1218
1241,1242
1241,1264
352,375
352,1000
375,376
375,398
375,1089
1000,977
1000,999
1000,1001
376,377
376,399
377,378
377,400
378,379
378,401
379,380
379,402
380,381
380,403
381,404
578,555
578,776
578,1038
491,490
491,602
491,667
710,733
710,755
710,1060
881,882
881,904
362,364
362,538
362,1011
364,1254
538,471
538,1147
538,1297
1011,1010
1011,1012
1276,691
1276,1256
514,1126
514,690
514,1081
1254,472
1254,515
1254,645
1472,1491
586,739
1318,518
1318,582
1318,605
762,478
762,611
1579,1558
369,478
369,457
369,675
478,764
457,523
457,634
675,785
675,697
394,417
394,893
394,764
895,635
895,894
895,896
1003,569
1003,613
1003,1002
374,397
374,484
397,398
397,420
484,485
484,505
484,507
398,399
398,421
1089,438
1089,526
1089,1112
399,400
399,422
400,401
400,423
401,402
401,424
402,403
402,425
403,404
403,708
404,687
404,1012
382,537
537,428
537,1037
537,1343
384,1362
384,470
1080,495
1080,689
1080,756
1362,430
470,1232
470,1038
1450,475
1450,496
1319,472
1403,1401
1403,1402
1403,1423
721,588
721,898
741,961
741,1070
786,544
786,1092
786,1134
415,461
415,1092
416,438
416,439
852,588
852,875
852,1247
417,418
417,937
417,1025
893,870
893,894
764,545
764,677
396,419
396,1221
396,1350
419,418
419,420
419,442
1221,1220
1221,1222
1221,1244
1350,1349
1350,1373
420,421
420,443
421,422
421,444
422,423
422,445
423,424
423,446
424,425
424,447
425,601
708,685
708,707
708,709
687,598
687,624
687,820
1012,1010
1012,1032
405,1058
405,407
405,688
405,1168
1058,450
1058,513
1058,711
407,646
407,1102
688,1212
688,1104
688,1233
1168,451
1168,1149
1168,1167
406,1016
406,516
406,1143
406,1298
1016,666
1016,993
1016,1039
516,1300
516,1211
1143,493
1143,1145
1298,471
1298,1277
646,561
646,1387
646,1189
1102,1103
471,515
409,584
409,1363
584,1430
1363,669
1363,691
605,561
605,1278
742,765
742,807
697,591
697,698
461,1133
461,1179
461,1223
1092,611
1092,853
438,548
438,1136
439,418
439,440
418,441
937,524
937,914
937,938
1025,1002
1025,1068
441,442
441,464
442,443
442,465
443,444
443,466
444,445
444,467
445,446
445,468
446,447
446,683
447,711
447,994
601,1014
601,1039
601,1061
1189,536
1189,689
427,1230
427,1057
427,1015
427,645
1230,1231
1230,1232
1057,1037
1057,1059
1015,712
1015,798
1015,992
645,580
645,1192
428,1186
1186,1187
1186,1188
429,1124
429,451
429,1320
429,1123
1124,799
1124,1123
1124,1125
451,518
451,1122
1320,518
1320,1322
1320,1341
1123,1104
1123,1125
430,1145
430,1407
1145,1146
1145,1147
431,1360
1360,1341
500,916
436,459
436,960
436,545
459,635
459,806
960,723
960,959
960,1004
545,1048
526,549
548,525
548,571
548,701
1136,460
1136,789
1136,1137
440,463
440,1112
440,1375
463,462
463,464
463,486
1112,678
1112,1135
1375,1352
1375,1374
1375,1376
464,465
464,487
465,466
465,488
466,467
466,489
467,468
467,490
468,469
468,794
683,660
683,706
711,778
711,1366
994,993
994,995
994,1017
643,576
643,600
643,731
665,469
665,642
665,798
732,709
732,778
732,1280
449,1191
449,1014
1191,581
1191,1190
1191,1193
1014,668
1014,991
450,1233
450,1125
1233,1231
1233,1234
1125,1126
1122,559
1122,969
1122,1103
1165,1163
632,481
632,567
632,739
650,563
650,1453
1538,716
523,983
523,678
634,719
634,699
634,1048
787,699
787,788
787,1116
654,984
654,1068
1090,636
1090,678
635,503
635,658
806,807
806,850
806,913
460,1201
460,917
460,1027
1201,481
1201,547
1201,941
917,1115
917,1137
917,1224
1027,941
1027,1005
1027,1028
1133,1156
1133,1134
1179,938
1179,1156
1179,1178
1223,612
1223,919
1223,1222
462,483
462,485
462,1242
485,486
485,508
1242,549
1242,1177
486,487
486,509
487,488
487,510
488,489
488,511
489,490
490,772
469,731
794,771
794,795
794,817
731,730
731,754
1232,581
1232,604
1038,644
1038,1061
515,1146
475,1517
1517,627
481,1047
480,591
480,743
480,850
480,897
591,592
591,1181
743,524
743,1334
743,1048
850,525
850,655
897,874
897,877
897,943
1047,873
1047,1049
505,702
505,1245
507,506
507,508
507,530
508,509
508,531
509,510
509,532
510,511
510,533
511,534
772,749
772,771
772,795
602,625
602,800
667,1170
667,1079
492,969
492,1082
492,1060
969,970
1082,513
1082,557
1082,1105
1060,971
1060,1083
493,1231
493,1148
493,1059
1231,1255
1148,604
1148,689
1148,1127
1059,1079
494,624
494,557
494,1187
624,623
624,625
557,625
557,729
1187,1167
1187,1188
495,1297
495,626
495,1167
1297,561
1297,627
626,541
626,777
1167,1169
496,1188
496,1365
1188,517
1365,692
1365,1364
1365,1366
916,502
916,939
939,570
939,962
502,1071
502,633
1071,1070
1071,1073
1071,1091
633,872
503,525
503,872
503,959
872,940
959,612
504,1070
504,1245
504,1198
1070,1072
1245,1222
1245,1246
702,679
702,725
702,857
506,527
506,529
506,1333
527,528
527,1243
527,1418
529,528
529,530
529,552
1333,1310
1333,1506
1333,1335
530,531
530,553
531,532
531,554
532,555
532,1549
533,556
533,620
534,599
534,903
753,730
753,776
753,1017
513,600
513,948
600,556
600,820
948,925
948,947
948,949
1126,1127
1126,1146
690,625
690,1236
690,1192
1081,536
1081,757
1146,561
1300,1279
1300,1301
1300,1302
1211,1210
1211,1212
1211,1213
517,1341
517,1212
1341,1342
1212,582
1539,739
720,700
524,723
698,700
698,1004
983,547
983,918
983,1265
678,1069
723,746
723,1397
549,550
528,551
528,1246
1243,1220
1243,1244
1243,1266
1418,1417
1418,1419
1418,1394
551,550
551,552
551,574
1246,876
1246,1135
552,553
552,575
553,554
553,576
554,555
554,577
555,1037
1549,620
1549,1526
1549,1548
556,973
620,619
620,621
599,576
599,622
599,644
903,904
903,926
797,774
797,796
797,820
995,972
995,1018
1343,689
1343,1342
1147,648
1147,1127
714,1476
714,780
714,1321
1496,846
1496,1519
541,1430
1430,1431
1048,568
546,656
546,831
546,874
656,679
656,789
831,832
874,851
547,700
547,914
700,1202
914,891
914,913
571,550
571,572
571,1417
701,724
701,856
701,1156
550,573
573,572
573,574
573,596
574,575
574,597
575,576
577,622
577,642
577,775
973,950
973,972
973,996
729,706
729,728
729,752
559,692
559,734
734,581
734,1321
734,1323
560,580
560,1387
580,1039
580,1210
1387,759
1387,1389
563,627
699,1068
567,719
567,610
610,873
568,829
568,1202
568,1072
829,722
829,766
1202,612
1202,765
1072,809
1072,920
569,570
569,592
569,894
570,1200
570,1332
592,593
592,615
894,655
1200,657
1200,680
1332,1309
1332,1331
572,593
572,595
1417,596
593,594
593,833
595,594
595,618
595,835
596,597
596,619
597,598
622,621
622,623
642,619
642,641
775,752
775,754
775,798
776,777
776,799
819,796
819,818
819,842
1039,1062
1210,1190
581,1079
1079,1099
582,1275
582,1344
1275,647
1275,648
1344,1367
1344,1345
1344,1346
583,603
583,1322
603,1170
603,1103
603,1342
1322,712
1322,1323
739,716
588,1004
1181,961
1181,1160
1181,1182
615,594
615,616
594,617
833,613
833,834
833,1267
617,616
617,618
617,640
618,619
618,641
835,640
835,814
835,834
598,621
598,793
621,730
793,770
793,792
793,816
644,709
644,1170
820,843
1061,1084
800,733
800,1190
1170,1345
1103,1104
1342,604
604,1386
1386,668
1386,758
1278,1277
1278,1279
1278,1299
808,785
808,1028
808,1050
873,810
873,1093
611,940
611,1115
940,1291
940,1114
1115,785
1115,961
612,1180
1180,812
1180,875
1180,918
613,614
613,1160
614,637
614,1135
614,1268
1160,1162
637,616
637,638
1135,636
1268,1248
1268,1269
616,639
639,638
639,662
639,1398
640,641
640,663
641,664
730,707
623,971
623,1083
971,970
971,972
1083,754
1083,1106
777,1280
777,1388
658,659
658,681
658,746
636,659
636,1289
659,638
659,660
1289,1266
1289,1288
1289,1312
638,661
661,660
661,662
661,684
662,663
662,685
1398,984
1398,1378
1398,1379
663,664
663,1528
664,685
664,752
1192,1172
1192,1190
647,802
647,1213
647,1321
802,779
1213,712
1321,713
648,1432
648,1255
1432,803
1432,1433
1432,1455
1255,1256
649,713
649,737
713,668
737,1410
984,898
984,1138
1068,1069
655,766
655,853
766,767
766,920
853,810
853,854
679,680
679,1158
789,788
789,790
657,1178
657,1376
657,1007
1178,745
1178,1177
1376,1353
1007,1005
1007,1006
681,660
681,680
681,682
746,769
684,685
684,707
1528,1483
1528,1527
1528,1529
752,751
798,821
666,774
666,974
666,1017
774,751
974,951
974,975
974,997
668,1388
1388,1389
1388,1411
669,845
669,1257
845,822
845,844
845,846
1257,756
1257,1151
1257,1238
1299,1279
1364,1366
890,867
890,889
890,891
851,744
677,1158
677,1134
677,1113
1158,745
1134,722
1113,744
1113,1091
1113,1114
1069,962
682,705
682,1377
682,1462
705,704
705,706
705,728
1377,1354
1377,1378
1462,813
1462,1461
1462,1551
706,707
1104,1106
1236,1215
1236,1234
1236,1235
724,725
724,1355
856,855
856,857
856,878
1156,1155
725,704
725,726
857,834
704,727
727,726
727,728
727,750
728,751
733,756
733,992
755,1019
755,1105
755,1171
778,779
1366,1367
712,1324
1324,1323
1324,1325
1324,1347
1476,801
1476,1477
1476,1499
780,779
780,803
1410,799
1410,803
898,1313
898,1051
722,1334
1334,855
1334,1311
1397,1374
1397,1420
1355,1354
726,749
749,748
749,750
750,751
754,1018
1280,1281
756,779
992,991
992,993
1323,801
961,1094
765,832
807,938
744,1203
744,1091
1203,1157
1203,1182
1091,1093
745,768
745,1244
768,767
768,769
768,791
1244,1267
769,748
769,770
748,771
748,924
771,770
924,925
924,947
1018,1019
1018,1041
1019,996
1019,1020
1105,758
1105,1128
1171,1172
1171,1150
1171,1169
757,1237
757,1128
1237,801
1237,1238
1128,1129
1128,1151
758,996
996,997
832,809
832,834
767,790
767,1311
920,919
920,921
790,791
790,813
1311,1288
1311,1310
791,770
791,792
795,796
795,818
799,822
788,1313
788,1226
1116,1095
1116,1114
1226,964
1226,1224
1226,1225
813,792
813,1485
792,815
815,814
815,816
815,838
816,817
816,839
817,818
817,840
818,841
821,822
821,844
821,1411
913,912
938,896
1028,1008
1028,1029
1050,809
1050,1049
1050,1051
809,1005
1005,1006
811,922
811,1486
811,1118
922,921
922,1466
1486,964
1486,1485
1486,1487
1118,965
1118,1119
812,1053
812,1009
1053,1051
1053,1055
1009,986
1009,1010
1485,966
1485,1484
814,837
814,1551
837,838
837,860
1551,1529
1551,1552
838,839
838,861
839,840
839,862
840,841
840,863
841,842
841,864
842,843
842,865
843,844
843,866
844,867
1411,1412
1411,1434
846,847
1454,1431
1454,1455
1454,1477
1224,1225
1267,1266
1267,1247
859,860
859,882
860,861
860,883
861,862
861,884
862,863
862,885
863,864
863,886
864,865
864,887
865,866
865,888
866,867
866,889
847,870
875,876
875,1159
1247,1248
854,1137
854,1052
1137,1138
1052,921
1052,945
855,878
878,877
882,883
882,905
883,884
883,906
884,885
884,907
885,886
885,908
886,887
886,909
887,888
887,910
888,889
888,911
889,912
1093,1073
1093,1094
876,877
1159,918
1159,1138
1159,1157
904,905
904,927
905,906
905,928
906,907
906,929
907,908
907,930
908,909
908,931
909,910
909,932
910,911
910,933
911,912
911,934
912,935
891,1542
1542,1519
1542,1543
896,919
896,985
919,963
985,942
985,962
985,986
943,966
943,986
943,1488
1051,1032
899,1271
899,941
899,1441
1271,1269
941,1401
1441,944
1441,1464
1441,1465
925,926
926,927
926,949
927,928
927,950
928,929
928,951
929,930
929,952
930,931
930,953
931,932
931,954
932,933
932,955
933,934
933,956
934,935
934,957
918,1094
1094,1095
963,1006
963,1464
921,1119
1466,1465
947,970
949,950
949,972
950,951
951,952
952,953
952,975
953,954
953,976
954,955
954,977
955,956
955,978
956,957
956,979
1291,1290
1291,1292
1114,942
1401,1399
1401,1402
942,1162
1162,1163
1488,1487
1488,1490
944,1511
1511,1491
1511,1510
970,993
975,976
975,998
976,977
976,999
977,978
978,979
978,1001
979,1002
1006,1008
1464,1444
1464,1465
964,1206
1206,1225
965,1424
1424,1425
997,998
997,1020
998,999
999,1022
1001,1002
1265,1264
1265,1266
1265,1288
1020,1043
1010,1008
1062,1258
1065,1240
1084,1086
1258,1238
1258,1256
1240,1217
1240,1263
1240,1346
1106,1086
1129,1152
1129,1239
1129,1109
1151,1109
1152,1304
1239,1216
1239,1262
1239,1238
1153,1176
1153,1109
1312,1335
1312,1290
1304,1281
1304,1305
1304,1302
1176,1177
1176,1309
1155,1157
1345,1368
1345,1326
1172,1150
1177,1157
1309,1308
1309,1310
1193,1216
1193,1194
1216,1217
1216,1195
1194,1217
1194,1301
1194,1431
1217,1218
1301,1302
1301,1303
1431,1433
1195,1218
1195,1214
1195,1215
1328,1305
1328,1327
1328,1329
1262,1263
1262,1285
1262,1261
1263,1264
1263,1286
1346,1327
1346,1347
1264,1287
1285,1286
1285,1308
1286,1287
1286,1505
1287,1288
1287,1310
1281,1282
1281,1519
1282,1305
1282,1261
1307,1308
1307,1330
1308,1331
1505,1482
1505,1504
1505,1506
1302,1303
1303,1326
1303,1261
1326,1325
1326,1327
1329,1330
1329,1352
1330,1331
1330,1353
1331,1354
1325,1348
1325,1327
1347,1370
1347,1348
1348,1349
1348,1371
1352,1353
1353,1354
1506,1507
1367,1368
1367,1390
1368,1391
1370,1371
1370,1393
1349,1371
1349,1372
1373,1372
1373,1374
1373,1396
1390,1389
1390,1391
1390,1413
1391,1392
1391,1414
1392,1393
1392,1394
1371,1372
1393,1394
1372,1395
1395,1394
1395,1396
1395,1440
1396,1419
1389,1412
1412,1413
1412,1435
1413,1414
1413,1436
1414,1437
1419,1420
1420,1399
1434,1433
1434,1435
1434,1457
1435,1436
1435,1458
1436,1437
1436,1459
1437,1438
1437,1460
1438,1461
1433,1456
1455,1456
1455,1478
1456,1457
1456,1479
1457,1458
1457,1480
1458,1459
1458,1481
1459,1460
1459,1482
1460,1461
1460,1483
1461,1484
1440,1421
1477,1478
1477,1500
1478,1479
1478,1501
1479,1480
1479,1502
1480,1481
1480,1503
1481,1482
1481,1504
1482,1483
1483,1484
1499,1500
1499,1522
1500,1501
1500,1523
1501,1502
1501,1524
1502,1503
1502,1525
1503,1504
1503,1526
1504,1527
1521,1522
1521,1544
1522,1523
1522,1545
1523,1524
1523,1546
1524,1525
1524,1547
1525,1526
1525,1548
1526,1527
1507,1487
1543,1544
1544,1545
1545,1546
1546,1547
1547,1548
1029,1030
1029,1049
1030,1032
1030,1049
1077,1096
1077,1097
1077,1099
1086,1088
1088,1109
1095,1096
1095,1097
1096,1097
1097,1099
1127,1149
1149,1150
1149,1169
1150,1169
1214,1215
1214,1234
1214,1235
1215,1235
1234,1235
1256,1277
1269,1290
1277,1279
1290,1292
1378,1379
1399,1421
1399,1422
1402,1422
1402,1423
1421,1422
1421,1423
1422,1423
1425,1444
1490,1491
1490,1510
1529,1531
1531,1532
1532,1533
1532,1552
1532,1553
1533,1553
1533,1554
1533,1555
1552,1553
1552,1554
1553,1554
1554,1555
1572,1574
