0,20
0,759
0,607
0,563
20,390
20,1515
20,1558
759,195
759,1452
759,1497
607,192
607,391
607,431
563,63
563,322
563,696
1,24
1,131
1,823
1,1040
24,47
24,1063
24,1085
131,110
131,262
131,1023
823,87
823,822
823,1280
1040,996
1040,1017
1040,1041
2,3
2,25
2,1064
2,1563
3,4
3,26
3,1564
25,48
25,1174
25,1563
1064,1041
1064,1065
1064,1087
1563,1152
1563,1564
4,5
4,27
4,1565
26,49
26,1173
26,1219
1564,45
1564,1565
5,28
5,1351
5,1566
27,28
27,50
27,1196
1565,1542
1565,1566
28,29
28,51
1351,1350
1351,1352
1351,1374
1566,1543
1566,1567
6,7
6,29
6,1439
6,1567
7,8
7,30
7,1568
29,30
29,52
1439,549
1439,1438
1439,1440
1567,1544
1567,1568
8,9
8,31
8,1569
30,31
30,53
1568,1545
1568,1569
9,10
9,32
9,1570
31,54
31,703
1569,1546
1569,1570
10,11
10,1550
10,1571
32,55
32,165
32,879
1570,575
1570,1547
11,747
11,923
11,989
1550,1332
1550,1527
1550,1573
1571,1396
1571,1507
1571,1548
747,724
747,726
747,746
923,143
923,230
923,900
989,167
989,987
989,1314
12,836
12,901
12,1442
12,1573
836,837
836,857
836,859
901,880
901,925
901,1033
1442,33
1442,637
1442,1419
1573,1397
1573,1572
13,1486
13,1183
13,1225
13,1508
1486,78
1486,945
1486,1464
1183,124
1183,1164
1183,1184
1225,1206
1225,1224
1225,1226
1508,57
1508,615
1508,1507
14,80
14,1443
14,1182
14,1228
80,1357
80,1447
80,1272
1443,35
1443,788
1443,1420
1182,899
1182,1162
1182,1181
1228,38
1228,1209
1228,1227
15,1251
15,1357
15,82
15,1207
1251,57
1251,166
1251,212
1357,855
1357,945
82,81
82,1580
82,127
1207,100
1207,232
1207,321
16,1250
16,105
16,1339
16,1139
1250,1230
1250,1248
1250,1249
105,542
105,1316
105,342
1339,385
1339,1338
1339,1340
1139,945
1139,1138
1139,1140
17,1358
17,1359
17,1491
17,84
1358,104
1358,1335
1358,1381
1359,255
1359,1360
1359,1361
1491,38
1491,104
1491,147
84,542
84,343
84,1385
18,496
18,1472
18,561
18,606
496,235
496,320
496,388
1472,40
1472,60
1472,477
561,1583
561,1385
561,1342
606,346
606,629
606,652
19,216
19,38
19,1362
19,413
216,193
216,217
216,826
38,1380
1362,148
1362,627
1362,1360
413,86
413,238
413,457
390,193
390,1516
390,1493
1515,324
1515,346
1515,456
1558,169
1558,321
1558,365
21,673
21,717
21,1408
21,259
673,260
673,347
673,564
717,85
717,477
717,804
1408,40
1408,583
1408,1386
259,217
259,324
259,1516
22,783
22,848
22,1023
22,1498
783,150
783,782
783,804
848,263
848,847
848,849
1023,1022
1023,1024
1498,1475
1498,1499
1498,1521
23,46
23,1021
23,1107
23,1260
46,45
46,47
46,69
1021,998
1021,1020
1021,1022
1107,1084
1107,1106
1107,1259
1260,1237
1260,1283
1260,1241
47,48
47,70
1063,1061
1063,1082
1063,1084
1085,1062
1085,1108
1085,1130
48,49
48,71
1174,1151
1174,1197
1174,1172
49,50
49,72
1173,1172
1173,1196
1173,1171
1219,286
1219,1218
1219,1220
50,51
50,73
1196,156
1196,1328
51,52
51,74
52,53
52,75
53,54
53,76
54,55
54,77
703,680
703,683
703,704
55,56
55,251
165,142
165,187
165,188
879,684
879,858
879,878
33,858
33,1033
33,1463
858,317
858,859
1033,145
1033,296
1463,441
1463,1440
1463,1484
34,946
34,1356
34,812
34,1554
946,382
946,947
946,967
1356,876
1356,965
1356,1355
812,1006
812,898
812,944
1554,81
1554,1552
1554,1553
35,1185
35,1400
35,1186
1185,253
1185,1184
1185,1187
1400,79
1400,920
1400,1377
1186,428
1186,430
1186,473
36,1316
36,1143
36,1317
36,1533
1316,1297
1316,1336
1143,408
1143,1141
1143,1144
1317,210
1317,297
1317,340
1533,234
1533,1514
1533,1531
37,1492
37,191
37,1575
37,1403
1492,346
1492,495
1492,1512
191,214
191,1295
191,455
1575,944
1575,1556
1575,1574
1403,104
1403,387
1403,409
1380,1360
1380,1379
1380,1382
39,1406
39,410
39,474
39,651
1406,1386
1406,1404
1406,1405
410,149
410,215
410,1361
474,345
474,387
474,670
651,476
651,1559
651,1539
40,586
40,1471
586,171
586,1494
586,1579
1471,1450
1471,1469
1471,1490
41,195
41,42
41,499
41,762
195,86
195,260
42,520
42,804
42,716
499,130
499,283
499,1536
762,368
762,524
762,739
520,108
520,544
520,1579
804,803
716,1451
716,1537
716,1473
43,780
43,108
43,1366
43,1387
780,779
780,781
780,1409
108,763
108,1452
1366,560
1366,649
1366,736
1387,736
1387,1364
1387,1386
44,64
44,109
44,650
44,173
64,326
64,652
64,194
109,88
109,107
109,218
650,236
650,521
650,628
173,65
173,281
173,1560
45,68
45,1475
68,67
68,69
68,91
1475,778
1475,800
69,70
69,92
70,71
70,93
71,72
71,94
72,73
72,95
73,74
73,96
74,75
74,97
75,76
75,98
76,77
76,99
77,100
77,1509
56,57
56,79
56,1076
251,250
251,252
251,274
57,1208
79,102
79,1447
1076,211
1076,275
1076,298
1208,166
1208,167
1208,275
58,81
58,278
58,1447
58,122
81,1206
278,277
278,279
278,1121
1447,365
122,121
122,123
122,164
59,1532
59,1514
59,1227
59,1510
1532,1530
1532,1531
1532,1534
1514,63
1514,301
1227,1226
1227,1247
1510,1489
1510,1511
1510,1512
60,102
60,1557
60,411
102,1164
102,1010
1557,171
1557,1537
1557,1555
411,695
411,430
411,588
61,303
61,345
61,1429
61,1449
303,65
303,718
303,1538
345,1405
345,541
1429,475
1429,627
1429,1428
1449,300
1449,366
1449,432
62,300
62,1383
62,1494
62,1559
300,1446
300,1315
1383,193
1383,258
1383,1382
1494,322
1494,649
1559,169
1559,587
63,432
63,1580
432,299
432,587
1580,280
1580,672
326,325
326,327
326,478
652,541
652,719
194,475
194,693
194,1493
65,1453
65,1583
1453,648
1453,1473
1453,1497
1583,128
1583,1540
66,67
66,89
66,738
66,824
67,90
67,1108
89,88
89,90
89,112
738,369
738,542
738,631
824,846
824,1454
824,1474
90,91
90,113
1108,157
1108,1131
91,92
91,114
92,93
92,115
93,94
93,116
94,95
94,117
95,96
95,118
96,97
96,119
97,98
97,120
98,99
98,121
99,100
99,900
100,123
1509,854
1509,899
1509,1488
78,1401
78,1030
78,1381
1401,988
1401,1399
1401,1402
1030,1028
1030,1031
1030,1032
1381,125
1381,212
1272,104
1272,169
1272,170
1206,146
1206,964
127,239
127,236
127,588
83,498
83,543
83,126
83,695
498,107
498,367
498,1363
543,257
543,431
543,737
126,1425
126,1560
126,1385
695,260
695,1562
542,609
343,148
343,431
343,364
1385,585
85,1495
85,414
85,631
1495,518
1495,649
1495,1496
414,477
414,675
414,609
631,128
631,260
86,304
86,1473
304,302
304,764
304,347
1473,693
87,825
87,868
87,1541
825,802
825,826
825,1517
868,802
868,867
868,869
1541,88
1541,713
1541,847
88,805
805,152
805,371
805,1561
112,111
112,113
112,135
113,114
113,136
114,115
114,137
115,116
115,138
116,117
116,139
117,118
117,140
118,119
118,141
119,120
119,142
120,121
120,143
121,232
900,877
900,1376
123,146
123,1055
101,902
101,318
101,1229
101,1466
902,231
902,903
902,922
318,1187
318,320
318,1120
1229,233
1229,235
1229,297
1466,1464
1466,1465
1466,1467
1164,1162
1164,1165
1010,1009
1010,1011
1010,1008
103,1382
103,1120
103,1053
103,1142
1382,299
1120,233
1120,966
1053,189
1053,209
1053,1052
1142,190
1142,1140
1142,1141
342,539
342,1252
342,408
106,739
106,609
106,1448
106,1470
739,608
739,719
609,761
1448,168
1448,237
1448,385
1470,189
1470,1450
1470,1468
107,782
107,565
782,693
782,781
565,152
565,677
565,916
763,502
763,630
763,721
1452,669
1452,735
218,217
218,219
218,869
110,111
110,133
110,1131
111,134
111,1283
133,132
133,134
133,156
1131,267
1131,1154
134,135
134,157
1283,1282
1283,1284
135,136
135,158
136,137
136,159
137,138
137,160
138,139
138,161
139,140
139,162
140,141
140,163
141,142
141,164
142,143
143,990
232,231
232,233
164,163
164,187
146,145
146,147
1055,1035
1055,1054
1055,1075
124,1536
124,257
124,1075
1536,1534
1536,1535
257,212
257,1581
1075,1054
1075,1074
125,1425
125,213
125,454
1425,298
1425,323
213,214
213,235
213,256
454,386
454,674
454,605
1560,324
1560,500
239,238
239,240
239,458
236,1490
236,282
588,564
588,632
128,366
128,715
366,409
366,1581
715,540
715,1409
715,1407
129,153
129,1582
129,736
129,519
153,132
153,152
153,282
1582,760
1582,1540
736,1236
519,476
519,1341
519,674
130,719
130,1562
130,433
719,458
1562,694
1562,1518
433,674
433,477
433,608
262,263
262,437
262,501
132,892
132,1045
892,416
892,891
892,893
1045,176
1045,1022
1045,1044
156,179
156,1067
157,180
157,1259
158,159
158,181
158,1130
159,160
159,182
160,161
160,183
161,162
161,184
162,163
162,185
163,186
990,991
990,1011
990,1013
144,987
144,1293
144,1163
144,1121
987,986
987,1445
1293,1291
1293,1292
1293,1294
1163,921
1163,945
1163,1161
1121,1119
1121,1140
145,1056
145,341
1056,189
1056,449
1056,450
341,1034
341,1167
341,1338
147,170
147,1468
170,151
170,193
1468,1467
1468,1469
148,1318
148,280
1318,168
1318,192
1318,320
280,1556
280,628
149,192
149,391
149,1426
192,1556
391,217
391,742
1426,388
1426,1424
1426,1428
150,151
150,1427
150,389
151,152
151,761
1427,167
1427,276
1427,368
389,585
389,1578
389,456
761,522
761,740
282,676
282,696
154,155
154,177
154,1154
154,1175
155,178
155,1369
155,1415
177,176
177,178
177,200
1154,483
1154,1155
1175,1152
1175,1176
1175,1198
178,179
178,201
1369,1368
1369,1370
1369,1392
1415,1414
1415,1416
1415,1438
179,180
179,202
1067,827
1067,1066
1067,1198
180,181
180,203
1259,801
1259,1258
181,182
181,204
1130,1153
1130,1150
182,183
182,205
183,184
183,206
184,185
184,207
185,186
185,208
186,187
186,686
187,210
188,166
188,211
188,1013
166,1098
1098,1077
1098,1097
1098,1099
167,209
209,208
209,210
168,1576
168,1337
1576,1574
1576,1577
1576,1578
1337,899
1337,1335
1337,1336
169,1402
1402,1404
1402,1422
171,718
171,476
718,412
718,585
476,544
172,760
172,1539
172,457
172,456
760,671
760,1517
1539,672
1539,692
457,500
457,589
456,1493
281,258
281,283
281,301
174,175
174,197
174,240
174,849
175,828
175,1024
175,1520
197,176
197,827
197,1066
240,241
240,826
849,305
849,826
828,765
828,829
828,851
1024,525
1024,1001
1520,1519
1520,1521
1520,1543
176,958
958,935
958,957
958,959
200,199
200,201
200,223
201,202
201,224
202,203
202,225
203,204
203,226
204,205
204,227
205,206
205,228
206,207
206,229
207,208
207,967
208,339
686,533
686,597
686,709
210,233
211,234
211,1187
1013,425
1013,1012
189,408
408,560
190,322
190,1513
190,388
322,1253
1513,475
1513,1511
1513,1512
388,518
214,237
214,434
1295,409
1295,1384
1295,1294
455,196
455,435
455,1451
1556,1555
475,453
693,562
1493,630
196,781
196,629
196,347
781,261
629,692
629,758
347,564
827,415
827,694
1066,1043
1066,1065
198,199
198,219
198,980
198,1111
199,1110
199,1284
219,261
219,915
980,957
980,979
980,981
1111,220
1111,483
1111,936
1110,1087
1110,1133
1110,1109
1284,1285
1284,1307
223,222
223,224
223,246
224,225
224,247
225,226
225,248
226,227
226,249
227,228
227,250
228,229
228,880
229,230
229,252
967,966
967,968
339,316
339,338
339,340
234,344
234,1446
1187,472
212,1404
1404,1405
235,1273
256,254
256,258
256,279
237,238
237,630
434,325
434,784
434,742
215,497
215,1517
215,346
497,608
497,1296
497,584
1517,674
869,284
869,870
261,368
261,589
915,285
915,656
915,916
220,221
220,241
220,243
221,222
221,265
221,1044
241,871
241,1132
243,242
243,244
243,266
222,244
222,245
265,264
265,266
265,288
1044,1043
1044,1087
244,245
244,1199
245,246
245,268
246,247
246,269
247,248
247,270
248,249
248,271
249,250
249,272
250,273
880,881
880,924
230,231
230,535
252,253
252,773
231,295
535,797
535,995
535,1060
295,294
295,296
295,512
344,1363
344,1319
344,585
1446,276
1446,1444
1273,340
1273,1271
1273,1274
1490,1488
1490,1489
238,367
630,500
367,323
367,369
458,327
458,787
871,546
871,870
871,872
1132,307
1132,397
1132,460
242,263
242,395
242,936
263,305
395,372
395,374
395,396
936,913
936,935
266,267
266,289
1199,1198
1199,1200
1199,1222
268,267
268,269
268,291
269,270
269,292
270,271
270,293
271,272
271,294
272,273
272,968
273,274
273,296
274,275
274,579
253,254
253,1012
773,750
773,774
773,796
254,1252
254,1534
1012,404
1012,1011
1252,386
1252,1275
1534,1535
255,1424
255,1296
255,495
1424,1423
1424,1444
1296,407
1296,1294
495,473
495,1363
258,478
279,302
279,1581
1581,500
478,392
478,608
324,740
1516,369
1516,626
368,541
589,1114
589,1071
437,415
437,526
437,612
501,851
501,808
501,696
305,306
305,328
264,285
264,287
264,482
285,284
285,1087
287,286
287,288
287,310
482,459
482,483
482,505
288,289
288,311
267,290
289,290
289,312
290,291
290,313
291,292
291,314
292,293
292,315
293,294
293,316
294,317
968,969
968,991
296,297
275,276
579,556
579,602
579,819
276,277
277,299
277,1078
299,540
1078,361
1078,469
1078,1058
302,325
302,387
628,1365
628,758
283,611
283,654
301,544
301,1361
676,369
676,523
676,611
696,370
611,1112
611,743
654,522
654,675
654,787
284,981
284,1026
981,306
981,526
1026,393
1026,1025
1026,1158
286,307
286,1242
307,306
307,393
1242,462
1242,549
1242,1241
310,309
310,311
310,333
311,312
311,334
312,313
312,335
313,314
313,336
314,315
314,337
315,316
315,338
316,317
317,383
512,489
512,511
512,753
297,1011
298,1340
298,1209
1340,321
1340,562
1209,363
1209,1210
540,1496
540,541
1315,944
1315,1313
1315,1314
544,521
1361,364
325,348
387,386
1538,737
1538,1497
1538,1518
764,521
764,1136
764,786
306,329
328,327
328,329
328,587
329,308
329,330
393,416
393,852
308,309
308,331
308,1306
309,332
309,1416
331,330
331,332
331,354
1306,1305
1306,1307
1306,1329
332,333
332,355
1416,1393
1416,1417
333,334
333,356
334,335
334,357
335,336
335,358
336,337
336,359
337,338
337,360
338,361
383,382
383,384
383,1080
320,427
319,1080
319,1230
319,1188
319,1101
1080,756
1080,1079
1230,1231
1230,1253
1188,428
1188,539
1188,646
1101,493
1101,1102
1101,1103
427,1234
427,1274
427,1297
321,1298
1298,428
1298,583
1298,1278
1253,517
1253,1231
323,562
323,453
562,691
453,429
453,1384
740,545
740,982
348,349
348,371
348,765
327,350
350,349
350,351
350,373
587,741
330,351
330,353
351,1197
351,1244
353,352
353,354
353,376
354,355
354,377
355,356
355,378
356,357
356,379
357,358
357,380
358,359
358,381
359,360
359,578
360,491
360,710
361,381
361,881
340,1057
1057,448
1057,536
1057,688
1034,1014
1034,1035
1034,1054
1167,557
1167,602
1167,1148
1338,365
1338,1336
539,714
539,1146
431,1320
364,362
364,451
1363,409
1319,604
1319,1297
1319,1320
1405,452
564,1579
349,372
349,830
371,394
371,895
765,699
765,832
372,373
372,1003
830,547
830,697
830,831
373,352
373,374
1197,1153
1197,1220
1244,745
1244,1221
1244,1243
352,375
352,1000
375,376
375,398
375,1089
1000,977
1000,999
1000,1001
376,377
376,399
377,378
377,400
378,379
378,401
379,380
379,402
380,381
380,403
381,404
578,555
578,776
578,1038
491,490
491,602
491,667
710,733
710,755
710,1060
881,882
881,904
362,1190
362,1059
362,1231
1190,536
1190,647
1190,668
1059,513
1059,645
1059,712
1231,1254
363,1124
363,1122
363,517
1124,451
1124,515
1124,1103
1122,405
1122,514
1122,603
517,473
517,1189
451,1166
451,1211
365,1469
1469,1467
370,633
370,741
370,852
633,460
633,766
633,741
741,1047
852,875
852,1137
394,417
394,893
394,1091
895,635
895,894
895,896
1003,569
1003,613
1003,1002
374,397
374,484
397,398
397,420
484,485
484,505
484,507
398,399
398,421
1089,438
1089,526
1089,1112
399,400
399,422
400,401
400,423
401,402
401,424
402,403
402,425
403,404
403,708
404,687
382,558
382,405
558,1233
558,626
558,1343
405,534
405,1015
384,385
384,560
384,1232
385,386
560,1123
1232,559
1232,604
1232,625
518,603
518,1276
1578,1577
742,1159
742,1116
392,415
392,785
392,720
415,1027
785,700
785,807
785,853
720,435
720,568
720,1048
416,438
416,439
417,418
417,937
417,1025
893,870
893,894
1091,678
1091,873
1091,961
396,419
396,1221
396,1350
419,418
419,420
419,442
1221,1220
1221,1222
1350,1349
1350,1373
420,421
420,443
421,422
421,444
422,423
422,445
423,424
423,446
424,425
424,447
425,601
708,685
708,707
708,709
687,598
687,624
687,820
534,511
534,599
534,903
1015,407
1015,798
1015,992
406,1145
406,472
406,537
406,1210
1145,1144
1145,1165
1145,1166
472,1166
472,1125
537,1299
537,647
537,1081
1210,582
1210,1211
407,1211
407,1099
1211,494
1099,1077
1099,1079
430,1407
430,1233
412,675
412,694
412,545
675,610
694,758
545,1048
545,1069
1027,610
1027,700
1027,919
438,548
438,1136
439,418
439,440
439,983
418,441
937,524
937,914
937,938
1025,1002
1025,1068
441,442
441,464
442,443
442,465
443,444
443,466
444,445
444,467
445,446
445,468
446,447
446,683
447,711
447,994
601,1014
601,1039
601,1061
426,1102
426,581
426,449
426,494
1102,429
1102,645
581,470
581,515
581,1105
449,712
449,1060
494,777
494,1428
1234,452
1234,470
1234,471
1274,450
1274,1254
1297,1277
428,516
516,470
516,1125
516,1100
429,1255
429,1165
1255,450
1255,671
1255,734
1165,1166
1407,671
1407,735
1233,559
1233,626
1320,624
1320,1300
784,479
784,697
784,807
435,566
435,916
566,697
566,851
566,677
916,939
436,459
436,960
436,653
436,872
459,635
459,806
960,723
960,788
960,959
653,632
653,872
872,503
526,549
612,959
612,1202
612,1223
548,525
548,571
548,701
1136,570
1136,789
440,463
440,1112
440,1375
983,941
983,1093
983,1181
463,462
463,464
463,486
1112,1135
1375,1352
1375,1374
1375,1376
464,465
464,487
465,466
465,488
466,467
466,489
467,468
467,490
468,469
468,794
683,660
683,706
711,645
711,778
711,1257
994,993
994,995
994,1017
448,643
448,665
448,732
643,576
643,600
643,731
665,469
665,642
665,798
732,709
732,778
732,1280
712,1081
712,1171
1060,1083
450,1384
1384,584
452,1321
452,1144
1321,493
1321,1322
1321,1341
1144,1146
605,1275
605,1431
605,1561
1451,691
1451,714
787,568
787,788
635,503
635,658
806,807
806,850
806,913
460,809
460,1048
809,1269
809,1073
809,1160
1048,786
461,1133
461,1179
461,1223
461,634
1133,678
1133,1156
1179,938
1179,1156
1179,1178
1223,1222
1223,1224
634,614
634,632
634,1113
462,483
462,485
485,486
485,508
486,487
486,509
487,488
487,510
488,489
488,511
489,490
490,772
469,688
794,771
794,795
794,817
688,1036
688,1146
470,1058
1058,1035
1058,1079
471,538
471,580
471,1100
538,1147
538,1036
538,1279
580,1212
580,1213
580,1254
1100,536
1100,1079
1125,690
1125,731
473,1342
1342,691
1342,1341
670,1367
670,800
670,714
479,829
479,1047
479,938
829,766
829,1180
1047,523
1047,590
938,896
480,591
480,743
480,850
480,897
591,547
591,592
591,1050
743,568
743,1334
850,525
850,655
897,874
897,877
897,943
481,1113
481,744
481,1068
481,1090
1113,698
1113,853
744,961
744,1203
744,875
1068,721
1068,1069
1090,504
1090,1046
1090,1088
505,702
505,1245
507,506
507,508
507,530
508,509
508,531
509,510
509,532
510,511
510,533
772,749
772,771
772,795
602,625
667,1038
667,1170
667,1169
492,969
492,1082
492,557
492,1037
969,555
969,970
1082,513
1082,1105
557,625
557,729
1037,645
1037,1035
1037,1039
493,1299
493,536
1299,1300
1299,1301
777,776
777,1388
777,1433
1428,1450
584,1430
584,1276
851,874
808,522
808,721
808,984
502,697
502,567
502,590
567,1004
567,873
567,590
590,1072
503,525
503,959
504,1157
504,1070
504,1180
1157,636
1157,1005
1157,1155
1070,523
1070,1046
1070,1071
1180,943
1180,1159
702,679
702,725
702,857
1245,899
1245,1222
1245,1246
506,527
506,529
506,1333
527,528
527,1243
527,1418
529,528
529,530
529,552
1333,921
1333,1310
1333,1506
530,531
530,553
531,532
531,554
532,555
532,1549
533,556
533,620
753,730
753,776
753,1017
513,600
513,948
600,556
600,820
948,925
948,947
948,949
514,582
514,1081
514,1147
582,1275
582,1344
1081,800
1147,1126
1147,1127
515,1213
515,1036
1213,603
1213,669
1036,690
1189,604
1189,1168
1189,1191
603,648
1276,1256
1276,1277
1341,1360
1579,1577
521,1537
1537,1535
522,610
610,698
523,699
699,568
699,917
524,723
524,982
723,746
723,1178
982,677
982,1134
549,550
528,551
528,1246
1243,1220
1243,1266
1418,1417
1418,1419
1418,1420
551,550
551,552
551,574
1246,876
1246,1135
552,553
552,575
553,554
553,576
554,555
554,577
1549,620
1549,1526
1549,1548
556,973
620,619
620,621
599,576
599,622
599,644
903,904
903,926
797,774
797,796
797,820
995,972
995,1018
647,802
647,1123
1279,583
1279,1277
1279,1278
714,1476
1146,1126
1496,846
1496,1519
737,1365
737,1344
1069,677
1069,962
546,656
546,831
546,874
656,679
656,789
831,832
831,917
874,1005
547,700
547,914
700,1202
914,891
914,913
571,550
571,572
571,1417
701,724
701,856
701,1156
550,573
573,572
573,574
573,596
574,575
574,597
575,576
577,622
577,642
577,775
973,950
973,972
973,996
625,624
729,706
729,728
729,752
626,692
1343,1344
1343,1345
1343,1364
559,1365
559,1364
1365,735
1364,1386
1123,1103
1123,1104
691,1169
1004,1115
1004,1134
1004,1202
873,919
873,1050
569,570
569,592
569,894
570,1200
570,1332
592,593
592,615
894,655
1200,657
1200,680
1332,1309
1332,1331
572,593
572,595
1417,596
593,594
593,833
595,594
595,618
595,835
596,597
596,619
597,598
622,621
622,623
642,619
642,641
775,752
775,754
775,798
776,799
1038,644
1038,1061
819,796
819,818
819,842
1212,757
1212,1214
1212,1235
1254,1256
1105,755
1105,1128
1275,648
1344,1367
583,1409
1409,646
1430,1431
1430,1410
1430,1450
632,940
1114,963
1114,1006
1114,1092
1071,941
1071,1072
1072,1073
1072,1074
1050,722
1050,917
615,594
615,616
594,617
833,613
833,834
833,1267
617,616
617,618
617,640
618,619
618,641
835,640
835,814
835,834
598,621
598,793
621,730
793,770
793,792
793,816
644,709
644,1170
820,843
1014,668
1014,991
1039,1016
1039,1062
1061,1084
648,1432
604,757
757,1322
757,1474
1431,1194
1431,1454
1561,627
1561,671
698,917
698,1134
1202,1201
613,614
613,941
614,637
614,1135
941,1160
637,616
637,638
1135,636
616,639
639,638
639,662
639,1398
640,641
640,663
641,664
730,707
730,731
623,624
623,971
623,1083
971,970
971,972
971,1169
1083,754
1083,1106
692,1410
627,1323
1323,801
1323,1324
1323,1303
758,1106
940,961
940,1117
940,1073
766,655
766,767
658,659
658,681
658,746
636,659
636,1289
659,638
659,660
1289,1266
1289,1288
1289,1312
638,661
661,660
661,662
661,684
662,663
662,685
1398,1006
1398,1379
1398,1399
663,664
663,1528
664,685
664,752
731,754
1170,735
1170,1345
646,1256
646,690
1256,1258
690,689
802,779
1432,803
1432,1433
1432,1455
649,1474
1474,734
655,853
853,854
679,680
679,1158
789,788
789,790
657,1178
657,1376
657,962
1178,1177
1376,1353
962,939
962,985
681,660
681,680
681,682
746,769
684,685
684,707
1528,1483
1528,1527
1528,1506
752,751
798,821
666,774
666,974
666,1016
666,1017
774,751
974,951
974,975
974,997
1016,689
1016,993
1169,713
668,713
668,1388
713,1235
1388,1389
1388,1411
669,845
669,1257
845,822
845,844
845,846
1257,756
1257,1151
1367,1368
1367,1390
800,733
672,890
672,1540
890,867
890,889
890,891
1540,1518
678,1138
678,1137
1138,1116
1138,1118
1137,984
1137,985
1158,745
1158,832
682,705
682,1377
682,1462
705,704
705,706
705,728
1377,745
1377,1354
1462,813
1462,1461
1462,1551
706,707
689,755
689,1104
755,1019
1104,1103
1104,1126
1410,799
1410,803
1134,810
724,725
724,1355
856,855
856,857
856,878
1156,1155
725,704
725,726
857,834
704,727
727,726
727,728
727,750
728,751
733,756
733,992
778,779
1171,1172
1171,1150
1235,1214
1235,1215
1476,801
1476,1477
1476,1499
721,810
810,1205
810,1049
722,898
722,918
722,1029
898,1049
898,1422
918,1005
918,1378
918,1204
1029,811
1029,1009
1029,1028
1355,1354
1355,1378
726,749
749,748
749,750
750,751
754,1018
1280,1281
1280,1278
756,779
992,991
992,993
734,1300
734,1346
1300,1302
1346,1240
1346,1327
1346,1347
1236,1215
1236,1237
1236,1238
1159,1161
1159,1181
1116,1115
1116,1118
1334,855
1334,1311
1334,1313
961,854
1203,1201
1203,1204
1203,1205
875,876
875,1028
745,768
768,767
768,769
768,791
769,748
769,770
748,771
748,924
771,770
924,925
924,947
1018,1019
1018,1041
1019,996
1019,1020
1322,1302
1322,1324
1106,1086
1497,1518
786,1049
786,1046
832,834
767,790
767,1311
790,791
790,813
1311,1288
1311,1310
791,770
791,792
795,796
795,818
799,822
799,1301
1433,1434
1433,1456
807,939
1049,1028
1046,1088
813,792
813,1485
792,815
815,814
815,816
815,838
816,817
816,839
817,818
817,840
818,841
821,822
821,844
821,1411
1301,1194
1301,1302
801,1237
1237,1238
803,1389
1389,1390
1389,1412
913,912
939,1201
984,811
984,1160
1269,964
1269,1268
1269,1270
1073,942
1160,1005
1205,1184
1205,1204
811,965
811,1117
965,1119
965,1008
1117,988
1117,1007
1006,1378
944,1007
1485,966
1485,988
1485,1484
814,837
814,1551
837,838
837,860
1551,1529
1551,1552
838,839
838,861
839,840
839,862
840,841
840,863
841,842
841,864
842,843
842,865
843,844
843,866
844,867
1411,1412
1411,1434
846,847
1454,1455
1454,1477
1267,963
1267,1266
1267,1248
859,860
859,882
860,861
860,883
861,862
861,884
862,863
862,885
863,864
863,886
864,865
864,887
865,866
865,888
866,867
866,889
847,870
854,1487
1487,1467
1487,1488
1487,1489
855,878
878,877
882,883
882,905
883,884
883,906
884,885
884,907
885,886
885,908
886,887
886,909
887,888
887,910
888,889
888,911
889,912
919,896
919,920
876,877
904,905
904,927
905,906
905,928
906,907
906,929
907,908
907,930
908,909
908,931
909,910
909,932
910,911
910,933
911,912
911,934
912,935
891,1542
1542,1519
1542,1543
896,985
985,986
943,966
943,986
1422,1007
1422,1421
925,926
922,921
922,942
922,1290
926,927
926,949
927,928
927,950
928,929
928,951
929,930
929,952
930,931
930,953
931,932
931,954
932,933
932,955
933,934
933,956
934,935
934,957
1378,963
1204,1184
920,921
920,1507
1507,1506
942,1118
942,1051
1290,1268
1290,1270
1290,1291
947,970
949,950
949,972
950,951
951,952
952,953
952,975
953,954
953,976
954,955
954,977
955,956
955,978
956,957
956,979
1201,1177
1118,1119
1051,1031
1051,1032
1051,1052
986,1009
1007,1226
970,993
975,976
975,998
976,977
976,999
977,978
978,979
978,1001
979,1002
963,1399
1399,1379
964,1008
964,1119
1008,1009
996,997
997,998
997,1020
998,999
999,1022
1001,1002
1093,1074
1093,1092
1093,1094
1181,1162
1445,1423
1445,1444
1445,1465
988,1379
1314,1312
1314,1313
1020,1043
1115,1092
1115,1095
1226,1224
1041,1042
1043,1042
1062,1258
1062,1042
1042,1065
1065,1240
1084,1086
1258,1238
1240,1217
1240,1263
1198,1177
1128,1129
1128,1151
1128,1109
1129,1152
1129,1239
1129,1127
1151,1149
1152,1304
1239,1216
1239,1262
1239,1238
1153,1176
1153,1155
1304,1281
1304,1305
1304,1261
1176,1177
1176,1309
1345,1368
1345,1326
1172,1192
1309,1308
1309,1310
1193,1216
1193,1191
1193,1192
1193,1194
1216,1217
1216,1195
1194,1217
1217,1218
1195,1218
1195,1214
1195,1215
1218,1241
1328,1305
1328,1327
1328,1329
1241,1264
1262,1263
1262,1285
1262,1261
1263,1264
1263,1286
1264,1265
1264,1287
1266,1265
1285,1286
1285,1308
1286,1287
1286,1505
1265,1288
1265,1394
1287,1288
1287,1310
1281,1282
1281,1519
1282,1305
1282,1261
1307,1308
1307,1330
1308,1331
1505,1482
1505,1504
1505,1506
1312,1335
1312,1313
1302,1303
1303,1326
1303,1261
1326,1325
1326,1327
1329,1330
1329,1352
1330,1331
1330,1353
1331,1354
1335,1336
1324,1325
1324,1347
1325,1348
1325,1327
1347,1370
1347,1348
1348,1349
1348,1371
1352,1353
1353,1354
1368,1391
1370,1371
1370,1393
1349,1371
1349,1372
1373,1372
1373,1374
1373,1396
1374,1397
1390,1391
1390,1413
1391,1392
1391,1414
1392,1393
1392,1394
1371,1372
1393,1394
1372,1395
1395,1394
1395,1396
1395,1397
1396,1419
1397,1420
1412,1413
1412,1435
1413,1414
1413,1436
1414,1437
1419,1420
1434,1435
1434,1457
1435,1436
1435,1458
1436,1437
1436,1459
1437,1438
1437,1460
1438,1461
1455,1456
1455,1478
1456,1457
1456,1479
1457,1458
1457,1480
1458,1459
1458,1481
1459,1460
1459,1482
1460,1461
1460,1483
1461,1484
1440,1421
1440,1441
1477,1478
1477,1500
1478,1479
1478,1501
1479,1480
1479,1502
1480,1481
1480,1503
1481,1482
1481,1504
1482,1483
1483,1484
1499,1500
1499,1522
1500,1501
1500,1523
1501,1502
1501,1524
1502,1503
1502,1525
1503,1504
1503,1526
1504,1527
1521,1522
1521,1544
1522,1523
1522,1545
1523,1524
1523,1546
1524,1525
1524,1547
1525,1526
1525,1548
1526,1527
1543,1544
1544,1545
1545,1546
1546,1547
1547,1548
1031,1032
1031,1052
1032,1052
1054,1074
1077,1096
1077,1097
1086,1088
1086,1109
1088,1109
1092,1094
1094,1095
1094,1096
1095,1096
1095,1097
1096,1097
1126,1127
1127,1148
1140,1141
1141,1161
1148,1149
1148,1150
1149,1150
1149,1168
1161,1162
1168,1191
1168,1192
1191,1192
1214,1215
1224,1247
1247,1248
1247,1249
1248,1249
1249,1268
1268,1270
1270,1271
1271,1291
1271,1292
1277,1278
1291,1292
1292,1294
1421,1423
1421,1441
1423,1444
1441,1464
1441,1465
1464,1465
1488,1489
1511,1512
1511,1530
1529,1530
1529,1531
1529,1552
1530,1531
1535,1555
1552,1553
1553,1555
1553,1572
1572,1574
