0,107
0,608
0,694
0,804
107,630
107,435
107,1538
608,43
608,324
608,565
694,151
694,478
694,803
804,762
804,783
804,803
1,24
1,131
1,823
1,1040
24,47
24,1063
24,1085
131,110
131,262
131,1023
823,87
823,822
823,1280
1040,996
1040,1017
1040,1041
2,3
2,25
2,1064
2,1563
3,4
3,26
3,1564
25,48
25,1174
25,1563
1064,1041
1064,1065
1064,1087
1563,1152
1563,1564
4,5
4,27
4,1565
26,49
26,1173
26,1219
1564,45
1564,1565
5,28
5,1351
5,1566
27,28
27,50
27,1196
1565,1542
1565,1566
28,29
28,51
1351,1350
1351,1352
1351,1374
1566,1543
1566,1567
6,7
6,29
6,1439
6,1567
7,8
7,30
7,1568
29,30
29,52
1439,549
1439,1438
1439,1440
1567,1544
1567,1568
8,9
8,31
8,1569
30,31
30,53
1568,1545
1568,1569
9,10
9,32
9,1570
31,54
31,703
1569,1546
1569,1570
10,11
10,1550
10,1571
32,55
32,165
32,879
1570,575
1570,1547
11,747
11,923
11,989
1550,1332
1550,1527
1550,1573
1571,1396
1571,1507
1571,1548
747,724
747,726
747,746
923,143
923,230
923,900
989,167
989,900
989,987
12,836
12,901
12,1442
12,1573
836,837
836,857
836,859
901,880
901,925
901,1033
1442,33
1442,637
1442,1419
1573,1397
1573,1572
13,1400
13,1315
13,1184
13,1425
1400,35
1400,79
1400,1377
1315,61
1315,102
1315,1296
1184,36
1184,78
1184,1183
1425,125
1425,1423
1425,1426
14,80
14,1443
14,15
14,1165
80,1357
80,1099
80,1488
1443,35
1443,811
1443,1420
15,1251
15,1357
15,1274
1165,234
1165,341
1165,1163
1251,57
1251,212
1251,343
1357,832
1357,855
1274,298
1274,1294
1274,1295
16,211
16,1075
16,258
16,105
211,188
211,234
211,1076
1075,101
1075,964
1075,1074
258,256
258,281
258,696
105,542
105,1316
105,411
17,1229
17,324
17,193
17,189
1229,232
1229,297
1229,1227
324,433
324,586
193,170
193,172
193,216
189,144
189,1338
189,1337
18,518
18,61
18,521
18,1451
518,386
518,673
518,1296
61,37
61,455
521,630
521,650
521,719
1451,64
1451,497
1451,1449
19,195
19,583
19,1580
19,126
195,1517
195,390
195,1540
583,451
583,1277
583,1297
1580,82
1580,585
1580,672
126,1472
126,1250
126,1272
20,1495
20,805
20,281
20,344
1495,431
1495,584
1495,1496
805,88
805,371
805,654
281,283
281,672
344,104
344,453
344,1534
21,64
21,283
21,238
21,585
64,562
64,649
283,43
283,654
238,544
238,763
238,391
585,541
585,1537
22,783
22,848
22,1023
22,1498
783,153
783,782
848,263
848,847
848,849
1023,1022
1023,1024
1498,1475
1498,1499
1498,1521
23,46
23,1021
23,1107
23,1260
46,45
46,47
46,69
1021,998
1021,1020
1021,1022
1107,1084
1107,1106
1107,1259
1260,1237
1260,1283
1260,1261
47,48
47,70
1063,824
1063,1061
1063,1042
1085,1062
1085,1108
1085,1130
48,49
48,71
1174,1151
1174,1197
1174,1172
49,50
49,72
1173,1172
1173,1196
1173,1171
1219,286
1219,1218
1219,1220
50,51
50,73
1196,156
1196,1328
51,52
51,74
52,53
52,75
53,54
53,76
54,55
54,77
703,680
703,683
703,704
55,56
55,251
165,142
165,187
165,188
879,684
879,858
879,878
33,858
33,1033
33,1463
858,317
858,859
1033,145
1033,296
1463,441
1463,1440
1463,1484
34,946
34,1356
34,1424
34,1051
946,382
946,947
946,967
1356,876
1356,940
1356,1355
1424,148
1424,166
1424,921
1051,744
1051,1032
1051,1050
35,102
35,1336
102,79
102,1383
1336,81
1336,1314
1336,1337
36,299
36,1053
36,1555
299,39
299,453
299,1558
1053,1032
1053,1052
1053,1054
1555,1535
1555,1553
1555,1554
37,298
37,1361
37,1532
298,410
298,1359
1361,495
1361,1360
1361,1362
1532,1530
1532,1531
1532,1533
38,236
38,1515
38,300
38,1536
236,104
236,1384
236,1469
1515,84
1515,387
1515,456
300,1276
300,1407
300,1470
1536,408
1536,517
1536,629
39,1404
39,431
39,432
1404,104
1404,106
1404,476
431,255
431,388
432,628
432,586
432,695
40,171
40,172
40,1493
40,1363
171,280
171,1493
171,366
172,523
172,323
1493,498
1493,562
1363,603
1363,628
1363,1362
41,587
41,1496
41,716
41,1558
587,388
587,456
587,502
1496,846
1496,1519
716,304
716,500
716,670
1558,63
1558,82
42,62
42,1431
42,108
42,196
62,84
62,303
62,169
1431,1194
1431,1430
1431,1454
108,584
108,282
108,129
196,1582
196,304
196,720
43,1453
43,1366
1453,44
1453,605
1453,1452
1366,603
1366,646
1366,737
44,825
44,1433
44,630
825,87
825,802
825,826
1433,1432
1433,1434
1433,1456
630,348
45,68
45,1475
68,67
68,69
68,91
1475,778
1475,800
69,70
69,92
70,71
70,93
71,72
71,94
72,73
72,95
73,74
73,96
74,75
74,97
75,76
75,98
76,77
76,99
77,100
77,1509
56,57
56,79
56,1076
251,250
251,252
251,274
57,1208
57,1508
79,1317
1076,275
1076,987
1208,166
1208,167
1208,275
1508,615
1508,945
1508,1507
58,81
58,1010
58,1335
58,1489
81,82
81,364
1010,944
1010,1009
1010,1011
1335,810
1335,1312
1335,1358
1489,124
1489,1487
1489,1490
59,124
59,1405
59,1271
59,1228
124,1228
124,190
1405,301
1405,343
1405,561
1271,1269
1271,1270
1271,1272
1228,1226
1228,1227
60,103
60,1470
60,1253
60,1119
103,430
103,410
103,1185
1470,149
1470,168
1253,362
1253,537
1253,1231
1119,145
1119,1099
1119,1117
455,390
455,499
455,544
84,649
84,346
303,784
303,500
303,609
169,63
169,409
169,1514
63,627
63,150
627,760
627,1560
627,673
150,151
150,1427
150,564
562,412
562,1539
649,65
649,1234
65,563
65,498
65,477
563,194
563,540
563,652
498,389
498,1557
477,85
477,280
477,301
66,67
66,89
66,738
66,824
67,90
67,1108
89,88
89,90
89,112
738,152
738,411
738,542
824,846
824,1454
90,91
90,113
1108,157
1108,1131
91,92
91,114
92,93
92,115
93,94
93,116
94,95
94,117
95,96
95,118
96,97
96,119
97,98
97,120
98,99
98,121
99,100
99,1574
100,123
100,1207
1509,854
1509,899
1509,1487
78,1031
78,1294
78,1142
1031,1029
1031,1030
1031,1032
1294,1296
1294,1313
1142,277
1142,1140
1142,1141
1317,210
1317,297
1317,340
1099,1097
1099,1098
1488,964
1488,1469
1488,1486
82,386
364,145
364,1209
364,1186
386,385
386,387
83,629
83,368
83,430
83,474
629,606
629,1471
368,261
368,762
368,1427
430,192
430,1450
474,453
474,1471
474,1276
346,522
346,479
346,696
85,1472
85,739
85,500
1472,385
1472,454
739,631
739,674
739,1540
500,326
86,1537
86,217
86,609
86,628
1537,519
1537,651
217,216
217,218
217,415
609,127
609,391
628,1410
87,868
87,1541
868,802
868,867
868,869
1541,88
1541,713
1541,847
88,109
109,218
109,1452
109,1497
112,111
112,113
112,135
113,114
113,136
114,115
114,137
115,116
115,138
116,117
116,139
117,118
117,140
118,119
118,141
119,120
119,142
120,121
120,143
121,122
121,1096
1574,1572
1574,1575
1574,1576
123,122
123,146
123,1512
1207,1205
1207,1206
1207,1226
101,902
101,1012
101,1230
902,231
902,903
902,922
1012,404
1012,449
1012,1011
1230,213
1230,427
1230,496
1383,149
1383,389
1383,475
410,456
410,1517
1185,209
1185,1183
1185,1187
104,1581
1581,173
1581,387
1581,672
542,239
542,565
1316,1297
1316,1314
1316,1318
411,390
411,413
106,369
106,280
106,1559
369,323
369,761
369,807
280,1406
1559,215
1559,321
1559,413
435,129
435,259
435,590
1538,129
1538,409
1538,759
584,1384
584,1430
282,194
282,259
282,697
129,499
218,219
218,869
1452,670
1452,1473
1497,626
1497,1474
1497,1517
110,111
110,133
110,1131
111,134
111,1283
133,132
133,134
133,156
1131,267
1131,1154
134,135
134,157
1283,1282
1283,1284
135,136
135,158
136,137
136,159
137,138
137,160
138,139
138,161
139,140
139,162
140,141
140,163
141,142
141,164
142,143
143,990
122,164
122,166
1096,1077
1096,1094
1096,1095
164,163
164,187
166,146
146,145
146,147
1512,1492
1512,1510
1512,1511
190,188
190,1491
190,1448
125,255
125,345
125,1338
255,452
255,1272
345,606
345,1492
345,1491
1338,1318
1338,1337
1250,144
1250,1248
1250,1249
1272,170
127,564
127,673
127,1494
564,433
564,806
673,1560
1494,235
1494,520
1494,715
128,520
128,261
128,1473
128,370
520,693
520,544
261,219
261,781
1473,343
1473,757
370,476
370,652
370,414
499,760
499,519
130,782
130,239
130,631
130,719
782,675
782,781
239,502
239,1561
631,152
631,938
719,523
719,607
262,263
262,437
262,827
132,153
132,892
132,1045
153,152
153,632
892,416
892,891
892,893
1045,176
1045,1022
1045,1044
156,179
156,1067
157,180
157,1259
158,159
158,181
158,1130
159,160
159,182
160,161
160,183
161,162
161,184
162,163
162,185
163,186
990,991
990,1011
990,1013
144,987
144,1009
987,986
1009,986
1009,988
147,170
147,320
147,322
170,151
320,1319
320,1209
320,406
322,1516
322,1403
322,367
148,257
148,1468
148,1340
257,1516
257,1341
257,497
1468,191
1468,1466
1468,1467
1340,278
1340,363
1340,1339
149,413
149,1490
413,872
1490,1491
1490,1492
151,152
1427,276
1427,342
632,194
632,259
632,654
154,155
154,177
154,1154
154,1175
155,178
155,1369
155,1415
177,176
177,178
177,200
1154,483
1154,1155
1175,1152
1175,1176
1175,1198
178,179
178,201
1369,1368
1369,1370
1369,1392
1415,1414
1415,1416
1415,1438
179,180
179,202
1067,328
1067,1066
1067,1198
180,181
180,203
1259,801
1259,1258
181,182
181,204
1130,1153
1130,1132
182,183
182,205
183,184
183,206
184,185
184,207
185,186
185,208
186,187
186,686
187,210
188,1186
167,209
167,235
209,208
209,210
235,213
235,1273
168,1227
168,1577
168,1164
1227,1226
1577,1556
1577,1557
1577,1575
1164,234
1164,318
1164,1162
409,1450
409,1513
1514,429
1514,1533
1514,1534
366,192
366,237
366,1360
523,347
523,699
323,1318
323,1362
173,589
173,653
173,717
589,784
589,785
589,982
653,611
653,652
653,785
717,412
717,606
717,827
174,175
174,197
174,240
174,849
175,828
175,1024
175,1520
197,176
197,827
197,1066
240,241
240,826
240,761
849,305
849,826
828,765
828,829
828,851
1024,525
1024,1001
1520,1519
1520,1521
1520,1543
176,958
958,935
958,957
958,959
200,199
200,201
200,223
201,202
201,224
202,203
202,225
203,204
203,226
204,205
204,227
205,206
205,228
206,207
206,229
207,208
207,967
208,339
686,533
686,597
686,709
210,233
1186,362
1186,407
1337,234
1491,1492
1448,475
1448,1428
1448,1449
191,214
191,1295
191,1293
214,213
214,237
214,434
1295,407
1295,1384
1293,212
1293,898
1293,1291
192,1273
192,1447
1273,340
1273,343
1447,475
1447,1428
1447,1445
216,826
216,606
194,392
392,415
392,1090
392,522
1517,517
390,412
1540,519
1540,651
1582,260
1582,1562
1582,1583
304,302
304,633
720,1027
720,742
720,1113
827,718
1066,1043
1066,1065
198,199
198,219
198,980
198,1111
199,1110
199,1284
219,915
980,957
980,979
980,981
1111,220
1111,483
1111,936
1110,1087
1110,1133
1110,1109
1284,1285
1284,1307
223,222
223,224
223,246
224,225
224,247
225,226
225,248
226,227
226,249
227,228
227,250
228,229
228,880
229,230
229,252
967,966
967,968
339,316
339,338
339,340
233,232
233,1120
233,1319
212,1381
212,1511
1381,1358
1381,1379
1381,1382
1511,964
1511,1510
213,453
237,718
237,433
434,325
434,784
434,764
215,412
215,326
215,1560
326,325
326,327
1560,565
415,437
415,568
869,284
869,870
915,285
915,656
915,916
220,221
220,241
220,243
221,222
221,265
221,1044
241,871
241,1132
243,242
243,244
243,266
222,244
222,245
265,264
265,266
265,288
1044,1043
1044,1087
244,245
244,1199
245,246
245,268
246,247
246,269
247,248
247,270
248,249
248,271
249,250
249,272
250,273
880,881
880,924
230,231
230,535
252,253
252,773
231,232
231,295
535,797
535,995
535,1060
232,1013
295,294
295,296
295,512
1013,297
1013,425
1120,966
1120,1121
1120,1139
1319,541
1319,1299
1384,1382
1469,1449
1469,1467
718,607
718,740
433,695
544,566
763,676
763,808
763,960
391,478
391,457
502,700
502,678
1561,604
1561,1518
1561,1539
761,588
761,652
871,546
871,870
871,872
1132,307
1132,397
242,263
242,395
242,936
263,305
395,372
395,374
395,396
936,913
936,935
266,267
266,289
1199,1198
1199,1200
1199,1222
268,267
268,269
268,291
269,270
269,292
270,271
270,293
271,272
271,294
272,273
272,968
273,274
273,296
274,275
274,579
253,254
253,1145
253,362
773,750
773,774
773,796
254,256
254,1252
254,1057
1145,429
1145,1143
1145,1144
362,580
256,279
256,1513
1252,340
1252,342
1252,1275
1057,319
1057,451
1057,688
452,1342
452,1471
452,1234
279,278
279,302
279,1406
1513,321
1513,365
1516,495
1516,760
1341,475
1341,497
1341,559
497,1474
696,610
696,611
259,414
414,983
414,590
260,610
260,674
260,458
610,394
610,545
674,586
674,650
458,590
458,740
458,543
781,780
781,1562
437,526
437,765
305,306
305,328
264,285
264,287
264,482
285,284
285,1087
287,286
287,288
287,310
482,459
482,483
482,505
288,289
288,311
267,290
289,290
289,312
290,291
290,313
291,292
291,314
292,293
292,315
293,294
293,316
294,317
968,969
968,991
296,297
275,276
579,556
579,602
579,819
276,277
276,471
277,278
277,1275
471,646
471,557
471,1321
278,1276
1275,582
1275,648
1276,517
302,325
302,387
1406,408
1406,607
672,890
697,547
697,566
697,940
654,675
284,981
284,1026
981,306
981,526
1026,393
1026,1025
1026,1158
286,307
286,1242
307,306
307,807
1242,462
1242,549
1242,1241
310,309
310,311
310,333
311,312
311,334
312,313
312,335
313,314
313,336
314,315
314,337
315,316
315,338
316,317
317,688
512,489
512,511
512,753
1359,1339
1359,1358
1359,1360
1407,540
1407,671
1407,1385
301,651
301,1339
651,389
1339,1358
325,348
784,588
633,982
633,810
633,873
306,329
328,329
328,347
329,308
329,330
807,1135
807,1068
308,309
308,331
308,1306
309,332
309,1416
331,330
331,332
331,354
1306,1305
1306,1307
1306,1329
332,333
332,355
1416,1393
1416,1417
333,334
333,356
334,335
334,357
335,336
335,358
336,337
336,359
337,338
337,360
338,361
688,645
688,1035
318,1054
318,1055
318,1189
1054,1052
1054,1056
1055,382
1055,426
1055,449
1189,407
1189,1188
1189,1191
319,427
319,516
319,1254
427,1255
427,1078
516,406
516,645
516,561
1254,1232
1254,1235
1254,1255
1209,363
1209,1188
406,731
406,1078
321,473
321,1446
473,1187
473,1449
473,1078
1446,965
1446,1426
1446,1444
1403,1401
1403,1402
1403,1423
367,1535
367,1360
367,476
1318,582
1362,363
586,695
348,349
348,371
327,350
327,436
327,829
350,349
350,351
350,373
436,459
436,524
436,982
829,568
829,766
347,566
347,476
330,351
330,353
351,1197
351,1244
353,352
353,354
353,376
354,355
354,377
355,356
355,378
356,357
356,379
357,358
357,380
358,359
358,381
359,360
359,578
360,491
360,710
361,381
361,881
361,1014
341,408
341,405
341,1102
408,1190
405,1011
405,1015
405,1034
1102,1081
1102,1103
1102,1104
342,539
342,1231
539,714
539,1233
539,1101
1231,1232
1231,1233
1534,1533
1534,1535
522,393
522,566
479,743
479,742
479,851
349,372
349,830
371,394
371,895
372,373
372,1003
830,831
830,852
830,1007
373,352
373,374
1197,1153
1197,1220
1244,745
1244,1221
1244,1243
352,375
352,1000
375,376
375,398
375,1089
1000,977
1000,999
1000,1001
376,377
376,399
377,378
377,400
378,379
378,401
379,380
379,402
380,381
380,403
381,404
578,555
578,776
578,1038
491,490
491,602
491,667
710,733
710,755
710,1060
881,882
881,904
1014,601
1014,668
1014,991
580,407
580,1144
580,1279
363,470
470,1210
470,1255
470,1191
365,1535
365,538
365,1579
538,561
538,1365
538,1081
1579,1578
762,567
762,873
394,417
394,893
895,635
895,894
895,896
1003,569
1003,613
1003,1002
374,397
374,484
397,398
397,420
484,485
484,505
484,507
398,399
398,421
1089,438
1089,526
1089,1112
399,400
399,422
400,401
400,423
401,402
401,424
402,403
402,425
403,404
403,708
404,687
382,383
382,536
383,384
383,450
383,1059
536,1213
536,1103
536,689
384,385
384,494
384,1143
450,1232
450,1342
450,647
1059,493
1059,514
1059,713
385,451
494,1256
494,1123
494,1147
1143,1144
1143,1163
451,517
388,496
388,650
496,559
496,1167
650,454
389,454
454,565
478,786
478,588
457,675
457,543
457,501
1090,611
1090,1071
1090,1088
393,416
393,852
416,438
416,439
852,875
852,1136
417,418
417,937
417,1025
893,870
893,894
396,419
396,1221
396,1350
419,418
419,420
419,442
1221,1220
1221,1222
1350,1349
1350,1373
420,421
420,443
421,422
421,444
422,423
422,445
423,424
423,446
424,425
424,447
425,601
708,685
708,707
708,709
687,598
687,624
687,820
1015,689
1015,798
1015,992
1034,428
1034,513
1034,515
731,643
731,730
731,754
1078,1077
1190,428
1190,559
1190,691
1450,715
1450,1409
456,785
872,503
872,1133
983,481
983,918
983,1224
590,1028
568,677
568,1159
438,548
438,1158
439,418
439,440
439,636
418,441
937,524
937,914
937,938
1025,808
1025,1002
441,442
441,464
442,443
442,465
443,444
443,466
444,445
444,467
445,446
445,468
446,447
446,683
447,711
447,994
601,1039
601,1061
426,1210
426,1058
426,1187
1210,712
1210,1188
1058,469
1058,558
1058,1037
1187,1166
1255,756
428,1101
428,1234
1101,537
1101,1080
1234,605
429,1100
429,1211
1100,558
1100,1080
1100,1098
1211,472
1211,537
1211,646
695,759
764,567
764,698
764,1091
459,635
459,806
524,504
524,723
982,1005
526,549
765,832
765,873
548,525
548,571
548,701
1158,679
1158,745
440,463
440,1112
440,1375
636,659
636,1289
636,873
463,462
463,464
463,486
1112,614
1112,1135
1375,1352
1375,1374
1375,1376
464,465
464,487
465,466
465,488
466,467
466,489
467,468
467,490
468,469
468,794
683,660
683,706
711,691
711,778
711,1062
994,993
994,995
994,1017
448,643
448,665
448,732
448,1147
643,576
643,600
665,469
665,642
665,798
732,709
732,778
732,1280
1147,689
1147,1127
449,1036
449,1124
1036,1035
1036,1037
1036,1056
1124,472
1124,1123
1124,1125
1232,1233
1342,669
1342,692
647,802
647,1386
647,1236
1471,495
785,1157
675,760
543,501
543,740
501,741
501,1004
740,481
635,503
635,658
806,850
806,913
460,721
460,545
460,1091
460,1088
721,461
721,939
721,1070
545,1048
545,1070
1091,787
1091,961
1088,1086
1088,1109
461,1133
461,1179
461,1223
1133,1156
1179,634
1179,1156
1179,1178
1223,612
1223,963
1223,1222
462,483
462,485
485,486
485,508
486,487
486,509
487,488
487,510
488,489
488,511
489,490
490,772
469,971
794,771
794,795
794,817
971,623
971,970
971,972
1191,604
1191,691
646,1280
557,534
557,625
557,729
1321,668
1321,1322
1321,1323
472,1298
472,1079
1298,515
1298,671
1298,1278
1079,1037
1079,1080
1079,1081
786,985
786,1072
786,788
588,677
743,480
743,614
743,1334
742,481
742,1115
851,722
851,874
480,591
480,850
480,897
591,547
591,592
591,1028
850,525
850,655
897,874
897,877
897,943
481,1027
1027,677
1027,700
505,702
505,1245
507,506
507,508
507,530
508,509
508,531
509,510
509,532
510,511
510,533
511,534
772,749
772,771
772,795
602,625
602,1188
667,1038
667,1170
667,1125
492,969
492,1016
492,1167
492,1122
969,555
969,970
1016,666
1016,993
1016,1039
1167,493
1167,669
1122,1103
1122,1121
1122,1123
493,712
493,1169
712,1106
712,1236
1169,514
1169,1150
1169,1168
1256,626
1256,1258
1256,1277
1123,1104
495,1385
1385,1386
1385,1408
559,1429
1474,604
1474,735
1557,1556
1557,1576
519,1364
741,678
741,1092
741,1046
1004,1006
1004,1046
1004,1047
700,962
700,1160
678,1093
678,1049
503,525
503,959
959,612
959,960
504,1070
504,1265
504,1048
1070,1050
1265,1264
1265,1266
1265,1288
1048,808
1048,810
702,679
702,725
702,857
1245,899
1245,961
1245,1222
506,527
506,529
506,1333
527,528
527,1243
527,1418
529,528
529,530
529,552
1333,920
1333,1310
1333,1506
530,531
530,553
531,532
531,554
532,555
532,1549
533,556
533,620
534,599
534,903
753,730
753,776
753,1017
513,600
513,948
513,1082
600,556
600,820
948,925
948,947
948,949
1082,558
1082,645
1082,1105
514,1233
514,1146
1146,756
1146,1148
1146,1166
515,1299
515,1300
1299,1278
1299,1300
1300,1302
1300,1320
645,1322
561,1320
1296,1297
1364,581
1364,690
1364,1365
693,1387
693,715
693,1320
699,1092
699,1069
699,916
723,746
723,960
723,1399
549,550
528,551
528,1246
1243,1220
1243,1266
1418,1417
1418,1419
1418,1394
551,550
551,552
551,574
1246,876
1246,941
1246,1135
552,553
552,575
553,554
553,576
554,555
554,577
1549,620
1549,1526
1549,1548
556,973
620,619
620,621
599,576
599,622
599,644
903,904
903,926
797,774
797,796
797,820
995,972
995,1018
1060,755
1060,1083
1213,734
1213,1212
1213,1214
1103,1104
689,1168
537,1297
1365,735
1365,758
1081,1080
714,605
714,1476
714,1323
540,1343
540,737
1343,603
1343,758
1343,1322
737,541
737,671
541,1429
1429,626
1429,759
546,656
546,831
546,874
656,679
656,789
831,832
831,1161
874,941
547,657
547,914
657,1178
657,1200
657,1376
914,891
914,913
571,550
571,572
571,1417
701,724
701,856
701,1156
550,573
573,572
573,574
573,596
574,575
574,597
575,576
577,622
577,642
577,775
973,950
973,972
973,996
625,624
625,1279
729,706
729,728
729,752
558,690
690,1257
690,692
560,1387
560,736
560,715
560,1344
1387,1389
1387,1408
736,670
736,1518
736,1408
1344,582
1344,1367
1344,1322
1320,758
1539,1518
1539,1562
567,1069
567,677
1069,962
1069,1068
1159,1157
1159,1160
1159,1161
569,570
569,592
569,894
570,1200
570,1332
570,1397
592,593
592,615
894,655
1200,680
1332,1309
1332,1331
1397,1374
1397,1420
572,593
572,595
1417,596
593,594
593,833
595,594
595,618
595,835
596,597
596,619
597,598
622,621
622,623
642,619
642,641
775,752
775,754
775,798
776,777
776,799
1038,644
1038,1061
819,796
819,818
819,842
1144,581
1279,581
1279,780
581,734
734,1105
734,1301
582,1126
1126,757
1126,1125
1126,1127
1277,691
1277,1278
1430,757
1430,1409
1028,611
1028,939
615,594
615,616
594,617
833,613
833,834
833,1267
617,616
617,618
617,640
618,619
618,641
835,640
835,814
835,834
598,621
598,793
621,730
793,770
793,792
793,816
644,709
644,1170
820,843
1039,603
1039,1062
1061,1084
604,1125
605,1428
1428,1426
607,692
692,626
612,919
612,787
919,896
919,920
919,1093
787,1114
787,1313
613,614
613,634
614,637
634,1072
634,1203
637,616
637,638
616,639
639,638
639,662
639,1398
640,641
640,663
641,664
730,707
623,624
623,1083
624,1166
1083,754
1083,1106
1166,1168
1410,799
1410,803
1410,1409
938,698
938,896
810,1355
1072,1071
1072,1073
1203,898
1203,1183
1203,1201
658,659
658,681
658,746
659,638
659,660
1289,1266
1289,1288
1289,1312
638,661
661,660
661,662
661,684
662,663
662,685
1398,812
1398,1378
1398,1379
663,664
663,1528
664,685
664,752
1170,670
1170,1345
1280,1281
802,779
1386,780
1386,1367
1236,1215
1236,1235
648,1432
648,735
648,713
1432,803
1432,1455
735,1148
713,668
655,766
655,853
766,767
766,789
853,854
853,1202
853,1006
679,680
789,790
789,1161
1178,960
1178,1177
1376,900
1376,1353
681,660
681,680
681,682
746,769
684,685
684,707
1528,1483
1528,1527
1528,1506
752,751
798,821
666,774
666,974
666,1017
774,751
974,951
974,975
974,997
668,1388
1388,777
1388,1389
1388,1411
669,845
669,1257
845,822
845,844
845,846
1257,1151
1257,1238
671,1278
890,867
890,889
890,891
676,1046
676,1071
676,918
1046,809
1071,1073
918,917
918,1138
1093,722
1093,964
1049,1029
1049,1047
1049,1050
682,705
682,1377
682,1462
705,704
705,706
705,728
1377,745
1377,1354
1462,813
1462,1461
1462,1551
706,707
1035,1037
1035,1056
1168,1149
759,1583
940,984
940,1092
698,1068
698,1114
1068,1047
1114,1094
1114,1113
1092,744
916,722
916,939
962,939
962,985
1160,1161
1160,1162
724,725
724,1355
856,855
856,857
856,878
1156,1155
725,704
725,726
857,834
704,727
727,726
727,728
727,750
728,751
733,756
733,800
733,992
755,1019
755,1105
778,779
1062,1258
1106,1086
1476,801
1476,1477
1476,1499
1323,801
1323,1324
1113,744
1113,1115
722,1005
1005,808
1005,809
1399,1378
1399,1401
1399,1421
1355,1354
726,749
749,748
749,750
750,751
754,1018
756,779
800,1518
800,1212
992,991
992,993
1105,1128
1301,799
1301,1194
1301,1302
1148,1127
1148,1149
1408,1409
1115,942
1115,1116
1334,855
1334,984
1334,1311
744,875
875,876
875,1420
745,768
768,767
768,769
768,791
769,748
769,770
748,771
748,924
771,770
924,925
924,947
1018,1019
1018,1041
1019,996
1019,1020
779,780
757,1171
1171,1172
1171,1150
758,1192
1192,1193
1192,1194
1192,1212
1583,1562
832,834
767,790
767,1311
790,791
790,813
1311,1288
1311,1310
791,770
791,792
795,796
795,818
777,1302
777,1324
799,822
1302,1303
1324,1325
1324,1347
1157,1134
1157,1177
985,896
985,986
788,1225
788,1137
788,1030
1313,1291
1313,1312
1225,921
1225,963
1225,1206
1137,963
1137,1136
1137,1138
1030,988
1030,1029
813,792
813,1485
792,815
815,814
815,816
815,838
816,817
816,839
817,818
817,840
818,841
821,822
821,844
821,1411
1212,1193
801,1237
1237,1235
1237,1238
913,912
1135,1116
809,811
809,1073
811,1270
811,961
1073,1074
1270,1268
1270,1269
961,1290
812,1204
812,1529
812,1421
1204,984
1204,1205
1204,1206
1529,1510
1529,1530
1529,1531
1421,941
1421,1422
1485,966
1485,1484
1485,1441
814,837
814,1551
837,838
837,860
1551,1552
1551,1553
838,839
838,861
839,840
839,862
840,841
840,863
841,842
841,864
842,843
842,865
843,844
843,866
844,867
1411,1412
1411,1434
846,847
1454,1455
1454,1477
1007,898
1007,988
1007,1006
1267,1266
1267,1247
1267,1248
859,860
859,882
860,861
860,883
861,862
861,884
862,863
862,885
863,864
863,886
864,865
864,887
865,866
865,888
866,867
866,889
847,870
1136,1117
1136,1134
854,1138
854,917
1202,941
1202,1180
1202,1201
1006,1008
1138,1139
917,1268
917,1047
855,878
878,877
882,883
882,905
883,884
883,906
884,885
884,907
885,886
885,908
886,887
886,909
887,888
887,910
888,889
888,911
889,912
876,877
1420,1419
877,900
904,905
904,927
905,906
905,928
906,907
906,929
907,908
907,930
908,909
908,931
909,910
909,932
910,911
910,933
911,912
911,934
912,935
891,1542
1542,1519
1542,1543
943,966
943,986
943,1552
898,1314
1314,942
899,944
899,1554
944,1118
944,1181
1554,1552
1554,1553
925,926
922,921
922,942
922,1292
926,927
926,949
927,928
927,950
928,929
928,951
929,930
929,952
930,931
930,953
931,932
931,954
932,933
932,955
933,934
933,956
934,935
934,957
1268,1249
1268,1269
920,921
920,1422
1422,1402
1422,1423
942,1205
1292,965
1292,984
1292,1290
947,970
949,950
949,972
950,951
951,952
952,953
952,975
953,954
953,976
954,955
954,977
955,956
955,978
956,957
956,979
1205,1206
1552,1553
1118,945
1118,1098
1118,1116
1181,1162
1181,1180
1181,1182
945,1444
945,1380
1444,1423
1444,1445
1380,965
1380,1378
1380,1379
970,993
975,976
975,998
976,977
976,999
977,978
978,979
978,1001
979,1002
1290,1269
1290,1291
963,1008
1008,988
1008,1029
965,1117
1117,1116
996,997
997,998
997,1020
998,999
999,1022
1001,1002
1224,1201
1224,1226
1224,1247
1020,1043
1041,1042
1043,1042
1042,1065
1065,1240
1084,1086
1084,1104
1258,1238
1240,1217
1240,1263
1240,1346
1198,1241
1128,1129
1128,1151
1128,1109
1129,1152
1129,1239
1129,1127
1151,1149
1152,1304
1239,1216
1239,1262
1239,1238
1153,1176
1153,1155
1304,1281
1304,1305
1304,1303
1176,1177
1176,1309
1155,1134
1345,1368
1345,1326
1345,1346
1172,1150
1177,1134
1309,1308
1309,1310
1193,1216
1193,1195
1216,1217
1216,1214
1194,1217
1217,1218
1195,1218
1195,1214
1195,1215
1218,1241
1328,1305
1328,1327
1328,1329
1241,1264
1262,1263
1262,1285
1262,1261
1263,1264
1263,1286
1346,1327
1346,1347
1264,1287
1285,1286
1285,1308
1286,1287
1286,1505
1287,1288
1287,1310
1281,1282
1281,1519
1282,1305
1282,1261
1307,1308
1307,1330
1308,1331
1505,1482
1505,1504
1505,1506
1312,1291
1303,1326
1303,1261
1326,1325
1326,1327
1329,1330
1329,1352
1330,1331
1330,1353
1331,1354
1325,1348
1325,1327
1347,1370
1347,1348
1348,1349
1348,1371
1352,1353
1353,1354
1506,1507
1367,1368
1367,1390
1368,1391
1370,1371
1370,1393
1349,1371
1349,1372
1373,1372
1373,1374
1373,1396
1390,1389
1390,1391
1390,1413
1391,1392
1391,1414
1392,1393
1392,1394
1371,1372
1393,1394
1372,1395
1395,1394
1395,1396
1395,1440
1396,1419
1389,1412
1412,1413
1412,1435
1413,1414
1413,1436
1414,1437
1434,1435
1434,1457
1435,1436
1435,1458
1436,1437
1436,1459
1437,1438
1437,1460
1438,1461
1455,1456
1455,1478
1456,1457
1456,1479
1457,1458
1457,1480
1458,1459
1458,1481
1459,1460
1459,1482
1460,1461
1460,1483
1461,1484
1440,1441
1477,1478
1477,1500
1478,1479
1478,1501
1479,1480
1479,1502
1480,1481
1480,1503
1481,1482
1481,1504
1482,1483
1483,1484
1499,1500
1499,1522
1500,1501
1500,1523
1501,1502
1501,1524
1502,1503
1502,1525
1503,1504
1503,1526
1504,1527
1521,1522
1521,1544
1522,1523
1522,1545
1523,1524
1523,1546
1524,1525
1524,1547
1525,1526
1525,1548
1526,1527
1507,1487
1543,1544
1544,1545
1545,1546
1546,1547
1547,1548
1032,1052
1050,1052
1056,1077
1074,1094
1074,1095
1077,1097
1086,1109
1094,1095
1095,1097
1097,1098
1121,1140
1121,1141
1139,1140
1139,1141
1140,1141
1149,1150
1162,1163
1163,1182
1180,1182
1180,1201
1182,1183
1214,1215
1215,1235
1247,1248
1247,1249
1248,1249
1378,1379
1382,1401
1382,1402
1401,1402
1426,1445
1441,1464
1441,1465
1445,1465
1464,1465
1464,1466
1464,1486
1465,1466
1466,1467
1467,1486
1486,1487
1510,1530
1530,1531
1531,1533
1556,1575
1556,1576
1575,1576
