0,718
0,649
0,672
0,737
718,237
718,326
718,827
649,86
649,475
649,651
672,584
672,890
672,1580
737,455
737,715
737,1429
1,24
1,131
1,823
1,1040
24,47
24,1063
24,1085
131,110
131,262
131,1023
823,87
823,822
823,1280
1040,996
1040,1017
1040,1041
2,3
2,25
2,1064
2,1563
3,4
3,26
3,1564
25,48
25,1174
25,1563
1064,1041
1064,1065
1064,1087
1563,1152
1563,1564
4,5
4,27
4,1565
26,49
26,1173
26,1219
1564,45
1564,1565
5,28
5,1351
5,1566
27,28
27,50
27,1196
1565,1542
1565,1566
28,29
28,51
1351,1350
1351,1352
1351,1374
1566,1543
1566,1567
6,7
6,29
6,1439
6,1567
7,8
7,30
7,1568
29,30
29,52
1439,549
1439,1438
1439,1440
1567,1544
1567,1568
8,9
8,31
8,1569
30,31
30,53
1568,1545
1568,1569
9,10
9,32
9,1570
31,54
31,703
1569,1546
1569,1570
10,11
10,1550
10,1571
32,55
32,165
32,879
1570,575
1570,1547
11,747
11,923
11,989
1550,1332
1550,1527
1550,1573
1571,1396
1571,1507
1571,1548
747,724
747,726
747,746
923,143
923,230
923,900
989,167
989,900
989,987
12,836
12,901
12,1442
12,1573
836,837
836,857
836,859
901,880
901,925
901,1033
1442,33
1442,637
1442,1419
1573,1397
1573,1572
13,1120
13,944
13,1250
13,1337
1120,190
1120,233
1120,966
944,832
944,899
944,1010
1250,1249
1250,1269
1250,1270
1337,988
1337,1336
1337,1338
14,80
14,1443
14,1422
14,1096
80,1357
80,1272
80,1425
1443,35
1443,789
1443,1420
1422,36
1422,78
1422,79
1096,1077
1096,1094
1096,1095
15,1251
15,1357
15,1579
15,1491
1251,57
1251,60
1251,212
1357,855
1357,1336
1579,1577
1579,1578
1579,1580
1491,280
1491,454
1491,1492
16,191
16,1404
16,1272
16,1428
191,104
191,214
191,1295
1404,61
1404,1403
1404,1424
1272,170
1272,299
1428,126
1428,1447
1428,1448
17,1296
17,1294
17,128
17,300
1296,59
1296,323
1296,518
1294,1292
1294,1293
1294,1313
128,83
128,521
128,1535
300,367
300,1536
300,1361
18,434
18,521
18,474
18,1384
434,214
434,325
434,784
521,240
521,520
474,1342
474,1341
474,1361
1384,584
1384,1295
1384,1385
19,562
19,129
19,1583
19,542
562,86
562,673
562,605
129,388
129,457
129,695
1583,670
1583,759
1583,780
542,455
542,1494
542,716
20,194
20,671
20,1364
20,1429
194,105
194,523
194,500
671,1581
671,1321
671,1540
1364,692
1364,1343
1364,1363
1429,84
1429,344
21,1474
21,540
21,369
21,41
1474,43
1474,108
1474,715
540,517
540,1365
540,1407
369,323
369,851
369,606
41,1558
41,195
41,587
22,783
22,848
22,1023
22,1498
783,761
783,782
783,804
848,263
848,847
848,849
1023,1022
1023,1024
1498,1475
1498,1499
1498,1521
23,46
23,1021
23,1107
23,1260
46,45
46,47
46,69
1021,998
1021,1020
1021,1022
1107,1084
1107,1106
1107,1259
1260,1237
1260,1283
1260,1241
47,48
47,70
1063,758
1063,1061
1063,1042
1085,1062
1085,1108
1085,1130
48,49
48,71
1174,307
1174,1151
1174,1197
49,50
49,72
1173,1172
1173,1196
1173,1171
1219,286
1219,1218
1219,1220
50,51
50,73
1196,156
1196,1328
51,52
51,74
52,53
52,75
53,54
53,76
54,55
54,77
703,680
703,683
703,704
55,56
55,251
165,142
165,187
165,188
879,684
879,858
879,878
33,858
33,1033
33,1463
858,317
858,859
1033,145
1033,296
1463,441
1463,1440
1463,1484
34,946
34,1356
34,1249
34,1531
946,382
946,947
946,967
1356,700
1356,876
1356,1355
1249,1268
1249,1269
1531,1530
1531,1532
1531,1533
35,102
35,1400
35,1358
102,79
102,1098
102,125
1400,79
1400,875
1400,1377
1358,964
1358,1335
1358,1381
36,1205
36,945
36,1140
1205,1204
1205,1206
1205,1224
945,1141
945,1464
945,1206
1140,37
1140,943
1140,1121
37,279
37,1227
37,1382
279,256
279,278
279,302
1227,125
1227,145
1227,146
1382,236
1382,257
1382,388
38,1230
38,58
38,1405
38,1163
1230,61
1230,494
1230,1209
58,81
58,1074
58,1269
1405,430
1405,516
1405,1403
1163,124
1163,1143
1163,1161
39,453
39,1538
39,344
39,433
453,148
453,1383
453,1233
1538,694
1538,695
1538,758
344,412
344,1560
433,130
433,280
433,1557
40,150
40,322
40,652
40,324
150,151
150,1427
150,1557
322,301
322,1426
322,1513
652,477
652,741
652,698
324,257
324,1470
324,391
1558,85
1558,366
1558,409
195,44
195,345
195,1537
587,109
587,303
587,328
42,457
42,541
42,715
42,740
457,391
457,827
541,65
541,85
541,1559
715,647
740,65
740,258
740,763
43,1409
43,693
43,1562
1409,585
1409,759
1409,1408
693,1539
693,736
693,1299
1562,153
1562,650
44,825
44,1433
44,738
825,87
825,802
825,826
1433,1432
1433,1434
1433,1456
738,66
738,172
738,411
45,68
45,1475
68,67
68,69
68,91
1475,778
1475,800
69,70
69,92
70,71
70,93
71,72
71,94
72,73
72,95
73,74
73,96
74,75
74,97
75,76
75,98
76,77
76,99
77,100
77,1509
56,57
56,79
56,1076
251,250
251,252
251,274
57,1208
57,1508
1076,211
1076,275
1076,298
1208,166
1208,167
1208,275
1508,615
1508,1507
1508,1510
81,82
81,1142
81,1186
1074,1073
1074,1075
1074,1093
1269,1268
59,1470
59,147
59,1077
1470,1449
1470,1468
147,146
147,170
147,193
1077,101
1077,1075
60,62
60,1557
60,1207
62,1473
62,500
62,695
1557,1537
1207,100
1207,190
1207,1187
61,410
61,519
410,1339
410,517
410,456
519,760
519,1341
519,736
1473,430
1473,498
1473,561
500,281
500,763
695,196
63,782
63,171
63,759
63,455
782,107
782,781
171,82
171,631
171,696
759,1365
455,1450
64,258
64,370
64,237
64,653
258,256
258,281
370,217
370,303
370,610
237,86
237,214
653,326
653,501
653,565
65,86
65,673
673,108
673,149
66,67
66,89
66,824
67,90
67,1108
89,88
89,90
89,112
824,196
824,846
824,1454
90,91
90,113
1108,157
1108,1131
91,92
91,114
92,93
92,115
93,94
93,116
94,95
94,117
95,96
95,118
96,97
96,119
97,98
97,120
98,99
98,121
99,100
99,1529
100,123
1509,854
1509,899
1509,919
78,1075
78,1032
78,1053
1075,1073
1032,144
1032,1030
1032,1031
1053,1051
1053,1052
1053,1054
1425,236
1425,321
1425,988
82,1580
82,1340
1142,168
1142,299
1142,1143
1186,235
1186,427
1186,1166
1580,169
1340,83
1340,475
1340,1319
83,1317
83,1472
1317,210
1317,297
1317,340
1472,84
1472,281
1472,412
84,216
84,564
216,193
216,217
216,826
564,456
564,606
564,1582
85,609
85,347
609,432
609,501
609,694
347,1560
347,390
347,760
87,868
87,1541
868,802
868,867
868,869
1541,88
1541,713
1541,847
88,109
88,805
109,218
109,413
805,215
805,371
805,543
112,111
112,113
112,135
113,114
113,136
114,115
114,137
115,116
115,138
116,117
116,139
117,118
117,140
118,119
118,141
119,120
119,142
120,121
120,143
121,122
121,145
1529,1510
1529,1528
1529,1530
123,122
123,146
123,1554
101,902
101,1012
101,1184
902,231
902,903
902,922
1012,318
1012,404
1012,1011
1184,1165
1184,1183
1184,1185
1098,255
1098,1097
1098,1099
125,1380
125,213
103,1274
103,1187
103,1121
103,1556
1274,365
1274,1231
1274,1253
1187,1185
1187,1188
1121,1119
1121,1141
1556,148
1556,189
1556,1555
104,1424
104,389
104,1380
1424,212
1424,1423
389,256
389,761
389,608
1380,166
1380,1378
105,411
105,1316
105,259
411,1427
411,1426
1316,319
1316,1314
1316,1315
259,390
259,282
259,1561
106,346
106,717
106,1383
106,1536
346,432
346,1536
346,1514
717,736
717,1494
717,804
1383,517
1383,1363
1536,1516
107,1582
107,499
107,628
1582,173
1582,239
499,498
499,1517
499,784
628,563
628,1321
628,1386
108,476
108,716
476,563
476,1406
476,1361
716,694
716,1453
218,217
218,219
218,869
413,808
413,720
413,674
110,111
110,133
110,1131
111,134
111,1283
133,132
133,134
133,156
1131,267
1131,1154
134,135
134,157
1283,1282
1283,1284
135,136
135,158
136,137
136,159
137,138
137,160
138,139
138,161
139,140
139,162
140,141
140,163
141,142
141,164
142,143
143,990
122,164
122,166
145,146
164,163
164,187
166,1467
1554,942
1554,988
1554,1552
124,1314
124,1118
124,1426
1314,1313
1314,1315
1118,1119
1118,1137
1118,1138
1426,149
213,214
213,235
213,1490
126,1537
126,452
126,238
1537,148
452,1339
452,1406
452,1450
238,192
238,1559
238,282
127,1493
127,675
127,391
127,1515
1493,257
1493,518
1493,629
675,130
675,392
675,873
391,632
1515,456
1515,1514
1515,1516
1535,364
1535,365
1535,454
388,301
388,1385
130,260
130,172
260,739
260,458
260,607
172,697
172,632
262,263
262,437
262,827
132,153
132,892
132,1045
153,152
153,588
892,416
892,891
892,893
1045,176
1045,1022
1045,1044
156,179
156,1067
157,180
157,1259
158,159
158,181
158,1130
159,160
159,182
160,161
160,183
161,162
161,184
162,163
162,185
163,186
990,991
990,1011
990,1013
144,987
144,1209
144,1487
987,811
987,986
1209,1228
1209,1229
1487,922
1487,963
1487,1486
170,151
170,193
193,343
148,1228
1228,1226
1228,1248
149,1578
149,1318
1578,323
1578,1577
1318,236
1318,406
1318,1298
151,152
151,414
1427,276
1427,368
152,763
152,392
414,282
414,633
414,545
763,544
392,415
392,568
588,215
588,479
588,502
154,155
154,177
154,1154
154,1175
155,178
155,1369
155,1415
177,176
177,178
177,200
1154,483
1154,1155
1175,1152
1175,1176
1175,1198
178,179
178,201
1369,1368
1369,1370
1369,1392
1415,1414
1415,1416
1415,1438
179,180
179,202
1067,328
1067,1066
1067,1198
180,181
180,203
1259,801
1259,1258
181,182
181,204
1130,1153
1130,1132
182,183
182,205
183,184
183,206
184,185
184,207
185,186
185,208
186,187
186,686
187,210
188,211
188,1164
188,1165
1467,1465
1467,1466
1467,1468
167,209
167,1054
209,208
209,210
209,1185
1054,1052
1054,1055
168,363
168,169
168,341
363,1210
363,602
363,406
169,1559
169,1295
341,298
341,1055
341,1057
1559,192
1295,321
631,283
631,585
631,808
696,239
696,633
696,719
697,543
697,1047
697,1027
632,982
632,1048
173,566
173,741
173,520
566,502
566,765
566,586
741,961
741,785
520,1561
520,1517
174,175
174,197
174,240
174,849
175,828
175,1024
175,1520
197,176
197,827
197,1066
240,241
240,826
849,305
849,826
828,765
828,829
828,851
1024,525
1024,1001
1520,1519
1520,1521
1520,1543
176,958
958,935
958,957
958,959
200,199
200,201
200,223
201,202
201,224
202,203
202,225
203,204
203,226
204,205
204,227
205,206
205,228
206,207
206,229
207,208
207,967
208,339
686,533
686,597
686,709
210,233
211,234
211,1100
1164,320
1164,408
1164,1162
1165,1145
1165,1166
189,1010
189,321
189,1489
1010,1009
1010,1011
321,496
1489,255
1489,922
1489,1488
190,364
190,366
364,343
364,384
366,1229
366,1297
192,1406
192,387
1406,298
387,302
387,386
387,606
343,1534
343,345
523,764
523,982
523,784
345,282
345,1360
196,938
196,522
938,501
938,896
938,937
522,677
522,608
522,676
1066,1043
1066,1065
198,199
198,219
198,980
198,1111
199,1110
199,1284
219,261
219,915
980,957
980,979
980,981
1111,220
1111,483
1111,936
1110,1087
1110,1133
1110,1088
1284,1285
1284,1307
223,222
223,224
223,246
224,225
224,247
225,226
225,248
226,227
226,249
227,228
227,250
228,229
228,880
229,230
229,252
967,966
967,968
339,316
339,338
339,340
1185,1183
233,232
233,1532
234,1141
234,497
234,1468
1100,473
1100,516
1100,536
212,1381
212,323
1381,1401
1381,1402
235,1273
235,1271
1490,280
1490,1471
1490,1488
215,610
215,784
610,1092
610,1069
217,629
629,477
629,605
869,284
869,870
261,368
261,781
261,567
915,285
915,656
915,916
220,221
220,241
220,243
221,222
221,265
221,1044
241,871
241,1132
243,242
243,244
243,266
222,244
222,245
265,264
265,266
265,288
1044,1043
1044,1087
244,245
244,1199
245,246
245,268
246,247
246,269
247,248
247,270
248,249
248,271
249,250
249,272
250,273
880,881
880,924
230,231
230,535
252,253
252,773
231,232
231,295
535,797
535,995
535,1060
232,1013
232,1229
295,294
295,296
295,512
1013,297
1013,425
1229,297
1532,1530
1532,1533
1141,1139
497,342
497,1253
497,586
1468,1469
1273,253
1273,340
1273,473
1271,1270
1271,1291
1271,1292
236,1448
1448,255
1448,301
239,1561
239,1560
1561,477
1560,1518
871,546
871,870
871,872
1132,307
1132,397
242,263
242,395
242,936
263,305
395,372
395,374
395,396
936,913
936,935
266,267
266,289
1199,1198
1199,1200
1199,1222
268,267
268,269
268,291
269,270
269,292
270,271
270,293
271,272
271,294
272,273
272,968
273,274
273,296
274,275
274,579
253,254
253,1297
773,750
773,774
773,796
254,256
254,1252
254,1469
1297,320
1297,518
1252,340
1252,342
1252,1275
1469,1449
1469,1471
255,431
431,1495
431,1534
431,1408
257,367
367,1361
367,1534
281,283
390,719
390,565
739,283
739,435
739,1581
458,565
458,1091
458,460
607,477
607,1450
607,762
368,762
368,630
781,760
781,780
567,524
567,678
567,785
437,415
437,526
437,591
305,306
305,328
264,285
264,287
264,482
285,284
285,1087
287,286
287,288
287,310
482,459
482,483
482,505
288,289
288,311
267,290
289,290
289,312
290,291
290,313
291,292
291,314
292,293
292,315
293,294
293,316
294,317
968,969
968,991
296,297
275,276
579,556
579,602
579,819
276,277
276,319
277,278
277,1275
277,1188
319,1056
319,1034
278,1319
278,408
1275,582
1275,648
1188,496
1188,646
1319,1320
1319,1321
408,604
408,1408
302,304
302,325
280,1339
1339,385
283,960
960,723
960,853
960,959
284,981
284,1026
981,306
981,526
1026,393
1026,1025
1026,1158
286,307
286,1242
307,306
1242,462
1242,549
1242,1241
310,309
310,311
310,333
311,312
311,334
312,313
312,335
313,314
313,336
314,315
314,337
315,316
315,338
316,317
317,688
512,489
512,511
512,753
298,428
428,385
428,1253
428,1078
299,518
299,1402
1402,1401
1402,1403
301,1492
1492,1512
1492,1513
304,412
304,807
304,804
325,326
325,348
303,435
303,1581
435,761
435,674
1581,608
412,501
807,504
807,674
807,1046
804,803
306,329
328,329
329,308
329,330
308,309
308,331
308,1306
309,332
309,1416
331,330
331,332
331,354
1306,1305
1306,1307
1306,1329
332,333
332,355
1416,1393
1416,1417
333,334
333,356
334,335
334,357
335,336
335,358
336,337
336,359
337,338
337,360
338,361
688,645
688,1079
688,1213
318,406
318,1057
318,1122
406,645
1057,1037
1057,1055
1122,362
1122,384
1122,559
1056,451
1056,1055
1056,1058
1034,407
1034,1015
1034,1035
320,1514
320,1359
1514,1513
1359,1338
1359,1360
1359,1379
496,432
496,1494
1513,1511
326,327
348,349
348,371
348,851
327,350
327,436
327,829
350,349
350,351
350,373
436,459
436,524
436,611
829,589
829,766
330,351
330,353
351,1197
351,1244
353,352
353,354
353,376
354,355
354,377
355,356
355,378
356,357
356,379
357,358
357,380
358,359
358,381
359,360
359,578
360,491
360,710
361,381
361,881
361,1014
342,539
342,1471
539,714
539,1167
539,1494
1471,495
1534,1533
1360,1338
1360,1362
432,1407
760,651
349,372
349,830
371,394
371,895
851,874
372,373
372,1003
830,634
830,831
830,1093
373,352
373,374
1197,1153
1197,1220
1244,745
1244,1221
1244,1243
352,375
352,1000
375,376
375,398
375,1089
1000,977
1000,999
1000,1001
376,377
376,399
377,378
377,400
378,379
378,401
379,380
379,402
380,381
380,403
381,404
578,555
578,776
578,1038
491,490
491,602
491,667
710,733
710,755
710,1060
881,882
881,904
1014,601
1014,668
1014,991
362,494
362,971
362,469
494,603
494,1191
971,623
971,970
971,972
469,468
469,665
469,1036
1210,430
1210,495
1210,626
602,625
384,383
384,385
365,1276
365,1320
1276,407
1276,1256
1276,1277
1320,1300
1320,1321
762,502
762,764
630,475
630,498
630,651
606,1407
394,417
394,893
394,1070
895,635
895,894
895,896
1003,569
1003,613
1003,1002
374,397
374,484
397,398
397,420
484,485
484,505
484,507
398,399
398,421
1089,438
1089,526
1089,1112
399,400
399,422
400,401
400,423
401,402
401,424
402,403
402,425
403,404
403,708
404,687
382,383
382,1145
382,1079
383,1123
383,429
1145,1143
1145,1144
1079,580
1079,603
1123,471
1123,604
1123,1124
429,648
429,1277
429,1407
385,386
386,1078
386,1254
1078,427
1078,449
1254,407
1254,627
1254,670
1385,692
1385,1386
761,478
608,543
719,806
719,720
565,478
415,917
415,698
568,611
568,1157
568,1047
393,416
393,852
393,678
416,438
416,439
852,875
852,940
852,1160
678,743
678,963
417,418
417,937
417,1025
893,870
893,894
1070,677
1070,742
1070,1006
396,419
396,1221
396,1350
419,418
419,420
419,442
1221,1220
1221,1222
1350,1349
1350,1373
420,421
420,443
421,422
421,444
422,423
422,445
423,424
423,446
424,425
424,447
425,601
708,685
708,707
708,709
687,598
687,624
687,820
405,1011
405,1015
405,731
405,536
1015,712
1015,798
731,643
731,730
731,754
536,470
536,1037
645,580
645,1082
407,1168
1168,471
1168,473
1168,560
604,1365
604,1540
1408,1387
409,1166
409,1403
409,1517
1166,581
1517,543
517,1146
456,872
808,723
808,1049
720,502
720,1091
674,1516
633,1046
633,1136
545,478
545,544
545,809
917,460
917,788
917,1071
698,1180
698,1028
438,548
438,1158
439,418
439,440
439,636
418,441
937,524
937,914
1025,873
1025,1002
441,442
441,464
442,443
442,465
443,444
443,466
444,445
444,467
445,446
445,468
446,447
446,683
447,711
447,994
601,1039
601,1061
426,1103
426,1211
426,1125
426,1147
1103,558
1103,1101
1103,1102
1211,473
1211,1212
1211,1213
1125,735
1125,1124
1125,1126
1147,734
1147,1126
1147,1127
427,1144
427,1234
1144,1143
1144,1146
1234,1214
1234,1235
1234,1236
1253,1231
648,585
648,1432
1277,515
1277,1278
430,561
561,454
561,1495
1495,584
1495,1496
459,635
459,806
524,723
611,916
611,1072
526,549
591,480
591,547
591,592
548,525
548,571
548,701
1158,679
1158,745
440,463
440,1112
440,1375
636,614
636,659
636,1289
463,462
463,464
463,486
1112,614
1112,1135
1375,1352
1375,1374
1375,1376
464,465
464,487
465,466
465,488
466,467
466,489
467,468
467,490
468,794
683,660
683,706
711,513
711,778
711,1062
994,993
994,995
994,1017
448,643
448,665
448,732
448,689
643,576
643,600
665,642
665,798
732,709
732,778
732,1280
689,514
689,1167
689,1365
449,992
449,451
449,470
992,733
992,991
992,993
451,1341
451,1080
470,472
470,1189
450,581
450,472
450,1081
450,1190
581,1148
581,1102
472,1450
472,1256
1081,646
1081,1058
1081,1080
1190,471
1190,692
1190,1191
1341,538
1080,1058
1080,1059
1233,557
1233,583
1233,757
454,586
586,544
872,503
872,654
1091,654
1091,809
460,1113
460,676
635,503
635,658
806,850
806,913
1113,721
1113,810
1113,941
676,1027
676,873
461,1133
461,1179
461,1223
461,1004
1133,1156
1133,1134
1179,1156
1179,1178
1179,1157
1223,612
1223,1222
1223,1202
1004,589
1004,1068
1004,1028
462,483
462,485
485,486
485,508
486,487
486,509
487,488
487,510
488,489
488,511
489,490
490,772
794,771
794,795
794,817
1036,493
1036,495
1036,667
1189,492
1189,691
1189,1169
471,1101
1101,1099
1101,1102
1256,1255
1256,1258
1342,1343
1342,1344
1342,1362
475,1362
1362,1363
563,544
563,1516
478,786
786,1115
786,831
786,1072
479,1047
479,1069
479,1048
1047,1048
1069,962
1069,1068
1048,764
480,743
480,850
480,897
743,1334
743,764
850,525
850,655
897,874
897,877
897,943
481,634
481,699
481,547
481,1114
634,612
634,875
699,918
699,1178
699,1092
547,657
547,914
1114,677
1114,1115
1114,1116
505,702
505,1245
507,506
507,508
507,530
508,509
508,531
509,510
509,532
510,511
510,533
511,534
772,749
772,771
772,795
667,1038
667,1170
492,969
492,1016
492,1035
969,555
969,970
1016,666
1016,993
1016,1039
1035,559
1035,1037
493,755
493,625
493,1235
755,1019
755,1105
625,557
625,624
1235,1215
1235,1236
603,1167
603,1037
1191,1192
1191,1193
495,1451
1451,1449
1451,1452
1451,1453
498,651
503,525
503,959
959,612
504,742
504,1068
504,1202
742,1093
742,984
1068,939
1202,1203
1202,1204
702,679
702,725
702,857
1245,899
1245,983
1245,1222
506,527
506,529
506,1333
527,528
527,1243
527,1418
529,528
529,530
529,552
1333,941
1333,1310
1333,1506
530,531
530,553
531,532
531,554
532,555
532,1549
533,556
533,620
534,557
534,599
534,903
753,730
753,776
753,1017
513,600
513,948
513,1082
600,556
600,820
948,925
948,947
948,949
1082,537
1082,1105
514,1104
514,580
514,515
1104,800
1104,1084
1104,1106
580,1124
515,560
515,1059
560,1167
560,583
1059,712
1059,1058
516,1124
516,712
712,1389
1146,558
1146,1126
736,1518
677,1028
982,700
982,785
723,746
549,550
528,551
528,1246
1243,1220
1243,1266
1418,1417
1418,1419
1418,1394
551,550
551,552
551,574
1246,787
1246,876
1246,1135
552,553
552,575
553,554
553,576
554,555
554,577
1549,620
1549,1526
1549,1548
556,973
620,619
620,621
557,729
599,576
599,622
599,644
903,904
903,926
797,774
797,796
797,820
995,972
995,1018
1060,626
1060,1083
537,558
537,1300
537,559
558,1279
1300,1298
1300,1302
559,735
538,582
538,1298
538,1387
582,1344
582,756
1298,1279
1387,670
1387,1386
714,650
714,1476
714,1322
809,1049
809,940
546,656
546,831
546,874
656,679
656,789
831,832
874,1355
657,1178
657,1200
657,1376
914,891
914,913
571,550
571,572
571,1417
701,724
701,856
701,1156
550,573
573,572
573,574
573,596
574,575
574,597
575,576
577,622
577,642
577,775
973,950
973,972
973,996
729,706
729,728
729,752
1279,1278
1279,1299
735,1366
735,1171
583,1255
583,650
605,803
605,1232
765,832
765,1050
785,1046
1157,1159
1157,1177
569,570
569,592
569,894
570,1200
570,1332
570,1397
592,593
592,615
894,655
1200,680
1332,1309
1332,1331
1397,1374
1397,1420
572,593
572,595
1417,596
593,594
593,833
595,594
595,618
595,835
596,597
596,619
597,598
622,621
622,623
642,619
642,641
775,752
775,754
775,798
776,777
776,799
1038,644
1038,1061
819,796
819,818
819,842
1148,1127
1148,1149
1148,1150
1102,669
1344,691
1344,1367
756,733
756,734
756,779
1255,1231
1255,1257
650,585
584,1430
1430,758
1430,1431
1430,1410
589,1049
589,1135
1049,1050
1135,1134
590,983
590,1050
590,1046
590,744
983,654
983,940
1050,1031
744,1267
744,1203
744,1051
615,594
615,616
594,617
833,613
833,834
833,1267
617,616
617,618
617,640
618,619
618,641
835,640
835,814
835,834
598,621
598,793
621,730
793,770
793,792
793,816
644,709
644,1170
820,843
1039,713
1039,1062
1061,1084
1540,694
1540,1497
803,1410
803,1432
1232,627
1232,1212
1232,1231
1092,700
1092,722
916,939
916,1090
1072,1052
1072,1071
612,1203
1203,787
613,614
613,787
614,637
787,811
637,616
637,638
616,639
639,638
639,662
639,1398
640,641
640,663
641,664
730,707
623,624
623,1083
624,1213
1083,754
1083,1106
1213,1212
626,691
626,1169
691,1299
1169,1150
1169,1171
627,670
627,1539
1539,647
1539,1497
1386,1366
1136,722
1136,854
1136,941
875,876
658,659
658,681
658,746
659,638
659,660
1289,1266
1289,1288
1289,1312
638,661
661,660
661,662
661,684
662,663
662,685
1398,1378
1398,1399
1398,1420
663,664
663,1528
664,685
664,752
1170,1345
1170,1150
646,734
646,1299
734,1345
647,802
647,1452
802,779
1452,1453
1452,1496
1432,1455
654,1090
1090,1005
1090,1088
655,766
655,853
766,767
766,789
853,854
853,1030
679,680
789,790
1178,1177
1376,900
1376,1353
681,660
681,680
681,682
746,769
684,685
684,707
1528,1483
1528,1527
752,751
798,821
666,774
666,974
666,1017
774,751
974,951
974,975
974,997
668,713
668,1388
668,1278
713,1105
1388,777
1388,1389
1388,1411
1278,758
669,845
669,1257
669,1345
845,822
845,844
845,846
1257,1151
1257,1238
1345,1368
890,867
890,889
890,891
873,1224
1027,1006
1027,1029
1028,810
963,921
963,1248
682,705
682,1377
682,1462
705,704
705,706
705,728
1377,745
1377,1354
1462,813
1462,1461
1462,1551
706,707
690,1367
690,1366
690,757
690,777
1367,1368
1367,1390
1366,777
757,1518
757,1322
692,1343
1343,1363
1180,1181
1180,1182
1180,1201
918,1161
918,920
918,1073
700,1290
1290,811
1290,919
1290,1268
724,725
724,1355
856,855
856,857
856,878
1156,1155
725,704
725,726
857,834
704,727
727,726
727,728
727,750
728,751
733,800
778,779
1062,1258
1389,1390
1389,1412
1105,1128
1476,801
1476,1477
1476,1499
1322,1302
1322,1323
1453,1497
721,1094
721,1029
721,1224
1094,920
1094,1095
1029,1008
1029,1030
1224,1225
722,1071
722,1312
1071,788
1312,1335
1312,1313
1355,1354
726,749
749,748
749,750
750,751
754,1018
1280,780
1280,1281
800,1301
1171,1172
1518,1497
961,1159
961,1204
961,984
1093,1073
984,942
984,1116
1334,811
1334,855
1334,1311
1267,1266
1267,1265
1051,1031
1051,1052
745,768
768,767
768,769
768,791
769,748
769,770
748,771
748,924
771,770
924,925
924,947
1018,1019
1018,1041
1019,996
1019,1020
779,780
832,834
767,790
767,1311
790,791
790,813
1311,1288
1311,1310
791,770
791,792
795,796
795,818
799,822
799,1301
799,1410
1115,1116
1115,1117
788,1117
788,1007
1117,1097
1117,1116
1007,1005
1007,1008
1007,1009
813,792
813,1485
792,815
815,814
815,816
815,838
816,817
816,839
817,818
817,840
818,841
821,822
821,844
821,1411
1301,1194
1301,1302
1410,1431
801,1237
801,1323
1237,1236
1237,1238
1323,1324
1323,1303
913,912
940,1137
810,1248
810,1247
1248,1226
1247,898
1247,965
1247,1225
812,1506
812,1204
812,1201
812,1486
1506,1505
1506,1507
1201,854
1201,962
1486,1488
1486,1507
1485,966
1485,1484
1485,1441
814,837
814,1551
837,838
837,860
1551,1552
1551,1553
838,839
838,861
839,840
839,862
840,841
840,863
841,842
841,864
842,843
842,865
843,844
843,866
844,867
1411,1412
1411,1434
846,847
846,1496
1454,1431
1454,1455
1454,1477
859,860
859,882
860,861
860,883
861,862
861,884
862,863
862,885
863,864
863,886
864,865
864,887
865,866
865,888
866,867
866,889
847,870
1496,1519
1160,1159
1160,1161
1160,1162
1030,1031
855,878
878,877
882,883
882,905
883,884
883,906
884,885
884,907
885,886
885,908
886,887
886,909
887,888
887,910
888,889
888,911
889,912
876,877
877,900
904,905
904,927
905,906
905,928
906,907
906,929
907,908
907,930
908,909
908,931
909,910
909,932
910,911
910,933
911,912
911,934
912,935
891,1542
1542,1519
1542,1543
896,919
896,985
919,920
985,962
985,986
985,1138
943,966
943,986
898,1139
898,1182
898,1183
1139,1137
1139,1159
1182,964
1182,1181
1183,1181
899,1095
1095,1097
925,926
922,921
926,927
926,949
927,928
927,950
928,929
928,951
929,930
929,952
930,931
930,953
931,932
931,954
932,933
932,955
933,934
933,956
934,935
934,957
939,962
939,1134
1161,1162
920,921
921,1401
1401,1399
947,970
949,950
949,972
950,951
951,952
952,953
952,975
953,954
953,976
954,955
954,977
955,956
955,978
956,957
956,979
1134,1155
1137,1138
941,942
942,1445
1445,1444
1445,1446
1445,1447
986,1009
1464,1441
1464,1465
1464,1466
1206,1225
1206,1226
970,993
975,976
975,998
976,977
976,999
977,978
978,979
978,1001
979,1002
964,1379
964,1488
1379,965
1379,1378
965,1293
965,1512
1293,1291
1293,1292
1512,1510
1512,1511
996,997
997,998
997,1020
998,999
999,1022
1001,1002
1138,1119
1009,1008
988,1553
1553,1533
1553,1552
1020,1043
1005,1006
1005,1378
1006,1008
1041,1042
1043,1042
1042,1065
1065,1240
1084,1086
1258,1238
1240,1217
1240,1263
1240,1346
1198,1177
1106,1086
1128,1129
1128,1151
1128,1109
1129,1152
1129,1239
1129,1109
1151,1149
1152,1304
1239,1216
1239,1262
1239,1238
1153,1176
1153,1155
1304,1281
1304,1305
1304,1261
1176,1177
1176,1309
1172,1192
1172,1193
1309,1308
1309,1310
1193,1216
1193,1192
1216,1217
1216,1195
1194,1217
1194,1431
1194,1192
1217,1218
1195,1218
1195,1214
1195,1215
1218,1241
1328,1305
1328,1327
1328,1329
1241,1264
1262,1263
1262,1285
1262,1261
1263,1264
1263,1286
1346,1327
1346,1347
1346,1348
1264,1265
1264,1287
1266,1265
1285,1286
1285,1308
1286,1287
1286,1505
1265,1288
1287,1288
1287,1310
1281,1282
1281,1519
1282,1305
1282,1261
1307,1308
1307,1330
1308,1331
1505,1482
1505,1504
1302,1303
1303,1326
1303,1261
1326,1325
1326,1327
1326,1324
1329,1330
1329,1352
1330,1331
1330,1353
1331,1354
1335,1315
1335,1336
1324,1325
1324,1347
1325,1348
1325,1327
1347,1370
1347,1348
1348,1349
1352,1353
1353,1354
1368,1391
1370,1371
1370,1393
1349,1371
1349,1372
1373,1372
1373,1374
1373,1396
1390,1391
1390,1413
1391,1392
1391,1414
1392,1393
1392,1371
1371,1372
1393,1394
1372,1395
1395,1394
1395,1396
1395,1440
1396,1419
1412,1413
1412,1435
1413,1414
1413,1436
1414,1437
1394,1440
1419,1420
1434,1435
1434,1457
1435,1436
1435,1458
1436,1437
1436,1459
1437,1438
1437,1460
1438,1461
1455,1456
1455,1478
1456,1457
1456,1479
1457,1458
1457,1480
1458,1459
1458,1481
1459,1460
1459,1482
1460,1461
1460,1483
1461,1484
1477,1478
1477,1500
1478,1479
1478,1501
1479,1480
1479,1502
1480,1481
1480,1503
1481,1482
1481,1504
1482,1483
1483,1484
1499,1500
1499,1522
1500,1501
1500,1523
1501,1502
1501,1524
1502,1503
1502,1525
1503,1504
1503,1526
1504,1527
1521,1522
1521,1544
1522,1523
1522,1545
1523,1524
1523,1546
1524,1525
1524,1547
1525,1526
1525,1548
1526,1527
1543,1544
1544,1545
1545,1546
1546,1547
1547,1548
1086,1088
1086,1109
1088,1109
1097,1099
1099,1119
1126,1127
1127,1149
1149,1150
1162,1181
1212,1214
1214,1215
1215,1236
1225,1226
1268,1270
1270,1291
1291,1292
1313,1315
1336,1338
1399,1421
1399,1423
1421,1423
1421,1441
1421,1444
1423,1444
1441,1465
1444,1446
1446,1447
1446,1466
1447,1449
1465,1466
1510,1511
1511,1530
1552,1572
1555,1574
1555,1575
1555,1576
1572,1574
1574,1575
1574,1576
1575,1576
1575,1577
1576,1577
