0,892
0,1365
0,627
0,1583
892,132
892,891
892,893
1365,517
1365,647
1365,689
627,429
627,1561
627,1341
1583,587
1583,630
1583,692
1,24
1,131
1,823
1,1040
24,47
24,1063
24,1324
131,110
131,262
131,1023
823,87
823,822
823,1280
1040,996
1040,1017
1040,1041
2,3
2,25
2,1064
2,1563
3,4
3,26
3,1564
25,48
25,1174
25,1563
1064,1041
1064,1065
1064,1087
1563,1152
1563,1564
4,5
4,27
4,1565
26,49
26,1173
26,1219
1564,45
1564,1565
5,28
5,1351
5,1566
27,28
27,50
27,1196
1565,1542
1565,1566
28,29
28,51
1351,1350
1351,1352
1351,1374
1566,1543
1566,1567
6,7
6,29
6,1439
6,1567
7,8
7,30
7,1568
29,30
29,52
1439,549
1439,1438
1439,1440
1567,1544
1567,1568
8,9
8,31
8,1569
30,31
30,53
1568,1545
1568,1569
9,10
9,32
9,1570
31,54
31,703
1569,1546
1569,1570
10,11
10,1550
10,1571
32,55
32,165
32,879
1570,575
1570,1547
11,747
11,923
11,989
1550,1332
1550,1527
1550,1573
1571,1396
1571,1507
1571,1548
747,724
747,726
747,746
923,143
923,230
923,900
989,167
989,900
989,987
12,836
12,901
12,1442
12,1573
836,837
836,857
836,859
901,880
901,925
901,1485
1442,33
1442,637
1442,1419
1573,99
1573,1397
13,1292
13,1489
13,1401
13,1422
1292,788
1292,942
1292,944
1489,37
1489,1488
1489,1491
1401,1378
1401,1382
1401,1399
1422,1421
1422,1423
1422,1424
14,80
14,1443
14,944
14,1295
80,1357
80,1032
80,1488
1443,35
1443,788
1443,1420
944,1226
944,1421
1295,191
1295,431
1295,1384
15,1251
15,1357
15,78
15,1207
1251,57
1251,147
1251,212
1357,855
1357,1008
78,1380
78,1577
78,1400
1207,100
1207,235
1207,1205
16,1118
16,168
16,1445
16,280
1118,58
1118,1116
1118,1117
168,39
168,1404
168,1296
1445,1425
1445,1444
1445,1446
280,260
280,282
280,1449
17,1359
17,1315
17,1472
17,1385
1359,36
1359,321
1359,1358
1315,1313
1315,1314
1315,1335
1472,40
1472,278
1472,367
1385,83
1385,541
1385,1383
18,170
18,1517
18,1383
18,587
170,255
170,608
170,1272
1517,194
1517,630
1517,735
1383,126
1383,1382
587,304
587,719
19,1558
19,1405
19,1496
19,388
1558,1556
1558,1559
1558,1577
1405,1403
1405,1407
1405,1425
1496,846
1496,1495
1496,1519
388,41
388,61
388,453
20,126
20,693
20,759
20,86
126,1513
126,1490
693,539
693,562
693,1278
759,650
759,1451
759,1497
86,740
86,1516
86,717
21,369
21,674
21,477
21,1562
369,476
369,673
369,632
674,414
674,457
674,760
477,521
477,497
477,606
1562,717
1562,760
1562,1540
22,783
22,848
22,1023
22,1498
783,42
783,64
783,804
848,263
848,847
848,849
1023,1022
1023,1024
1498,1475
1498,1499
1498,1521
23,46
23,1107
23,1347
23,1193
46,45
46,47
46,69
1107,1084
1107,1106
1107,1259
1347,1324
1347,1370
1347,1327
1193,1216
1193,1192
1193,1194
47,48
47,70
1063,1061
1063,1084
1063,1085
1324,1323
1324,1325
48,49
48,71
1174,307
1174,1151
1174,1197
49,50
49,72
1173,1172
1173,1196
1173,1171
1219,1218
1219,1220
1219,1241
50,51
50,73
1196,156
1196,1328
51,52
51,74
52,53
52,75
53,54
53,76
54,55
54,77
703,680
703,683
703,704
55,56
55,251
165,142
165,187
165,188
879,684
879,858
879,878
33,858
33,1033
33,1463
858,317
858,859
1033,146
1033,296
1033,1009
1463,441
1463,1440
1463,1484
34,946
34,1356
34,1121
34,1576
946,382
946,947
946,967
1356,876
1356,918
1356,1355
1121,1119
1121,1122
1121,1140
1576,103
1576,1574
1576,1575
35,102
35,1400
35,1533
102,79
102,1426
102,1578
1400,79
1400,1377
1533,38
1533,61
1533,124
36,1470
36,103
36,1269
1470,299
1470,343
1470,1468
103,104
103,1186
1269,1250
1269,1268
1269,1270
37,255
37,1426
37,1230
255,38
255,431
1426,193
1426,431
1230,256
1230,451
1230,1228
38,364
38,278
364,189
364,298
364,1407
278,277
278,279
39,1429
39,1318
39,1272
1429,389
1429,409
1429,1387
1318,584
1318,1319
1318,1320
1272,104
1272,322
40,1363
40,412
40,173
1363,407
1363,471
1363,736
412,151
412,1538
412,697
173,872
173,1581
173,807
41,762
41,413
41,238
762,197
762,368
762,676
413,84
413,654
413,741
238,805
238,522
238,1516
42,1386
42,1559
42,324
1386,472
1386,602
1386,715
1559,565
1559,1579
324,323
324,652
324,387
43,108
43,1452
43,1409
43,1366
108,522
108,718
108,1497
1452,1453
1452,1473
1452,1474
1409,65
1409,1387
1409,1407
1366,583
1366,712
1366,1343
44,825
44,1433
44,1474
44,283
825,87
825,802
825,826
1433,1432
1433,1434
1433,1456
1474,152
1474,647
283,281
283,394
283,588
45,68
45,1475
68,67
68,69
68,91
1475,778
1475,800
69,70
69,92
70,71
70,93
71,72
71,94
72,73
72,95
73,74
73,96
74,75
74,97
75,76
75,98
76,77
76,99
77,100
77,1509
56,57
56,79
56,1076
251,250
251,252
251,274
57,1208
57,1508
79,1487
1076,211
1076,275
1076,1075
1208,166
1208,167
1208,275
1508,615
1508,1507
1508,1488
58,81
58,1530
58,1337
81,82
81,105
81,1449
1530,1529
1530,1531
1530,1532
1337,942
1337,1336
1337,1338
59,1271
59,1380
59,1314
59,1187
1271,60
1271,1270
1271,1291
1380,964
1380,1007
1314,1293
1314,1313
1187,516
1187,558
1187,1186
60,1384
60,1165
60,149
1384,538
1384,584
1165,319
1165,1164
1165,1166
149,1340
149,1296
149,1534
61,1402
61,1512
1402,189
1402,965
1402,1382
1512,144
1512,1510
1512,1513
62,1427
62,629
62,234
62,192
1427,150
1427,276
1427,368
629,563
629,1493
629,1560
234,211
234,1188
234,454
192,1274
192,279
192,1404
63,761
63,585
63,326
63,1540
761,304
761,392
761,435
585,1495
585,631
585,1364
326,325
326,327
326,851
1540,132
1540,196
64,1515
64,151
64,457
1515,83
1515,303
1515,452
151,150
151,153
457,84
457,545
65,519
65,521
65,1497
519,518
519,520
519,737
521,455
521,542
1497,669
66,67
66,89
66,738
66,824
67,90
67,1108
89,88
89,90
89,112
738,411
738,653
738,1453
824,129
824,846
824,1454
90,91
90,113
1108,157
1108,1085
1108,1131
91,92
91,114
92,93
92,115
93,94
93,116
94,95
94,117
95,96
95,118
96,97
96,119
97,98
97,120
98,99
98,121
99,100
100,123
1509,919
1509,1488
1509,1507
1577,1575
1577,1579
1487,876
1487,1007
1487,1032
1032,1074
1032,1077
82,1580
82,1490
82,215
105,411
105,1316
105,343
1449,169
1449,433
1580,107
1580,366
1580,672
1490,366
1490,1471
215,1557
215,716
215,301
83,322
83,299
322,430
322,563
299,365
299,323
84,191
84,127
191,148
191,214
127,476
127,1469
127,1513
85,1581
85,784
85,193
85,128
1581,673
1581,782
784,172
784,434
784,699
193,147
193,216
128,694
128,651
128,368
740,282
740,500
740,611
1516,543
1516,716
717,172
717,345
87,868
87,1541
868,867
868,869
868,1042
1541,88
1541,713
1541,847
88,109
88,805
109,218
109,671
109,259
805,371
805,694
112,111
112,113
112,135
113,114
113,136
114,115
114,137
115,116
115,138
116,117
116,139
117,118
117,140
118,119
118,141
119,120
119,142
120,121
120,143
121,122
121,145
123,122
123,146
123,1163
101,902
101,1012
101,1316
101,1098
902,231
902,903
902,922
1012,404
1012,1011
1012,1098
1316,144
1316,190
1098,276
1098,1097
1578,189
1578,343
1578,476
104,169
104,1250
1186,1010
1186,1184
169,1273
169,1469
1250,190
1250,1249
411,344
411,433
343,1579
106,148
106,346
106,1557
106,1492
148,432
148,452
346,257
346,258
346,675
1557,498
1557,1556
1492,564
1492,1471
1492,1491
107,475
107,410
107,454
475,125
475,692
475,1537
410,1513
410,1579
410,1471
454,565
454,1340
522,676
522,719
718,237
718,240
718,827
218,217
218,219
218,869
671,540
671,541
671,1537
259,171
259,653
259,499
110,111
110,133
110,1131
111,134
111,1283
133,132
133,134
133,156
1131,267
1131,1154
134,135
134,157
1283,1260
1283,1282
1283,1284
135,136
135,158
136,137
136,159
137,138
137,160
138,139
138,161
139,140
139,162
140,141
140,163
141,142
141,164
142,143
143,990
122,164
122,166
145,146
145,1270
145,1511
164,163
164,187
166,1253
166,1447
146,147
1163,298
1163,320
1163,321
124,167
124,1554
124,1253
167,209
1554,144
1554,812
1554,1552
1253,493
1253,537
125,1446
125,432
125,189
1446,321
1446,1444
432,586
432,1339
476,1493
1469,1467
1469,1468
694,806
694,1582
651,544
651,739
651,736
368,261
129,564
129,697
129,1473
564,260
564,1539
697,983
697,741
1473,236
1473,1453
130,719
130,458
130,1560
130,1582
719,673
458,370
458,830
458,695
1560,347
1560,453
1582,583
1582,652
262,263
262,437
262,827
132,1045
1045,176
1045,1022
1045,1044
156,179
156,1067
157,180
157,1259
158,159
158,181
158,1130
159,160
159,182
160,161
160,183
161,162
161,184
162,163
162,185
163,186
990,991
990,1011
990,1013
144,1227
1227,920
1227,965
1227,1228
1270,1268
1511,945
1511,1008
1511,1510
147,1229
1229,232
1229,253
1229,297
452,1448
452,453
1340,1338
1340,1339
1296,341
1296,1294
1534,1514
1534,1532
1534,1535
150,1536
150,631
1536,171
1536,390
1536,650
631,696
631,676
153,393
153,739
153,414
152,500
152,196
152,1518
500,675
500,677
196,415
196,1518
1518,628
1518,1539
393,416
393,678
393,1026
739,545
739,567
414,195
414,938
154,155
154,177
154,1154
154,1175
155,178
155,1415
155,1326
177,176
177,178
177,200
1154,483
1154,1155
1175,1152
1175,1176
1175,1198
178,179
178,201
1415,1414
1415,1416
1415,1438
1326,1303
1326,1325
1326,1327
179,180
179,202
1067,328
1067,1066
1067,1198
180,181
180,203
1259,801
1259,1258
181,182
181,204
1130,1085
1130,1153
1130,1150
182,183
182,205
183,184
183,206
184,185
184,207
185,186
185,208
186,187
186,686
187,210
188,211
188,233
188,1097
1447,386
1447,1428
1447,1448
209,208
209,210
209,1185
1404,320
1404,1403
1273,235
1273,301
1273,340
608,695
608,785
608,1494
171,344
171,433
344,1317
344,628
433,518
172,501
172,391
501,478
501,939
391,607
391,611
391,742
872,503
872,504
872,871
807,303
807,634
807,918
174,175
174,197
174,240
174,849
175,828
175,1520
175,1088
197,176
197,1066
240,241
240,826
849,305
849,826
828,765
828,829
828,851
1520,1519
1520,1521
1520,1543
1088,1086
1088,1090
1088,1109
176,958
958,935
958,957
958,959
200,199
200,201
200,223
201,202
201,224
202,203
202,225
203,204
203,226
204,205
204,227
205,206
205,228
206,207
206,229
207,208
207,967
208,339
686,533
686,597
686,709
210,233
210,1317
211,257
233,232
233,1120
1097,1095
1097,1096
190,1360
190,212
1360,342
1360,1358
1360,1361
212,1381
212,1209
214,213
214,237
214,434
1274,518
1274,1276
1274,1294
279,256
279,302
216,217
216,826
216,610
194,695
194,654
194,1561
695,741
654,827
654,1047
1561,195
1561,345
195,281
195,652
281,258
281,609
652,633
415,392
415,437
415,1157
1066,1043
1066,1065
198,199
198,219
198,980
198,1111
199,1110
199,1284
219,261
219,915
980,957
980,979
980,981
1111,220
1111,483
1111,936
1110,1087
1110,1133
1110,1090
1284,1285
1284,1307
223,222
223,224
223,246
224,225
224,247
225,226
225,248
226,227
226,249
227,228
227,250
228,229
228,880
229,230
229,252
967,966
967,968
339,316
339,338
339,340
1185,300
1185,1183
1185,1184
1317,297
1317,340
257,409
257,1514
1381,1031
1381,1358
1381,1361
1209,362
1209,430
1209,473
213,235
213,237
213,1297
235,1406
237,474
1297,472
1297,560
1297,561
434,325
434,677
716,347
716,737
301,258
301,563
217,675
217,370
610,545
610,699
610,785
675,543
370,239
370,786
869,284
869,870
261,781
261,544
915,285
915,656
915,916
220,221
220,241
220,243
221,222
221,265
221,1044
241,871
241,1132
243,242
243,244
243,266
222,244
222,245
265,264
265,266
265,288
1044,1043
1044,1087
244,245
244,1199
245,246
245,268
246,247
246,269
247,248
247,270
248,249
248,271
249,250
249,272
250,273
880,881
880,924
230,231
230,535
252,253
252,773
231,232
231,295
535,797
535,995
535,1060
232,1013
295,294
295,296
295,512
1013,297
1013,425
1120,966
1120,1099
1120,1119
1188,406
1188,1189
1188,1190
1406,407
1406,497
1406,604
236,542
236,347
236,455
542,239
542,345
347,673
455,609
455,1538
474,367
474,385
474,559
239,586
239,720
586,1537
586,1428
720,481
720,1027
720,809
871,546
871,870
1132,307
1132,397
1132,1025
242,263
242,395
242,936
263,305
395,372
395,374
395,396
936,913
936,935
266,267
266,289
1199,1198
1199,1200
1199,1222
268,267
268,269
268,291
269,270
269,292
270,271
270,293
271,272
271,294
272,273
272,968
273,274
273,296
274,275
274,579
253,254
253,1294
773,750
773,774
773,796
254,256
254,1252
254,1555
1294,1293
256,258
1252,340
1252,363
1252,1275
1555,1535
1555,1553
1555,1556
431,1495
409,453
409,1231
1514,1535
1514,1556
653,456
653,544
499,763
499,672
499,632
260,737
260,479
737,691
479,782
479,1004
479,632
781,758
781,780
781,1410
544,566
437,526
437,827
305,306
305,328
264,285
264,287
264,482
285,284
285,1087
287,286
287,288
287,310
482,459
482,483
482,505
288,289
288,311
267,290
289,290
289,312
290,291
290,313
291,292
291,314
292,293
292,315
293,294
293,316
294,317
968,969
968,991
296,297
275,276
579,556
579,602
579,819
276,277
277,342
277,1275
342,539
342,366
1275,582
1275,648
302,304
302,325
302,387
282,607
282,367
609,392
609,456
607,649
607,1494
367,1361
394,371
394,417
394,893
588,435
588,804
588,589
284,981
284,1026
981,306
981,526
1026,1025
1026,1158
286,307
286,1198
286,1242
307,306
1242,462
1242,549
1242,1241
310,309
310,311
310,333
311,312
311,334
312,313
312,335
313,314
313,336
314,315
314,337
315,316
315,338
316,317
317,688
512,489
512,511
512,753
298,408
298,1143
408,1189
408,517
408,1166
1143,341
1143,383
1143,1122
365,1361
365,560
365,1364
323,518
323,1362
300,1493
300,1494
300,430
1493,429
1494,345
430,1210
563,541
304,520
325,348
387,386
387,1210
303,520
303,541
520,606
306,329
328,329
328,460
329,308
329,330
308,309
308,331
308,1306
309,332
309,1416
331,330
331,332
331,354
1306,1305
1306,1307
1306,1329
332,333
332,355
1416,1393
1416,1417
333,334
333,356
334,335
334,357
335,336
335,358
336,337
336,359
337,338
337,360
338,361
688,645
688,1037
688,1234
318,1144
318,1036
318,470
318,1231
1144,450
1144,493
1144,537
1036,383
1036,536
1036,1035
470,362
470,1037
470,1167
1231,451
1231,1233
319,515
319,1057
319,1339
515,1341
515,1125
515,1059
1057,407
1057,536
1057,1056
1339,1338
320,1079
320,428
1079,382
1079,1034
1079,1059
428,1364
428,1123
428,1167
321,1101
1101,580
1101,1080
1101,1081
1362,498
1362,516
1362,1342
348,349
348,371
348,829
327,350
327,436
327,829
851,874
851,1092
350,349
350,351
350,373
436,459
436,524
436,699
829,766
460,938
460,1265
460,1178
330,351
330,353
351,1197
351,1244
353,352
353,354
353,376
354,355
354,377
355,356
355,378
356,357
356,379
357,358
357,380
358,359
358,381
359,360
359,578
360,491
360,710
361,381
361,881
361,1014
341,406
341,537
406,1146
406,1298
537,604
539,496
539,714
366,1448
628,715
628,1322
349,372
349,830
371,895
372,373
372,1003
830,461
830,831
373,352
373,374
1197,1153
1197,1220
1244,745
1244,1221
1244,1243
352,375
352,1000
375,376
375,398
375,1089
1000,977
1000,999
1000,1001
376,377
376,399
377,378
377,400
378,379
378,401
379,380
379,402
380,381
380,403
381,404
578,555
578,776
578,1038
491,490
491,602
491,667
710,733
710,755
710,1060
881,882
881,904
1014,601
1014,668
1014,991
362,992
362,1055
992,733
992,991
992,1100
1055,1035
1055,1053
1055,1054
363,1166
363,1145
363,1232
1166,449
1145,427
1145,689
1145,1146
1232,449
1232,450
1232,472
1407,1387
560,580
560,1450
1364,649
1448,389
632,786
786,1160
786,1048
895,635
895,894
895,896
1003,569
1003,613
1003,1002
374,397
374,484
397,398
397,420
484,485
484,505
484,507
398,399
398,421
1089,438
1089,526
1089,1112
399,400
399,422
400,401
400,423
401,402
401,424
402,403
402,425
403,404
403,708
404,687
382,383
382,994
383,384
994,447
994,995
994,1017
384,385
384,582
384,493
385,386
385,581
582,1344
582,1343
493,449
386,1450
581,1191
581,712
581,1387
1450,562
1450,715
1210,1211
1210,1212
389,390
389,696
390,763
390,1538
696,435
696,633
763,567
763,568
1538,605
611,481
611,1046
742,1046
742,787
742,1070
392,961
961,634
961,1071
961,1333
416,439
416,743
416,722
678,743
678,1091
678,1007
417,418
417,937
417,1025
893,870
893,894
396,419
396,1221
396,1350
419,418
419,420
419,442
1221,1220
1221,1222
1350,1349
1350,1373
420,421
420,443
421,422
421,444
422,423
422,445
423,424
423,446
424,425
424,447
425,601
708,685
708,707
708,709
687,598
687,624
687,820
405,667
405,993
405,1011
405,1015
667,1038
667,1170
993,970
993,1016
993,1170
1011,1010
1015,798
1015,1168
1015,1278
1146,1126
1146,1147
1298,1279
1298,1299
1298,1300
407,427
427,558
427,1099
1189,451
1189,756
517,494
517,561
1471,1491
741,1069
938,896
938,937
1157,744
1157,832
1157,1159
439,418
439,440
439,636
743,480
743,1334
722,1224
722,1247
722,1201
418,441
937,524
937,914
1025,1002
441,442
441,464
442,443
442,465
443,444
443,466
444,445
444,467
445,446
445,468
446,447
446,683
447,711
601,1039
601,1061
426,1103
426,1056
426,1211
426,471
1103,713
1103,1102
1103,1104
1056,1054
1056,1058
1211,495
1211,540
471,1147
471,1123
558,514
558,1102
1099,945
1099,1119
1123,473
1123,1034
1167,626
1167,648
429,1233
429,496
1233,1212
1233,1234
496,691
496,561
1495,584
677,787
677,1180
435,852
852,808
852,1203
852,1137
459,635
459,806
524,723
524,894
699,1092
526,549
438,548
438,1068
438,1158
548,525
548,571
548,701
1068,721
1068,1069
1068,1046
1158,679
1158,745
440,463
440,1112
440,1375
636,614
636,659
636,1289
463,462
463,464
463,486
1112,614
1112,1135
1375,1352
1375,1374
1375,1376
464,465
464,487
465,466
465,488
466,467
466,489
467,468
467,490
468,469
468,794
683,660
683,706
711,778
711,1062
711,1321
448,643
448,665
448,732
448,1100
643,576
643,600
643,731
665,469
665,642
665,798
732,709
732,778
732,1280
1100,1034
1100,1080
449,645
645,1105
645,1169
450,1341
450,1342
1341,538
1342,1343
1342,1344
451,1035
1035,513
565,502
565,567
456,566
456,760
566,478
566,543
760,782
545,698
635,503
635,658
806,850
806,913
1265,1264
1265,1266
1265,1288
1178,657
1178,1177
1178,1179
461,1133
461,1179
461,1223
1133,1156
1133,1113
1179,1156
1179,1180
1223,612
1223,811
1223,1222
462,483
462,485
485,486
485,508
486,487
486,509
487,488
487,510
488,489
488,511
489,490
490,772
469,1058
469,1037
794,771
794,795
794,817
1058,1059
1058,1078
1037,755
1147,1127
1147,1148
472,492
492,969
492,1016
492,1102
473,1408
473,1451
1408,559
1408,606
1408,626
1451,650
1451,715
559,691
559,1213
692,1323
692,1277
1537,495
497,1535
497,648
606,1428
478,804
478,698
804,803
698,940
698,1006
782,630
1004,853
1004,1071
1004,1177
480,591
480,850
480,897
591,547
591,592
591,1136
850,525
850,655
897,874
897,877
897,943
481,1155
481,1028
1155,1156
1155,1134
1028,917
1028,1137
1028,1135
505,702
505,1245
507,506
507,508
507,530
508,509
508,531
509,510
509,532
510,511
510,533
511,534
772,749
772,771
772,795
602,625
969,555
969,970
1016,666
1016,1039
1102,1081
494,1034
494,516
494,514
516,1255
514,1082
514,1299
495,689
495,1320
689,1060
1320,1319
1320,1321
691,603
561,1319
648,1432
498,650
498,1491
672,543
672,890
939,523
939,917
939,1050
502,1114
502,809
502,984
1114,589
1114,875
1114,1005
809,1224
809,1092
984,1161
984,1049
984,1248
503,525
503,959
525,1024
959,612
959,960
504,1047
504,764
504,1071
1047,808
1047,1027
764,1134
764,1093
764,1024
1071,960
702,679
702,725
702,857
1245,547
1245,899
1245,1222
506,527
506,529
506,1333
527,528
527,1243
527,1418
529,528
529,530
529,552
1333,1310
1333,1506
530,531
530,553
531,532
531,554
532,555
532,1549
533,556
533,620
534,557
534,599
534,903
753,730
753,776
753,1017
513,600
513,948
513,1082
600,556
600,820
948,925
948,947
948,949
1082,757
1082,1105
1299,713
1299,1279
1125,1106
1125,1124
1125,1126
1059,1078
1255,1254
1255,1256
1255,1276
676,1069
523,655
523,1092
523,721
655,766
655,982
721,810
721,1136
723,746
723,960
723,1201
894,569
1024,1001
549,550
528,551
528,1246
1243,1220
1243,1266
1418,1417
1418,1419
1418,1394
551,550
551,552
551,574
1246,876
1246,963
1246,1135
552,553
552,575
553,554
553,576
554,555
554,577
1549,620
1549,1526
1549,1548
556,973
620,619
620,621
557,625
557,729
557,1104
599,576
599,622
599,644
903,904
903,926
797,774
797,796
797,820
995,972
995,1018
1060,1083
536,1104
536,1256
1104,646
1256,756
1256,1254
604,1276
604,1124
538,603
538,690
603,649
603,1190
690,646
690,1431
690,1323
714,1476
714,1191
714,1277
540,605
540,647
605,562
605,757
647,625
546,656
546,831
546,874
656,679
656,789
831,832
831,1029
874,788
547,657
547,914
657,1200
657,1376
914,891
914,913
571,550
571,572
571,1417
701,724
701,856
701,1156
550,573
573,572
573,574
573,596
574,575
574,597
575,576
577,622
577,642
577,775
973,950
973,972
973,996
625,624
729,706
729,728
729,752
1213,1212
1213,1214
1213,1215
580,624
580,734
1319,1321
562,1254
1254,670
1539,670
1539,780
567,983
983,589
983,1181
568,982
568,854
568,1134
982,785
982,1177
854,1224
854,940
854,873
1134,1113
569,570
569,592
570,1200
570,1332
570,1397
592,593
592,615
1200,680
1332,1309
1332,1331
1397,1374
1397,1420
572,593
572,595
1417,596
593,594
593,833
595,594
595,618
595,835
596,597
596,619
597,598
622,621
622,623
642,619
642,641
775,752
775,754
775,798
776,777
776,799
1038,644
1038,1061
819,796
819,818
819,842
624,623
734,646
734,1214
734,1168
1191,1171
1191,1192
712,758
712,1389
1344,802
1344,1367
1343,1345
583,1410
583,1278
1410,799
1410,803
1278,1277
584,1430
1430,777
1430,780
1430,1431
1428,626
589,1048
1048,612
1048,853
590,1136
590,808
590,1072
590,1202
1136,916
808,1201
1072,1051
1072,1073
1072,1091
1202,1029
1202,1182
1202,1203
615,594
615,616
594,617
833,613
833,834
833,1267
617,616
617,618
617,640
618,619
618,641
835,640
835,814
835,834
598,621
598,793
621,730
793,770
793,792
793,816
644,709
644,1170
820,843
1039,758
1039,1062
1061,1084
649,630
1190,646
1190,735
1276,1277
1124,1122
1124,1126
757,1236
757,1322
785,1115
1046,1070
612,853
853,1113
613,614
613,1090
614,637
1090,1091
637,616
637,638
616,639
639,638
639,662
639,1398
640,641
640,663
641,664
730,707
730,731
623,971
623,1083
971,970
971,972
971,1081
1083,754
1083,1106
626,1192
1192,1172
1322,736
1322,1321
633,1115
633,941
1115,744
1115,1113
941,765
941,875
941,1135
634,1027
634,1070
1027,1290
1070,917
658,659
658,681
658,746
659,638
659,660
1289,1266
1289,1288
1289,1312
638,661
661,660
661,662
661,684
662,663
662,685
1398,875
1398,1378
1398,1379
663,664
663,1528
664,685
664,752
731,668
731,754
1170,1345
1105,755
1105,1128
1169,1150
1169,1168
1169,1171
1432,803
1432,1455
736,1280
766,767
766,789
679,680
789,790
789,1510
1376,900
1376,1353
681,660
681,680
681,682
746,769
684,685
684,707
1528,1483
1528,1527
1528,1506
752,751
798,821
666,774
666,974
666,1017
774,751
974,951
974,975
974,997
668,713
668,1388
1388,777
1388,1389
1388,1411
669,845
669,1257
669,1234
845,822
845,844
845,846
1257,670
1257,758
1257,1151
1234,1235
670,1345
1345,1368
890,867
890,889
890,891
1069,962
787,1093
787,1204
1180,700
1180,898
1091,917
1007,1226
682,705
682,1377
682,1462
705,704
705,706
705,728
1377,745
1377,1354
1462,813
1462,1461
1462,1551
706,707
1431,1194
1431,1454
1323,801
940,1312
940,1291
1006,921
1006,1313
1006,1312
700,1116
700,1203
700,1159
1116,873
1116,1117
1203,918
1159,1138
1159,1160
724,725
724,1355
856,855
856,857
856,878
725,704
725,726
857,834
704,727
727,726
727,728
727,750
728,751
733,756
733,800
755,1019
778,779
1062,1085
1062,1258
1389,1390
1389,1412
1476,801
1476,1477
1476,1499
810,1093
810,964
810,1050
1224,812
1247,1248
1247,1249
1247,1268
1201,918
960,1137
1355,1354
1355,1336
726,749
749,748
749,750
750,751
754,1018
1280,1281
756,779
800,1279
800,1127
1214,1195
1214,1212
1168,1149
735,803
735,1258
1258,1238
1453,802
1334,811
1334,855
1334,1311
744,811
744,1161
811,1093
1161,1030
1161,1160
745,768
768,767
768,769
768,791
769,748
769,770
748,771
748,924
771,770
924,925
924,947
1018,1019
1018,1041
1019,996
1019,1020
779,780
779,802
1236,1215
1236,1235
1236,1237
765,832
765,1181
832,834
1181,1008
1181,1029
767,790
767,1311
790,791
790,813
1311,1288
1311,1310
791,770
791,792
795,796
795,818
777,1367
799,822
799,1301
1367,1368
1367,1390
1160,1162
1204,788
1204,1205
1204,1206
1510,987
813,792
813,1485
792,815
815,814
815,816
815,838
816,817
816,839
817,818
817,840
818,841
821,822
821,844
821,1411
1301,1194
1301,1302
1301,1300
1279,1300
1127,1126
1127,1148
801,1237
1237,1260
1237,1235
913,912
964,945
964,1138
1050,873
1050,1049
812,1053
812,1051
1053,1051
1053,1054
1051,1052
1485,966
1485,1484
814,837
814,1551
837,838
837,860
1551,1529
1551,1531
838,839
838,861
839,840
839,862
840,841
840,863
841,842
841,864
842,843
842,865
843,844
843,866
844,867
1411,1412
1411,1434
846,847
1454,1455
1454,1477
1029,1290
1267,898
1267,1008
1267,1266
859,860
859,882
860,861
860,883
861,862
861,884
862,863
862,885
863,864
863,886
864,865
864,887
865,866
865,888
866,867
866,889
847,870
1137,1030
873,916
855,878
878,877
882,883
882,905
883,884
883,906
884,885
884,907
885,886
885,908
886,887
886,909
887,888
887,910
888,889
888,911
889,912
1042,1041
1042,1043
1042,1065
916,962
875,1291
1291,1290
876,877
877,900
904,905
904,927
905,906
905,928
906,907
906,929
907,908
907,930
908,909
908,931
909,910
909,932
910,911
910,933
911,912
911,934
912,935
891,1542
1542,1519
1542,1543
896,919
896,985
919,920
919,1049
985,962
985,986
985,1486
943,898
943,966
943,986
898,1052
1052,987
1052,1030
899,1441
899,1117
899,1010
1441,1440
1441,1464
1441,1465
1117,1119
1010,1009
925,926
922,921
922,1420
922,1141
926,927
926,949
927,928
927,950
928,929
928,951
929,930
929,952
930,931
930,953
931,932
931,954
932,933
932,955
933,934
933,956
934,935
934,957
962,1248
920,921
920,1074
1049,1005
921,1293
1074,963
1074,1054
1293,1313
1420,1419
1141,1139
1141,1140
1141,1142
947,970
949,950
949,972
950,951
951,952
952,953
952,975
953,954
953,976
954,955
954,977
955,956
955,978
956,957
956,979
1312,1335
942,1466
942,1486
1466,1464
1466,1465
1466,1467
1486,965
1486,1464
986,987
986,1009
1226,963
1226,1225
1421,988
1421,1423
945,1424
1424,1423
1424,1425
975,976
975,998
976,977
976,999
977,978
978,979
978,1001
979,1002
1248,1228
963,1005
1005,1290
1138,1139
1138,1140
965,988
988,1206
988,1225
1081,1080
996,997
997,998
997,1020
998,999
998,1021
999,1022
1001,1002
1177,1176
1009,1444
1206,1205
1206,1225
1225,1205
1020,1021
1020,1043
1021,1022
1021,1239
1444,1425
1239,1129
1239,1216
1239,1262
1030,1468
1468,1467
1031,1399
1031,1139
1031,1379
1399,1378
1399,1379
1139,1140
1379,1378
1077,1075
1077,1078
1077,1096
1065,1240
1084,1086
1240,1217
1240,1263
1240,1346
1106,1086
1128,1129
1128,1151
1128,1109
1129,1152
1129,1109
1151,1149
1152,1304
1153,1176
1153,1172
1304,1281
1304,1305
1304,1302
1176,1309
1171,1172
1309,1308
1309,1310
1216,1217
1216,1195
1194,1217
1217,1218
1195,1218
1195,1215
1218,1241
1328,1305
1328,1327
1328,1329
1241,1264
1260,1238
1260,1261
1262,1263
1262,1285
1262,1261
1263,1264
1263,1286
1346,1327
1346,1348
1346,1369
1264,1287
1285,1286
1285,1308
1286,1287
1286,1505
1287,1288
1287,1310
1281,1282
1281,1519
1282,1305
1282,1238
1307,1308
1307,1330
1308,1331
1505,1482
1505,1504
1505,1506
1302,1303
1302,1300
1303,1261
1303,1325
1329,1330
1329,1352
1330,1331
1330,1353
1331,1354
1335,1358
1335,1336
1325,1348
1348,1349
1348,1371
1352,1353
1353,1354
1506,1507
1368,1369
1368,1391
1370,1369
1370,1371
1370,1393
1349,1371
1349,1372
1373,1372
1373,1374
1373,1396
1390,1391
1390,1413
1369,1392
1391,1392
1391,1414
1392,1393
1392,1394
1371,1372
1393,1394
1372,1395
1395,1394
1395,1396
1395,1440
1396,1419
1412,1413
1412,1435
1413,1414
1413,1436
1414,1437
1434,1435
1434,1457
1435,1436
1435,1458
1436,1437
1436,1459
1437,1438
1437,1460
1438,1461
1455,1456
1455,1478
1456,1457
1456,1479
1457,1458
1457,1480
1458,1459
1458,1481
1459,1460
1459,1482
1460,1461
1460,1483
1461,1484
1477,1478
1477,1500
1478,1479
1478,1501
1479,1480
1479,1502
1480,1481
1480,1503
1481,1482
1481,1504
1482,1483
1483,1484
1499,1500
1499,1522
1500,1501
1500,1523
1501,1502
1501,1524
1502,1503
1502,1525
1503,1504
1503,1526
1504,1527
1521,1522
1521,1544
1522,1523
1522,1545
1523,1524
1523,1546
1524,1525
1524,1547
1525,1526
1525,1548
1526,1527
1543,1544
1544,1545
1545,1546
1546,1547
1547,1548
1073,1075
1073,1094
1073,1095
1075,1094
1078,1080
1086,1109
1094,1095
1094,1096
1095,1096
1122,1142
1142,1162
1142,1164
1148,1149
1148,1150
1149,1150
1162,1164
1162,1182
1164,1183
1182,1183
1182,1184
1183,1184
1215,1235
1228,1249
1238,1261
1249,1268
1336,1338
1382,1403
1403,1423
1464,1465
1465,1467
1529,1531
1529,1552
1531,1532
1532,1552
1552,1553
1553,1572
1553,1574
1572,1574
1574,1575
