0,892
0,1365
0,694
0,239
892,132
892,891
892,893
1365,562
1365,646
1365,647
694,173
694,649
694,673
239,259
239,476
239,650
1,24
1,131
1,823
1,1040
24,47
24,1063
24,1324
131,110
131,262
131,1023
823,87
823,822
823,1280
1040,996
1040,1017
1040,1041
2,3
2,25
2,1064
2,1563
3,4
3,26
3,1564
25,48
25,1174
25,1563
1064,1041
1064,1065
1064,1087
1563,1152
1563,1564
4,5
4,27
4,1565
26,49
26,1173
26,1219
1564,45
1564,1565
5,28
5,1351
5,1566
27,28
27,50
27,1196
1565,1542
1565,1566
28,29
28,51
1351,1350
1351,1352
1351,1374
1566,1543
1566,1567
6,7
6,29
6,1439
6,1567
7,8
7,30
7,1568
29,30
29,52
1439,549
1439,1438
1439,1440
1567,1544
1567,1568
8,9
8,31
8,1569
30,31
30,53
1568,1545
1568,1569
9,10
9,32
9,1570
31,54
31,703
1569,1546
1569,1570
10,11
10,1550
10,1571
32,55
32,165
32,879
1570,575
1570,1547
11,747
11,923
11,989
1550,1332
1550,1527
1550,1573
1571,1396
1571,1507
1571,1548
747,724
747,726
747,746
923,143
923,230
923,900
989,167
989,900
989,987
12,836
12,901
12,1442
12,1573
836,837
836,857
836,859
901,880
901,925
901,1485
1442,33
1442,637
1442,1419
1573,99
1573,1397
13,1422
13,790
13,1010
13,988
1422,744
1422,1402
1422,1421
790,789
790,791
790,813
1010,145
1010,1009
1010,1011
988,1291
988,1531
988,1337
14,80
14,1357
14,1443
14,1117
80,58
80,1357
80,103
1357,15
1357,855
1443,35
1443,1420
1443,1424
1117,810
1117,1006
1117,1116
15,1251
15,1335
15,1121
1251,57
1251,147
1251,235
1335,36
1335,1312
1335,1358
1121,1101
1121,1120
1121,1140
16,1274
16,1576
16,1162
16,1381
1274,189
1274,385
1274,427
1576,1574
1576,1577
1576,1578
1162,921
1162,1160
1162,1161
1381,82
1381,212
1381,1358
17,412
17,1294
17,1450
17,1318
412,64
412,217
412,588
1294,234
1294,320
1294,322
1450,18
1450,85
1450,627
1318,37
1318,104
1318,452
18,1469
18,83
18,1403
1469,190
1469,365
1469,1468
83,60
83,563
83,1559
1403,38
1403,102
1403,320
19,368
19,452
19,259
19,85
368,283
368,1427
368,1493
452,365
452,367
259,105
259,454
85,649
85,282
20,413
20,130
20,1364
20,609
413,128
413,520
413,762
130,1560
130,784
130,737
1364,604
1364,1362
1364,1363
609,501
609,566
609,587
21,1409
21,1408
21,260
21,1387
1409,43
1409,1407
1409,1452
1408,606
1408,691
1408,1387
260,740
260,501
260,610
1387,759
1387,1407
22,783
22,848
22,1023
22,1498
783,42
783,696
783,781
848,263
848,847
848,849
1023,1022
1023,1024
1498,1475
1498,1499
1498,1521
23,46
23,1153
23,1347
23,1453
46,45
46,47
46,69
1153,1130
1153,1176
1153,1197
1347,1324
1347,1370
1347,1327
1453,88
1453,629
1453,1452
47,48
47,70
1063,1061
1063,1082
1063,1083
1324,1323
1324,1325
48,49
48,71
1174,307
1174,1151
1174,1197
49,50
49,72
1173,1172
1173,1196
1173,1171
1219,461
1219,1218
1219,1220
50,51
50,73
1196,156
1196,1328
51,52
51,74
52,53
52,75
53,54
53,76
54,55
54,77
703,680
703,683
703,704
55,56
55,251
165,142
165,187
165,188
879,684
879,858
879,878
33,858
33,1033
33,1463
858,317
858,859
1033,211
1033,296
1033,1009
1463,441
1463,1440
1463,1484
34,946
34,1356
34,1141
34,1098
946,382
946,947
946,967
1356,1355
1356,1358
1356,1378
1141,299
1141,1139
1141,1142
1098,1097
1098,1100
1098,1118
35,102
35,1400
35,144
102,79
102,1292
1400,79
1400,1377
1400,1399
144,1316
144,1164
144,1206
36,233
36,38
36,965
233,188
233,210
233,232
38,211
38,1163
965,1140
965,1512
965,1554
37,1271
37,301
37,1535
1271,1270
1271,1272
1271,1273
301,1428
301,432
301,565
1535,169
1535,211
1535,1516
211,343
1163,1143
1163,1161
1163,1164
39,497
39,651
39,433
39,1513
497,474
497,1430
497,1557
651,41
651,172
651,345
433,171
433,261
433,387
1513,1512
1513,1514
1513,1515
40,605
40,563
40,1383
40,347
605,367
605,779
605,714
563,84
563,1451
1383,149
1383,341
1383,408
347,150
347,283
347,760
41,1493
41,585
41,1494
1493,168
1493,586
585,344
585,346
585,717
1494,63
1494,192
1494,607
42,1386
42,500
42,1497
1386,602
1386,670
1386,1366
500,435
500,633
500,652
1497,692
1497,1518
1497,1538
43,151
43,693
43,1517
151,150
151,153
151,653
693,671
693,714
693,1343
1517,106
1517,344
1517,474
44,824
44,825
44,1433
44,1430
824,66
824,846
824,1454
825,87
825,802
825,826
1433,1432
1433,1434
1433,1456
1430,584
1430,1431
45,68
45,1475
68,67
68,69
68,91
1475,778
1475,800
69,70
69,92
70,71
70,93
71,72
71,94
72,73
72,95
73,74
73,96
74,75
74,97
75,76
75,98
76,77
76,99
77,100
77,1509
56,57
56,79
56,1099
251,250
251,252
251,274
57,1208
57,1508
79,1161
1099,428
1099,429
1099,472
1208,166
1208,167
1208,275
1508,615
1508,1507
1508,1487
58,81
58,1488
58,234
81,82
81,1118
81,410
1488,78
1488,1486
1488,1487
234,453
234,1449
59,1401
59,1315
59,1075
59,1489
1401,1382
1401,1399
1401,1402
1315,191
1315,256
1315,1293
1075,101
1075,189
1075,190
1489,1470
1489,1487
1489,1490
60,1559
60,1556
60,1404
1559,128
1559,517
1556,299
1556,1555
1556,1575
1404,148
1404,345
1404,519
61,1337
61,389
61,299
61,1340
1337,1336
1337,1338
389,653
389,1448
389,628
299,1580
1340,495
1340,1296
1340,1341
62,64
62,1429
62,1516
62,1536
64,501
64,196
1429,127
1429,606
1429,1407
1516,65
1516,1514
1536,410
1536,475
1536,1534
63,410
63,195
63,1384
410,365
195,108
195,476
195,739
1384,496
1384,584
1384,1295
501,194
196,523
196,719
196,763
65,197
65,107
65,805
197,174
197,176
197,1066
107,193
107,761
107,565
805,435
805,523
805,630
66,67
66,89
66,738
67,90
67,1108
89,88
89,90
89,112
738,411
738,432
738,1473
90,91
90,113
1108,157
1108,1085
1108,1131
91,92
91,114
92,93
92,115
93,94
93,116
94,95
94,117
95,96
95,118
96,97
96,119
97,98
97,120
98,99
98,121
99,100
100,123
100,1207
1509,919
1509,1510
1509,1511
78,1165
78,1425
78,1511
1165,1164
1165,1184
1165,1185
1425,1423
1425,1424
1425,1426
1511,1008
1511,1510
1161,1160
103,147
103,1468
103,1053
82,1580
82,298
1118,945
1118,1116
1580,193
1580,672
298,169
298,1097
298,408
84,606
84,522
84,127
606,761
522,762
522,545
522,739
127,303
127,172
649,1410
649,670
282,105
282,632
282,761
86,152
86,304
86,520
86,1451
152,128
152,129
152,348
304,108
304,302
304,324
520,1492
520,630
1451,735
1451,803
87,868
87,1541
868,867
868,869
868,1042
1541,88
1541,713
1541,847
88,109
109,218
109,370
109,172
112,111
112,113
112,135
113,114
113,136
114,115
114,137
115,116
115,138
116,117
116,139
117,118
117,140
118,119
118,141
119,120
119,142
120,121
120,143
121,122
121,145
123,122
123,146
123,166
1207,1186
1207,1205
1207,1209
101,902
101,1012
101,1139
902,231
902,903
902,922
1012,404
1012,1011
1012,1054
1139,1120
1139,1138
1292,918
1292,920
1292,1272
147,146
147,193
1468,1447
1468,1466
1053,1054
1053,1055
1053,1073
104,1380
104,453
104,170
1380,1360
1380,1378
1380,1379
453,125
453,540
170,1473
170,587
170,255
105,411
105,1316
411,235
411,322
1316,146
1316,1293
106,1472
106,564
106,674
1472,257
1472,278
1472,607
564,518
564,588
564,695
674,589
674,673
674,937
193,216
761,675
565,719
565,630
108,1560
108,1474
1560,322
1560,369
1474,519
1474,541
1474,562
218,217
218,219
218,869
370,653
370,916
370,415
172,457
110,111
110,133
110,1131
111,134
111,1283
133,132
133,134
133,156
1131,267
1131,1154
134,135
134,157
1283,1260
1283,1282
1283,1284
135,136
135,158
136,137
136,159
137,138
137,160
138,139
138,161
139,140
139,162
140,141
140,163
141,142
141,164
142,143
143,990
122,164
122,166
145,146
145,1249
164,163
164,187
166,364
124,1297
124,1187
124,1577
124,1119
1297,388
1297,471
1297,583
1187,426
1187,470
1187,559
1577,366
1577,1578
1119,168
1119,254
1119,1120
125,366
125,1555
125,1490
366,1385
366,1582
1555,1574
1555,1575
1490,1470
1490,1471
126,148
126,323
126,1557
126,1229
148,1361
148,1470
323,194
323,365
323,1338
1557,257
1557,498
1229,232
1229,253
1229,1227
303,785
303,807
303,454
128,673
673,782
129,1582
129,632
129,171
1582,540
1582,759
632,391
632,588
171,1558
171,586
784,434
784,610
784,763
737,499
737,583
737,650
262,263
262,437
262,827
132,1045
132,1110
1045,176
1045,1022
1045,1044
1110,199
1110,1087
1110,1133
156,179
156,1067
157,180
157,1259
158,159
158,181
158,1130
159,160
159,182
160,161
160,183
161,162
161,184
162,163
162,185
163,186
990,991
990,1011
990,1013
1164,1183
1206,168
1206,1186
1206,1204
1249,942
1249,964
1249,1248
1361,364
1361,430
1361,517
1470,1471
149,258
149,1492
149,1382
258,256
258,281
258,1579
1492,390
1492,1512
1382,1360
1382,1402
150,1427
150,695
1427,215
1427,276
695,717
695,1518
153,175
153,393
153,697
653,371
348,829
348,607
348,675
175,174
175,828
175,1520
393,416
393,678
393,1026
697,238
697,478
697,1070
154,155
154,177
154,1154
154,1175
155,178
155,1132
155,1415
177,176
177,178
177,200
1154,483
1154,1155
1175,1152
1175,1176
1175,1198
178,179
178,201
1132,241
1132,307
1132,397
1415,1414
1415,1416
1415,1438
179,180
179,202
1067,328
1067,1066
1067,1198
180,181
180,203
1259,801
1259,1107
1259,1258
181,182
181,204
1130,1085
1130,1088
182,183
182,205
183,184
183,206
184,185
184,207
185,186
185,208
186,187
186,686
187,210
188,1317
188,1273
364,363
364,1122
167,209
167,1339
209,208
209,210
209,1185
1339,212
1339,387
1339,473
168,409
409,407
409,1189
409,1495
169,1184
169,1250
1184,1007
1184,1182
1250,1248
1250,1269
1250,1270
1473,561
1473,627
587,280
587,435
255,213
255,431
255,1558
1558,238
1558,343
586,414
586,696
457,479
457,717
457,762
173,1581
173,719
173,280
1581,236
1581,346
1581,477
719,633
280,346
280,1406
174,240
174,849
240,241
240,718
240,826
849,305
849,826
828,765
828,829
828,851
1520,1519
1520,1521
1520,1543
176,958
958,935
958,957
958,959
200,199
200,201
200,223
201,202
201,224
202,203
202,225
203,204
203,226
204,205
204,227
205,206
205,228
206,207
206,229
207,208
207,967
208,339
686,533
686,597
686,709
210,1317
1317,297
1317,340
1273,235
1273,430
189,1166
189,1448
1166,474
1166,495
1166,1146
1448,542
1448,1447
190,1445
190,1096
1445,1426
1445,1444
1445,1446
1096,1077
1096,1095
1096,1097
191,214
191,1295
191,236
214,213
214,237
214,434
1295,407
1295,431
236,388
236,1428
192,476
192,607
192,390
476,324
390,434
390,541
216,217
216,826
216,1537
194,458
194,739
458,807
458,608
458,677
739,478
523,415
523,699
763,566
763,1091
1066,1043
1066,1065
198,199
198,219
198,980
198,1111
199,1284
219,261
219,915
980,957
980,979
980,981
1111,220
1111,483
1111,936
1284,1285
1284,1307
223,222
223,224
223,246
224,225
224,247
225,226
225,248
226,227
226,249
227,228
227,250
228,229
228,880
229,230
229,252
967,966
967,968
339,316
339,338
339,340
1185,1186
1185,1205
343,1491
343,475
212,1515
212,1142
1515,238
1515,388
1142,384
1142,1143
213,235
213,237
237,718
237,281
434,325
215,827
215,300
215,1449
827,720
827,806
300,1514
300,1272
300,1449
1449,1407
217,479
1537,344
1537,454
1537,543
479,567
479,940
869,284
869,870
261,416
261,781
915,285
915,656
915,916
220,221
220,241
220,243
221,222
221,265
221,1044
241,871
243,242
243,244
243,266
222,244
222,245
265,264
265,266
265,288
1044,1043
1044,1087
244,245
244,1199
245,246
245,268
246,247
246,269
247,248
247,270
248,249
248,271
249,250
249,272
250,273
880,881
880,924
230,231
230,535
252,253
252,773
231,232
231,295
535,797
535,995
535,1079
232,1013
295,294
295,296
295,512
1013,297
1013,425
388,430
1428,539
1428,628
718,676
718,1561
281,283
281,326
238,369
369,414
369,543
650,1561
650,715
871,546
871,870
871,872
242,263
242,395
242,936
263,305
395,372
395,374
395,396
936,913
936,935
266,267
266,289
1199,1198
1199,1200
1199,1222
268,267
268,269
268,291
269,270
269,292
270,271
270,293
271,272
271,294
272,273
272,968
273,274
273,296
274,275
274,579
253,254
253,361
773,750
773,774
773,796
254,256
254,1252
361,338
361,381
361,881
256,1385
1252,362
1252,363
1252,1275
431,1495
431,1298
1385,322
1385,428
257,629
257,1406
629,521
629,631
1406,385
1406,672
1579,321
1579,499
1579,518
454,1405
740,456
740,567
740,804
610,415
610,499
416,439
416,678
781,780
781,1410
437,392
437,526
437,1113
305,306
305,328
264,285
264,287
264,482
285,284
285,1087
287,286
287,288
287,310
482,459
482,483
482,505
288,289
288,311
267,290
289,290
289,312
290,291
290,313
291,292
291,314
292,293
292,315
293,294
293,316
294,317
968,969
968,991
296,297
275,276
275,1076
579,556
579,602
579,819
276,277
276,1446
1076,1056
1076,1074
1076,1077
277,278
277,342
277,1275
1446,1444
1446,1447
278,279
278,1405
342,539
342,362
342,1359
1275,582
1275,648
279,302
279,346
279,367
1405,324
1405,473
302,325
302,387
367,477
283,394
326,325
326,327
326,764
394,371
394,417
394,893
284,981
284,1026
981,306
981,526
1026,1025
1026,1158
286,307
286,1198
286,1242
307,306
1242,462
1242,549
1242,1241
310,309
310,311
310,333
311,312
311,334
312,313
312,335
313,314
313,336
314,315
314,337
315,316
315,338
316,317
317,688
512,489
512,511
512,753
297,1319
1319,427
1319,516
1319,537
1097,1095
408,1102
408,581
1514,1512
1272,1253
432,541
432,1561
325,676
387,386
785,590
785,652
785,960
807,608
807,808
324,652
306,329
328,329
328,460
329,308
329,330
308,309
308,331
308,1306
309,332
309,1416
331,330
331,332
331,354
1306,1305
1306,1307
1306,1329
332,333
332,355
1416,1393
1416,1417
333,334
333,356
334,335
334,357
335,336
335,358
336,337
336,359
337,338
337,360
688,797
688,1039
688,1057
318,449
318,1231
318,1232
318,406
449,1081
449,710
449,1147
1231,471
1231,1232
1231,1233
1232,386
1232,1234
406,362
406,1230
406,1035
319,321
319,1144
319,1100
319,451
321,1341
321,341
1144,470
1144,1143
1144,1145
1100,341
1100,992
451,1471
451,561
451,1234
320,363
320,1491
363,514
1491,498
1491,1471
1341,515
1341,1321
341,1146
1338,1296
1338,1336
652,455
676,588
676,984
327,350
327,436
327,829
764,460
764,698
764,786
350,349
350,351
350,373
436,459
436,524
436,983
829,766
460,938
460,1265
330,351
330,353
351,1197
351,1244
353,352
353,354
353,376
354,355
354,377
355,356
355,378
356,357
356,379
357,358
357,380
358,359
358,381
359,360
359,578
360,491
360,710
340,382
340,514
382,383
382,994
514,1235
514,536
1146,1126
1146,1148
539,714
539,1496
362,1122
1359,1358
1359,1360
1359,1379
475,648
475,1363
344,1426
1426,1424
345,518
345,477
518,715
477,720
760,675
760,1539
760,1583
675,349
349,372
349,830
372,373
372,1003
830,831
830,1203
830,1114
373,352
373,374
1197,1220
1244,745
1244,1221
1244,1243
352,375
352,1000
375,376
375,398
375,1089
1000,977
1000,999
1000,1001
376,377
376,399
377,378
377,400
378,379
378,401
379,380
379,402
380,381
380,403
381,404
578,555
578,776
578,1038
491,490
491,602
491,667
710,733
710,755
881,882
881,904
1122,517
1122,1102
414,456
414,612
543,1539
543,672
916,524
916,962
415,983
371,851
371,895
851,874
851,1134
895,635
895,894
895,896
1003,569
1003,613
1003,1002
374,397
374,484
397,398
397,420
484,485
484,505
484,507
398,399
398,421
1089,438
1089,526
1089,1112
399,400
399,422
400,401
400,423
401,402
401,424
402,403
402,425
403,404
403,708
404,687
383,384
383,992
383,1189
994,447
994,995
994,1017
384,385
384,1057
992,991
992,1059
1189,582
1189,689
385,386
1057,1037
1057,1055
386,498
498,696
430,1495
628,1452
628,1277
541,474
391,633
391,544
391,455
633,874
544,542
544,872
544,589
455,716
455,1538
392,804
392,654
392,1046
804,782
804,1561
654,502
654,982
654,698
1046,722
1046,741
1046,1004
678,811
678,1072
417,418
417,937
417,1025
893,870
893,894
396,419
396,1221
396,1350
419,418
419,420
419,442
1221,1220
1221,1222
1350,1349
1350,1373
420,421
420,443
421,422
421,444
422,423
422,445
423,424
423,446
424,425
424,447
425,601
708,685
708,707
708,709
687,598
687,624
687,820
405,667
405,993
405,1011
405,1015
667,1038
667,1060
993,970
993,1016
993,1170
1015,798
1015,1126
1015,1255
1230,407
1230,1210
1230,1228
1035,558
1035,1034
1035,1036
407,1276
1276,604
1276,671
1276,1256
1102,1101
1102,1104
581,538
581,1145
581,1343
1495,1496
762,521
456,631
456,502
612,959
612,1223
612,1091
983,1202
983,1247
439,418
439,440
439,636
418,441
937,914
937,938
1025,1002
1025,1071
441,442
441,464
442,443
442,465
443,444
443,466
444,445
444,467
445,446
445,468
446,447
446,683
447,711
601,1039
601,1061
601,1014
426,796
426,1124
426,666
796,795
796,819
1124,429
1124,712
1124,1123
666,774
666,974
666,1017
427,559
427,1016
559,1082
559,1279
1016,492
1016,1039
428,1190
428,472
1190,493
1190,603
1190,731
472,1254
472,1211
429,1253
429,1299
1253,496
1253,1254
1299,537
1299,692
1299,1280
1298,494
1298,647
1298,758
435,742
742,568
742,698
742,853
459,635
459,806
524,723
524,894
526,549
1113,634
1113,744
1113,873
438,548
438,1068
438,1158
548,525
548,571
548,701
1068,481
1068,677
1068,1069
1158,679
1158,745
440,463
440,1112
440,1375
636,614
636,659
636,1289
463,462
463,464
463,486
1112,614
1112,1135
1375,1352
1375,1374
1375,1376
464,465
464,487
465,466
465,488
466,467
466,489
467,468
467,490
468,469
468,794
683,660
683,706
711,536
711,778
711,1062
448,580
448,643
448,665
448,732
580,1103
580,645
580,1104
643,576
643,600
643,731
665,469
665,642
665,798
732,709
732,778
732,1280
1081,1080
1081,1082
1081,1101
1147,1014
1147,1126
1147,1127
450,1209
450,494
450,1363
450,538
1209,1188
1209,1210
494,1296
494,1169
1363,1362
538,496
538,1320
561,780
561,1366
1234,626
1234,1214
540,715
540,735
716,696
716,715
716,1583
1538,1518
1538,1540
631,521
631,808
502,1027
502,1049
717,782
608,521
608,566
677,478
677,808
635,503
635,658
806,850
806,913
938,896
938,961
1265,1264
1265,1266
1265,1288
461,1133
461,1179
461,1223
1133,982
1133,1156
1179,613
1179,1156
1179,1178
1223,811
1223,1222
462,483
462,485
485,486
485,508
486,487
486,509
487,488
487,510
488,489
488,511
489,490
490,772
469,1103
469,1123
794,771
794,795
794,817
1103,713
1103,1101
1123,495
1123,669
470,733
470,1167
733,645
733,756
1167,1168
1167,1169
1167,1188
471,646
471,1233
646,1236
646,1059
1233,515
1233,516
1254,1255
1254,1256
1211,1210
1211,1212
1211,1213
473,495
473,604
604,1362
648,1432
648,1343
720,611
720,918
478,873
873,1115
873,1047
567,853
567,699
940,898
940,962
940,1094
480,591
480,743
480,850
480,741
591,547
591,592
591,723
743,700
743,1334
743,1047
850,525
850,655
741,481
741,1092
481,1180
481,1157
1180,699
1180,943
1180,986
1157,590
1157,787
1157,1005
505,702
505,1245
507,506
507,508
507,530
508,509
508,531
509,510
509,532
510,511
510,533
511,534
772,749
772,771
772,795
602,625
492,969
492,1059
492,493
969,555
969,970
1059,800
493,1168
493,1079
1168,1169
1168,1188
1079,513
1079,1078
1296,1320
1169,1150
496,626
626,1125
626,1257
499,519
519,1342
1027,875
1027,1048
1027,1136
1049,721
1049,939
1049,1029
503,525
503,872
503,959
525,1024
872,504
959,960
504,1071
504,1090
504,1047
1071,634
1071,788
1090,1088
1090,1092
1090,1136
1047,786
702,679
702,725
702,857
1245,547
1245,1222
1245,1246
506,527
506,529
506,1333
527,528
527,1243
527,1418
529,528
529,530
529,552
1333,853
1333,1310
1333,1506
530,531
530,553
531,532
531,554
532,555
532,1549
533,556
533,620
534,557
534,599
534,903
753,730
753,776
753,1017
513,600
513,948
513,1058
600,556
600,820
948,925
948,947
948,949
1058,1037
1058,1056
1058,1060
1235,669
1235,1215
1235,1237
536,690
536,756
515,1125
515,1036
1125,557
1125,689
1036,1034
1036,1037
516,1078
516,734
1078,1077
1078,1080
734,671
734,1278
734,1104
517,691
691,560
691,1149
1342,1321
1342,1322
1342,1344
630,542
545,765
545,1048
545,939
699,1203
723,746
723,960
894,569
1024,568
1024,1001
549,550
528,551
528,1246
1243,1220
1243,1266
1418,1417
1418,1419
1418,1394
551,550
551,552
551,574
1246,876
1246,1135
552,553
552,575
553,554
553,576
554,555
554,577
1549,620
1549,1526
1549,1548
556,973
620,619
620,621
557,625
557,729
599,576
599,622
599,644
903,904
903,926
797,774
797,820
995,972
995,1018
690,560
690,1389
690,1277
756,802
756,1127
537,668
537,624
668,713
668,1014
668,1388
624,623
624,625
1320,1300
1320,1321
714,1476
1496,846
1496,1519
735,1323
735,1236
542,1583
1583,803
1539,692
1539,803
672,890
589,1048
589,1114
765,832
765,963
1048,744
939,808
939,1115
546,656
546,831
546,874
656,679
656,789
831,832
831,1051
874,897
547,657
547,914
657,1178
657,1200
657,1376
914,891
914,913
571,550
571,572
571,1417
701,724
701,856
701,1156
550,573
573,572
573,574
573,596
574,575
574,597
575,576
577,622
577,642
577,775
973,950
973,972
973,996
625,647
729,706
729,728
729,752
558,1060
558,560
558,1213
1060,1037
560,1080
1213,670
1213,1212
1082,713
1279,689
1279,1277
1279,1278
1080,603
780,562
780,779
1366,689
1366,1346
562,1518
566,782
853,809
568,854
568,961
854,984
854,1464
854,1070
961,941
961,985
569,570
569,592
570,1200
570,1332
570,1397
592,593
592,615
1200,680
1332,1309
1332,1331
1397,1374
1397,1420
572,593
572,595
1417,596
593,594
593,833
595,594
595,618
595,835
596,597
596,619
597,598
622,621
622,623
642,619
642,641
775,752
775,754
775,798
776,777
776,799
1038,644
1038,1061
819,818
819,842
645,971
645,1343
1104,1105
1145,712
1145,1143
582,1344
582,736
1344,1367
1344,1322
736,603
736,758
736,1236
583,671
583,584
584,802
802,779
1114,698
1114,809
590,1134
590,982
1134,611
1134,1004
982,1091
615,594
615,616
594,617
833,613
833,834
833,1267
617,616
617,618
617,640
618,619
618,641
835,640
835,814
835,834
598,621
598,793
621,730
793,770
793,792
793,816
644,709
644,1170
820,843
1039,1062
1061,1084
1014,991
603,1170
1170,1345
1362,1360
779,778
611,655
611,1159
655,766
655,1005
1159,898
1159,921
1159,1138
1091,722
613,614
614,637
637,616
637,638
616,639
639,638
639,662
639,1398
640,641
640,663
641,664
730,707
730,731
623,971
623,1083
971,970
971,972
1083,754
1083,1106
647,712
1257,669
1257,757
1257,1151
627,692
627,1300
1300,1301
1300,1302
1452,758
1277,1278
634,700
634,941
700,1137
700,852
941,1202
941,1269
658,659
658,681
658,746
659,638
659,660
1289,1266
1289,1288
1289,1312
638,661
661,660
661,662
661,684
662,663
662,685
1398,811
1398,1378
1398,1379
663,664
663,1528
664,685
664,752
731,754
1236,1215
712,1255
1432,670
1432,1455
1410,799
1410,803
766,767
766,789
1005,917
1005,1135
679,680
789,1267
1178,1004
1178,1177
1376,900
1376,1353
681,660
681,680
681,682
746,769
684,685
684,707
1528,944
1528,1483
1528,1527
752,751
798,821
774,751
974,951
974,975
974,997
1388,777
1388,1389
1388,1411
669,845
845,822
845,844
845,846
890,867
890,889
890,891
984,722
984,1247
811,1334
1072,788
1072,875
1072,1073
682,705
682,1377
682,1462
705,704
705,706
705,728
1377,745
1377,1354
1462,813
1462,1461
1462,1551
706,707
1389,1390
1389,1412
1149,1148
1149,1150
1149,1151
1070,721
1070,787
1203,809
1203,1201
1137,898
1137,899
1137,1136
852,1092
852,875
852,1028
724,725
724,1355
856,855
856,857
856,878
1156,1155
725,704
725,726
857,834
704,727
727,726
727,728
727,750
728,751
755,1019
755,1105
755,1345
1062,1085
1062,1258
1255,1256
1476,801
1476,1477
1476,1499
918,917
918,1312
721,1135
721,787
787,1247
722,1355
1355,1354
960,1177
726,749
749,748
749,750
750,751
754,1018
1280,1281
1278,757
1323,777
1323,801
758,1191
1092,810
1334,855
1334,1311
744,1028
1028,1029
1028,1030
745,768
768,767
768,769
768,791
769,748
769,770
748,771
748,924
771,770
924,925
924,947
1018,1019
1018,1041
1019,996
1019,1020
1105,1128
1105,1106
1345,1368
1345,1326
1127,1126
1127,1148
757,1150
757,1148
1150,1171
1191,1171
1191,1192
1191,1193
759,1322
759,1540
1322,1321
1540,1562
786,1224
786,1136
832,834
832,1464
963,767
963,1183
963,1553
767,1311
1311,1288
1311,1310
791,770
791,792
795,818
777,1367
799,822
799,1301
1367,1368
1367,1390
1224,917
1224,1204
1224,1225
1247,1227
788,1115
788,1204
1115,1006
1204,1205
1267,810
1267,1266
813,792
813,1485
792,815
815,814
815,816
815,838
816,817
816,839
817,818
817,840
818,841
821,822
821,844
821,1411
1301,1194
1301,1302
800,1431
800,1107
1431,1194
1431,1454
1107,1084
1107,1106
801,1237
1237,1260
1237,1238
913,912
809,1290
1290,812
1290,1268
1290,1291
810,1069
1069,917
1069,962
812,1510
812,1205
812,1313
1510,1008
1313,1293
1313,1314
1313,1336
1485,1484
1485,1441
814,837
814,1551
837,838
837,860
1551,1529
1551,1552
838,839
838,861
839,840
839,862
840,841
840,863
841,842
841,864
842,843
842,865
843,844
843,866
844,867
1411,1412
1411,1434
846,847
1454,1455
1454,1477
1051,1032
1051,1050
1051,1052
1464,876
1464,1441
859,860
859,882
860,861
860,883
861,862
861,884
862,863
862,885
863,864
863,886
864,865
864,887
865,866
865,888
866,867
866,889
847,870
875,1004
855,878
878,877
882,883
882,905
883,884
883,906
884,885
884,907
885,886
885,908
886,887
886,909
887,888
887,910
888,889
888,911
889,912
1042,1041
1042,1043
1042,1065
897,877
897,943
897,1050
876,877
876,943
877,900
943,966
904,905
904,927
905,906
905,928
906,907
906,929
907,908
907,930
908,909
908,931
909,910
909,932
910,911
910,933
911,912
911,934
912,935
891,1542
1542,1519
1542,1543
896,919
896,985
919,920
919,1073
985,962
985,986
1050,1007
1050,1052
898,942
942,1552
942,1269
899,1575
899,1530
899,1052
1575,1007
1530,1529
1530,1531
1530,1532
1052,1032
925,926
922,921
922,1420
922,966
926,927
926,949
927,928
927,950
928,929
928,951
929,930
929,952
930,931
930,953
931,932
931,954
932,933
932,955
933,934
933,956
934,935
934,957
1312,966
920,921
920,1225
1073,1074
1225,944
1225,1226
1420,1419
947,970
949,950
949,972
950,951
951,952
952,953
952,975
953,954
953,976
954,955
954,977
955,956
955,978
956,957
956,979
1094,944
1094,1006
1094,1093
1202,1182
1202,1201
1269,1268
1552,1529
1552,1553
944,1399
1399,1421
945,1467
945,1031
945,1226
1467,1447
1467,1465
1467,1466
1031,1029
1031,1030
1031,1032
1226,1227
1226,1228
975,976
975,998
976,977
976,999
977,978
978,979
978,1001
979,1002
1177,1176
1177,1155
1183,1181
1183,1182
1553,1533
1553,1554
964,1270
964,1291
964,1248
1270,1268
1291,1268
1248,1228
1140,1120
1140,1138
1554,1533
1554,1534
996,997
997,998
997,1020
998,999
998,1021
999,1022
1001,1002
986,987
986,1009
987,1008
987,1074
1009,1314
1008,1054
1074,1093
1531,1529
1531,1532
1020,1021
1020,1043
1021,1022
1021,1239
1006,1007
1054,1034
1314,1293
1314,1336
1239,1129
1239,1216
1239,1262
1065,1240
1084,1085
1084,1086
1258,1238
1258,1256
1240,1217
1240,1263
1240,1346
1106,1086
1128,1129
1128,1151
1128,1109
1129,1152
1129,1109
1152,1304
1304,1281
1304,1305
1304,1302
1176,1309
1155,1201
1171,1172
1172,1192
1172,1193
1309,1308
1309,1310
1193,1216
1193,1192
1216,1217
1216,1195
1194,1217
1194,1192
1217,1218
1195,1218
1195,1214
1195,1215
1218,1241
1328,1305
1328,1327
1328,1329
1241,1264
1241,1260
1260,1238
1262,1263
1262,1285
1262,1261
1263,1264
1263,1286
1346,1327
1346,1348
1264,1287
1285,1286
1285,1308
1286,1287
1286,1505
1287,1288
1287,1310
1281,1282
1281,1519
1282,1305
1282,1261
1307,1308
1307,1330
1308,1331
1505,1482
1505,1504
1505,1506
1302,1303
1303,1326
1303,1261
1303,1325
1326,1325
1326,1327
1329,1330
1329,1352
1330,1331
1330,1353
1331,1354
1325,1348
1348,1349
1348,1369
1352,1353
1353,1354
1506,1507
1506,1486
1368,1369
1368,1391
1370,1369
1370,1371
1370,1393
1349,1371
1349,1372
1373,1372
1373,1374
1373,1396
1390,1391
1390,1413
1369,1392
1391,1392
1391,1414
1392,1393
1392,1371
1371,1372
1393,1394
1372,1395
1395,1394
1395,1396
1395,1440
1396,1419
1412,1413
1412,1435
1413,1414
1413,1436
1414,1437
1394,1440
1434,1435
1434,1457
1435,1436
1435,1458
1436,1437
1436,1459
1437,1438
1437,1460
1438,1461
1455,1456
1455,1478
1456,1457
1456,1479
1457,1458
1457,1480
1458,1459
1458,1481
1459,1460
1459,1482
1460,1461
1460,1483
1461,1484
1477,1478
1477,1500
1478,1479
1478,1501
1479,1480
1479,1502
1480,1481
1480,1503
1481,1482
1481,1504
1482,1483
1483,1484
1499,1500
1499,1522
1500,1501
1500,1523
1501,1502
1501,1524
1502,1503
1502,1525
1503,1504
1503,1526
1504,1527
1521,1522
1521,1544
1522,1523
1522,1545
1523,1524
1523,1546
1524,1525
1524,1547
1525,1526
1525,1548
1526,1527
1507,1486
1543,1544
1544,1545
1545,1546
1546,1547
1547,1548
1029,1030
1030,1032
1034,1055
1055,1056
1056,1077
1086,1088
1086,1109
1088,1109
1093,1095
1093,1116
1095,1116
1138,1160
1160,1181
1181,1182
1181,1201
1186,1188
1210,1212
1212,1214
1214,1215
1227,1228
1238,1261
1378,1379
1402,1423
1421,1423
1421,1441
1423,1424
1441,1465
1444,1465
1444,1466
1465,1466
1486,1487
1532,1533
1532,1534
1533,1534
1572,1574
