0,892
0,1365
0,608
0,1496
892,132
892,891
892,893
1365,605
1365,647
1365,759
608,391
608,566
608,804
1496,846
1496,1495
1496,1519
1,24
1,131
1,823
1,1040
24,47
24,1063
24,1324
131,110
131,262
131,1023
823,87
823,822
823,1280
1040,996
1040,1017
1040,1041
2,3
2,25
2,1064
2,1563
3,4
3,26
3,1564
25,48
25,1174
25,1563
1064,1041
1064,1065
1064,1087
1563,1152
1563,1564
4,5
4,27
4,1565
26,49
26,1173
26,1219
1564,45
1564,1565
5,28
5,1351
5,1566
27,28
27,50
27,1196
1565,1542
1565,1566
28,29
28,51
1351,1350
1351,1352
1351,1374
1566,1543
1566,1567
6,7
6,29
6,1439
6,1567
7,8
7,30
7,1568
29,30
29,52
1439,549
1439,1438
1439,1440
1567,1544
1567,1568
8,9
8,31
8,1569
30,31
30,53
1568,1545
1568,1569
9,10
9,32
9,1570
31,54
31,703
1569,1546
1569,1570
10,11
10,1550
10,1571
32,55
32,165
32,879
1570,575
1570,1547
11,747
11,923
11,989
1550,1332
1550,1527
1550,1573
1571,1396
1571,1507
1571,1548
747,724
747,726
747,746
923,143
923,230
923,900
989,167
989,900
989,987
12,836
12,901
12,1442
12,1573
836,837
836,857
836,859
901,880
901,925
901,1485
1442,33
1442,637
1442,1419
1573,99
1573,1397
13,1533
13,1012
13,1182
13,1138
1533,1531
1533,1532
1533,1534
1012,101
1012,404
1012,1011
1182,1181
1182,1183
1182,1184
1138,1005
1138,1006
1138,1136
14,80
14,1357
14,1443
14,1336
80,1357
80,1293
80,1163
1357,15
1357,855
1443,35
1443,898
1443,1420
1336,103
1336,123
1336,899
15,1251
15,1335
15,1052
1251,57
1251,147
1251,188
1335,788
1335,1312
1335,1358
1052,1032
1052,1050
1052,1051
16,1402
16,1162
16,1401
16,1532
1402,125
1402,189
1402,1030
1162,1160
1162,1161
1162,1163
1401,941
1401,1382
1401,1399
1532,1531
1532,1534
17,1558
17,1184
17,1492
17,1207
1558,61
1558,303
1558,432
1184,124
1184,1183
1492,234
1492,477
1492,517
1207,100
1207,103
1207,104
18,520
18,1383
18,409
18,1297
520,62
520,196
520,435
1383,124
1383,125
1383,320
409,364
409,1342
409,1277
1297,323
1297,583
1297,1296
19,739
19,343
19,238
19,606
739,172
739,478
739,501
343,1315
343,475
343,1274
238,39
238,784
238,804
606,1473
606,1342
606,1428
20,1515
20,126
20,804
20,413
1515,410
1515,453
1515,651
126,1535
126,1229
126,1537
804,522
413,129
413,172
413,694
21,215
21,783
21,670
21,347
215,827
215,1427
215,676
783,22
783,42
783,781
670,1450
670,1211
670,1366
347,65
347,717
347,1559
22,848
22,1023
22,1498
848,263
848,847
848,849
1023,1022
1023,1024
1498,1475
1498,1499
1498,1521
23,46
23,1153
23,1347
23,1171
46,45
46,47
46,69
1153,1130
1153,1176
1153,1197
1347,1324
1347,1370
1347,1346
1171,713
1171,802
1171,1172
47,48
47,70
1063,1061
1063,1084
1063,1085
1324,1323
1324,1325
48,49
48,71
1174,307
1174,1151
1174,1197
49,50
49,72
1173,1172
1173,1196
1173,1193
1219,461
1219,1218
1219,1220
50,51
50,73
1196,156
1196,1328
51,52
51,74
52,53
52,75
53,54
53,76
54,55
54,77
703,680
703,683
703,704
55,56
55,251
165,142
165,187
165,188
879,684
879,858
879,878
33,858
33,1033
33,1463
858,317
858,859
1033,211
1033,296
1033,1009
1463,441
1463,1440
1463,1484
34,946
34,1356
34,36
34,1381
946,382
946,947
946,967
1356,1355
1356,1358
1356,1378
36,1141
36,1294
36,1164
1381,212
1381,1358
1381,1360
35,102
35,1400
35,1164
102,56
102,79
102,1056
1400,79
1400,788
1400,1377
1164,146
1164,341
1141,341
1141,1139
1141,1140
1294,148
1294,365
1294,1031
37,1161
37,1183
37,1469
37,1578
1161,1160
1161,1163
1183,1181
1469,149
1469,166
1469,1468
1578,234
1578,321
1578,367
38,322
38,1362
38,1580
38,1425
322,148
322,212
322,1560
1362,541
1362,1360
1362,1364
1580,40
1580,82
1580,672
1425,168
1425,169
1425,988
39,1560
39,540
39,259
1560,239
1560,717
540,127
540,278
540,1386
259,170
259,217
259,720
40,1451
40,64
40,412
1451,651
1451,1408
1451,1452
64,629
64,651
64,759
412,500
412,523
412,1538
41,369
41,584
41,1518
41,192
369,740
369,782
369,475
584,86
584,1384
584,1430
1518,647
1518,800
1518,803
192,148
192,1406
192,390
42,1386
42,1407
42,130
1386,581
1386,602
1407,388
1407,559
1407,1364
130,544
130,719
130,1562
43,499
43,1474
43,651
43,762
499,62
499,260
499,282
1474,1453
1474,1473
1474,1494
762,194
762,349
762,652
44,824
44,825
44,1433
44,607
824,66
824,846
824,1454
825,87
825,802
825,826
1433,1432
1433,1434
1433,1456
607,368
607,631
607,1582
45,68
45,1475
68,67
68,69
68,91
1475,778
1475,800
69,70
69,92
70,71
70,93
71,72
71,94
72,73
72,95
73,74
73,96
74,75
74,97
75,76
75,98
76,77
76,99
77,100
77,1509
56,57
56,79
251,250
251,252
251,274
57,1208
57,1508
79,1444
1208,166
1208,167
1208,275
1508,615
1508,1507
1508,1488
58,81
58,1270
58,1205
58,1075
81,82
81,367
81,345
1270,876
1270,899
1270,1250
1205,1185
1205,1204
1205,1206
1075,1009
1075,1073
1075,1074
59,1099
59,1511
59,1272
59,1579
1099,78
1099,362
1099,1079
1511,1491
1511,1510
1511,1513
1272,1271
1272,1292
1272,1296
1579,194
1579,386
1579,1577
60,367
60,169
60,1467
60,1382
367,125
169,191
169,1293
1467,144
1467,1447
1467,1466
1382,1403
1382,1424
61,562
61,1449
61,1404
562,85
562,193
562,1298
1449,257
1449,385
1449,410
1404,105
1404,170
1404,475
62,1361
62,454
1361,190
1361,363
1361,388
454,195
454,390
454,1536
63,629
63,1429
63,543
63,1385
629,152
629,1562
1429,408
1429,519
1429,647
543,280
543,391
543,695
1385,1364
1385,1408
1385,1409
759,1495
759,1410
65,715
65,630
65,85
715,650
715,1366
715,1410
630,172
630,239
630,672
85,1494
85,1516
66,67
66,89
66,738
67,90
67,1108
89,88
89,90
89,112
738,411
738,477
738,717
90,91
90,113
1108,157
1108,1085
1108,1131
91,92
91,114
92,93
92,115
93,94
93,116
94,95
94,117
95,96
95,118
96,97
96,119
97,98
97,120
98,99
98,121
99,100
100,123
1509,812
1509,919
1509,1488
78,1096
78,988
78,1358
1096,963
1096,1077
1096,1094
988,1095
988,1359
1444,1423
1444,1445
1444,1446
1293,944
1293,945
1163,1008
82,1471
82,390
345,170
345,585
345,455
1471,104
1471,452
1471,541
390,502
83,544
83,1318
83,1340
83,303
544,109
544,633
1318,212
1318,235
1318,236
1340,256
1340,1338
1340,1359
303,196
303,410
84,1470
84,501
84,1517
84,1535
1470,387
1470,1489
1470,1490
501,414
501,456
1517,346
1517,564
1517,650
1535,124
1535,1555
1494,366
1494,1453
1516,108
1516,170
1516,560
86,171
86,649
86,106
171,193
171,474
171,1536
649,498
649,1320
649,694
106,1405
106,498
106,391
87,868
87,1541
868,867
868,869
868,1042
1541,88
1541,713
1541,847
88,109
88,693
109,218
109,456
693,173
693,1322
693,1561
112,111
112,113
112,135
113,114
113,136
114,115
114,137
115,116
115,138
116,117
116,139
117,118
117,140
118,119
118,141
119,120
119,142
120,121
120,143
121,122
121,145
123,122
123,146
101,902
101,234
101,1165
902,231
902,903
902,922
234,299
1165,407
1165,1144
1165,1145
1056,1054
1056,1058
1056,1076
103,1032
103,1489
1032,1008
1032,1051
1489,942
1489,1488
104,342
104,1493
342,277
342,539
342,1472
1493,430
1493,456
1493,518
105,411
105,1316
105,1446
411,1582
411,1405
1316,124
1316,144
1316,168
1446,1426
1446,1445
1405,278
1405,410
498,195
498,609
391,675
107,827
107,323
107,257
107,542
827,262
827,806
323,1447
323,1403
257,1514
257,344
542,127
542,1582
542,1559
108,586
108,566
108,1430
586,453
586,803
586,697
566,761
566,719
1430,690
1430,1431
218,217
218,219
218,869
456,632
110,111
110,133
110,1131
111,134
111,1283
133,132
133,134
133,156
1131,267
1131,1154
134,135
134,157
1283,1260
1283,1282
1283,1284
135,136
135,158
136,137
136,159
137,138
137,160
138,139
138,161
139,140
139,162
140,141
140,163
141,142
141,164
142,143
143,990
122,164
122,166
145,146
145,944
145,1314
164,163
164,187
166,1273
146,147
125,1403
1403,298
1229,232
1229,253
1229,429
1537,430
1537,431
1537,652
127,236
127,1450
236,300
236,433
1450,495
1450,736
128,587
128,1539
128,455
128,1428
587,696
587,1581
587,1583
1539,517
1539,694
1539,716
455,258
455,1557
1428,561
1428,1408
129,282
129,435
129,432
282,805
282,1559
435,153
435,740
432,150
432,497
719,609
719,742
1562,735
1562,1497
262,263
262,437
132,1045
132,1110
1045,176
1045,1022
1045,1044
1110,199
1110,1087
1110,1133
156,179
156,1067
157,180
157,1259
158,159
158,181
158,1130
159,160
159,182
160,161
160,183
161,162
161,184
162,163
162,185
163,186
990,991
990,1011
990,1013
144,1187
144,1424
1187,1167
1187,1185
1187,1186
1424,1029
1424,1422
944,1487
944,1248
1314,1008
1314,1030
1314,1313
147,193
147,321
193,216
321,1341
321,1315
148,149
149,1514
149,1339
1514,235
1514,366
1339,167
1339,1319
1339,1338
150,151
150,1427
150,610
151,153
151,760
151,1561
1427,276
1427,368
610,763
610,696
610,916
153,175
153,393
760,563
760,605
760,782
1561,673
1561,735
152,346
152,523
152,370
346,650
346,588
523,853
523,1027
370,764
370,807
370,652
175,174
175,828
175,1520
393,416
393,678
393,1026
154,155
154,177
154,1154
154,1175
155,178
155,1132
155,1415
177,176
177,178
177,200
1154,483
1154,1155
1175,1152
1175,1176
1175,1198
178,179
178,201
1132,241
1132,307
1132,397
1415,1414
1415,1416
1415,1438
179,180
179,202
1067,328
1067,1066
1067,1198
180,181
180,203
1259,801
1259,1107
1259,1258
181,182
181,204
1130,1085
1130,1088
182,183
182,205
183,184
183,206
184,185
184,207
185,186
185,208
186,187
186,686
187,210
188,233
188,1317
1273,235
1273,430
1273,1271
167,209
209,208
209,210
209,1185
168,1143
168,1534
1143,449
1143,450
1143,1142
1534,211
191,214
191,1295
191,1556
474,1296
474,519
474,1189
1536,255
1536,650
172,258
258,256
258,281
173,433
173,283
173,545
433,541
433,676
283,281
283,368
283,394
545,260
545,414
545,717
174,197
174,240
174,849
197,176
197,1066
197,522
240,241
240,718
240,826
849,305
849,826
828,765
828,829
828,851
1520,1519
1520,1521
1520,1543
176,958
958,935
958,957
958,959
200,199
200,201
200,223
201,202
201,224
202,203
202,225
203,204
203,226
204,205
204,227
205,206
205,228
206,207
206,229
207,208
207,967
208,339
686,533
686,597
686,709
210,233
210,1317
233,232
233,1512
1317,297
1317,340
189,1295
189,1448
189,1231
1295,431
1295,1384
1448,389
1448,473
1448,497
1231,470
1231,992
1231,1230
190,1468
190,1406
190,1490
1468,1426
1468,1466
1406,301
1406,494
1490,255
1490,279
214,213
214,237
214,434
1556,280
1556,300
1556,1554
216,217
216,826
216,392
194,237
194,737
237,213
237,718
737,718
737,1581
737,1342
195,434
195,695
434,325
434,784
695,565
695,1582
196,458
196,740
458,1091
458,1113
458,1090
740,917
1066,1043
1066,1065
522,476
522,588
198,199
198,219
198,980
198,1111
199,1284
219,261
219,915
980,957
980,979
980,981
1111,220
1111,483
1111,936
1284,1285
1284,1307
223,222
223,224
223,246
224,225
224,247
225,226
225,248
226,227
226,249
227,228
227,250
228,229
228,880
229,230
229,252
967,966
967,968
339,316
339,338
339,340
1185,1186
211,384
211,1253
384,383
384,385
384,451
1253,385
1253,1014
1253,1254
212,364
364,1320
364,515
213,235
213,255
255,1384
676,325
676,1027
217,479
392,437
392,634
392,872
479,674
479,589
479,1091
869,284
869,870
261,416
261,781
261,782
915,285
915,656
915,916
220,221
220,241
220,243
221,222
221,265
221,1044
241,871
243,242
243,244
243,266
222,244
222,245
265,264
265,266
265,288
1044,1043
1044,1087
244,245
244,1199
245,246
245,268
246,247
246,269
247,248
247,270
248,249
248,271
249,250
249,272
250,273
880,881
880,924
230,231
230,535
252,253
252,773
231,232
231,295
535,493
535,797
535,995
232,1013
295,294
295,296
295,512
1013,297
1013,425
1512,344
1512,1491
1512,1510
299,408
299,1254
299,1188
300,1513
300,495
718,260
784,348
784,674
239,807
239,654
807,326
807,414
654,477
654,611
654,1049
871,546
871,870
871,872
242,263
242,395
242,936
263,305
395,372
395,374
395,396
936,913
936,935
266,267
266,289
1199,1198
1199,1200
1199,1222
268,267
268,269
268,291
269,270
269,292
270,271
270,293
271,272
271,294
272,273
272,968
273,274
273,296
274,275
274,579
253,254
253,361
773,750
773,774
773,796
254,256
254,1057
254,1252
361,338
361,381
361,881
256,1315
1057,319
1057,469
1057,645
1252,472
1252,496
1252,1275
1384,519
1315,965
344,431
344,1230
281,326
281,588
720,504
720,632
720,1136
260,521
521,280
521,348
521,478
416,439
416,722
781,780
781,1410
782,736
437,526
437,1005
305,306
305,328
264,285
264,287
264,482
285,284
285,1087
287,286
287,288
287,310
482,459
482,483
482,505
288,289
288,311
267,290
289,290
289,312
290,291
290,313
291,292
291,314
292,293
292,315
293,294
293,316
294,317
968,969
968,991
296,297
275,276
275,1076
579,556
579,602
579,819
276,277
276,1010
1076,1074
1076,1077
277,278
277,1275
1010,1009
1010,1011
1010,1337
278,279
1275,582
1275,648
279,302
279,1557
302,304
302,325
302,387
1557,476
1557,497
280,1491
1491,324
326,325
326,327
588,696
805,761
805,763
805,1024
1559,561
368,1538
394,371
394,417
394,893
284,981
284,1026
981,306
981,526
1026,1025
1026,1158
286,307
286,1198
286,1242
307,306
1242,462
1242,549
1242,1241
310,309
310,311
310,333
311,312
311,334
312,313
312,335
313,314
313,336
314,315
314,337
315,316
315,338
316,317
317,688
512,489
512,511
512,753
297,362
362,320
362,1233
298,383
298,1513
298,1101
383,382
383,471
1513,324
1101,470
1101,646
1101,1100
408,1274
408,1102
1254,406
1254,604
1188,427
1188,453
1188,1186
495,473
495,581
301,673
301,518
301,365
673,478
673,758
518,627
518,1538
365,1363
365,1232
304,763
304,632
304,982
387,386
387,627
763,568
632,414
982,415
982,741
982,1201
306,329
328,329
328,460
329,308
329,330
308,309
308,331
308,1306
309,332
309,1416
331,330
331,332
331,354
1306,1305
1306,1307
1306,1329
332,333
332,355
1416,1393
1416,1417
333,334
333,356
334,335
334,357
335,336
335,358
336,337
336,359
337,338
337,360
688,450
688,797
688,1039
318,1210
318,493
318,319
318,427
1210,493
1210,1209
1210,1211
493,513
319,537
319,1146
427,449
427,1055
537,363
537,1363
537,1341
1146,494
1146,583
1146,626
320,340
320,1209
340,558
1209,363
1209,452
1341,516
1341,585
1447,324
1447,1426
324,478
327,350
327,436
327,829
350,349
350,351
350,373
436,459
436,524
436,983
829,348
829,766
460,938
460,1265
460,851
330,351
330,353
351,1197
351,1244
353,352
353,354
353,376
354,355
354,377
355,356
355,378
356,357
356,379
357,358
357,380
358,359
358,381
359,360
359,578
360,491
360,710
558,1126
558,1235
558,1256
341,1338
341,1233
1338,1337
1233,428
1233,671
539,714
539,1322
539,1212
1472,477
1472,648
1472,716
475,388
1274,388
1274,515
431,1495
1230,1228
1230,1250
585,476
585,694
348,1046
1046,611
1046,697
1046,698
349,372
349,830
372,373
372,1003
830,831
830,1113
830,1160
373,352
373,374
1197,1220
1244,745
1244,1221
1244,1243
352,375
352,1000
375,376
375,398
375,1089
1000,977
1000,999
1000,1001
376,377
376,399
377,378
377,400
378,379
378,401
379,380
379,402
380,381
380,403
381,404
578,555
578,776
578,1038
491,490
491,602
491,667
710,514
710,733
710,755
881,882
881,904
363,1098
1098,1078
1098,1097
1098,1100
1320,605
1320,735
515,648
515,734
1363,472
1363,563
1232,366
1232,516
1232,560
366,563
563,453
1538,758
764,457
764,696
764,1006
652,1583
371,653
371,851
371,895
653,389
653,609
653,741
851,874
895,635
895,894
895,896
1003,569
1003,613
1003,1002
374,397
374,484
397,398
397,420
484,485
484,505
484,507
398,399
398,421
1089,438
1089,526
1089,1112
399,400
399,422
400,401
400,423
401,402
401,424
402,403
402,425
403,404
403,708
404,687
382,994
382,428
994,447
994,995
994,1017
428,668
428,1121
471,559
471,1321
471,536
385,386
451,580
451,1319
451,1037
386,604
604,1343
604,1321
627,560
627,1234
389,500
389,609
500,457
500,567
502,674
502,697
502,1091
675,655
675,852
675,938
634,1068
634,1134
634,1181
872,503
872,852
678,811
678,1268
678,1005
417,418
417,937
417,1025
893,870
893,894
396,419
396,1221
396,1350
419,418
419,420
419,442
1221,1220
1221,1222
1350,1349
1350,1373
420,421
420,443
421,422
421,444
422,423
422,445
423,424
423,446
424,425
424,447
425,601
708,685
708,707
708,709
687,598
687,624
687,820
405,667
405,993
405,1011
405,1015
667,406
667,1038
993,970
993,1016
993,1170
1015,516
1015,798
1015,1059
406,1081
406,603
1081,449
1081,494
1081,734
603,407
603,1126
603,1212
407,450
407,1036
450,429
1036,536
1036,645
1036,1034
1102,472
1102,1060
1102,1100
1342,646
1277,712
1277,1255
1277,1256
415,504
415,1025
415,940
504,941
504,1028
1025,1002
940,742
940,1269
940,1203
439,418
439,440
439,636
722,612
722,1204
722,1290
418,441
937,631
937,914
937,938
441,442
441,464
442,443
442,465
443,444
443,466
444,445
444,467
445,446
445,468
446,447
446,683
447,711
601,1039
601,1061
601,1037
426,796
426,646
426,1100
426,1144
796,795
796,819
646,711
1144,1142
1144,1145
449,470
1055,1035
1055,1053
1055,1054
668,713
668,1014
668,1388
1121,1120
1121,1122
1121,1140
429,1058
429,496
1058,514
1058,1060
496,1167
496,1211
430,1495
497,716
541,564
459,635
459,806
524,481
524,723
524,894
983,1202
983,1137
983,1004
526,549
1005,655
438,548
438,1068
438,1158
548,525
548,571
548,701
1068,481
1068,1069
1158,679
1158,745
440,463
440,1112
440,1375
636,614
636,659
636,1289
463,462
463,464
463,486
1112,614
1112,1135
1375,1352
1375,1374
1375,1376
464,465
464,487
465,466
465,488
466,467
466,489
467,468
467,490
468,469
468,794
683,660
683,706
711,778
711,1062
448,580
448,643
448,665
448,732
580,1103
580,1169
643,576
643,600
643,731
665,469
665,642
665,798
732,709
732,778
732,1280
470,971
1319,1296
1319,1321
1037,645
1037,1035
452,626
452,1452
626,1300
626,1082
1452,538
1452,671
457,765
457,631
765,832
765,831
631,1581
1091,699
1113,1092
1113,1134
1090,698
1090,699
1090,939
635,503
635,658
806,850
806,913
938,896
1265,1264
1265,1266
1265,1288
461,1133
461,1179
461,1223
1133,590
1133,1156
1179,613
1179,1156
1179,1178
1223,612
1223,811
1223,1222
462,483
462,485
485,486
485,508
486,487
486,509
487,488
487,510
488,489
488,511
489,490
490,772
469,1104
794,771
794,795
794,817
1104,1123
1104,1124
1104,1125
971,623
971,970
971,972
559,1299
559,1235
1321,1343
536,1082
536,1166
472,1276
1276,1255
1276,1256
1276,1278
473,628
473,1473
628,476
628,803
628,1583
1473,1453
519,692
1189,1016
1189,1169
1189,1190
674,741
589,961
589,1049
589,787
480,591
480,743
480,850
480,633
591,547
591,592
591,723
743,1334
743,961
743,1247
850,525
850,655
633,897
633,960
481,1180
481,742
1180,788
1180,943
1180,1007
742,1093
505,702
505,1245
507,506
507,508
507,530
508,509
508,531
509,510
509,532
510,511
510,533
511,534
772,749
772,771
772,795
602,625
492,969
492,1016
492,1059
492,731
969,555
969,970
1016,1039
1059,800
1059,992
731,730
731,754
513,600
513,948
513,1166
494,1035
1035,1034
581,1103
581,1148
1167,1166
1167,1169
1211,1212
716,565
567,786
567,1135
567,1049
697,1047
503,525
503,959
525,1024
959,612
959,960
941,1093
941,1007
1028,1114
1028,1070
1028,1030
702,679
702,725
702,857
1245,547
1245,832
1245,1222
506,527
506,529
506,1333
527,528
527,1243
527,1418
529,528
529,530
529,552
1333,964
1333,1310
1333,1506
530,531
530,553
531,532
531,554
532,555
532,1549
533,556
533,620
534,557
534,599
534,903
753,730
753,776
753,1017
600,556
600,820
948,925
948,947
948,949
1166,1147
514,1191
514,1034
1191,1190
1191,1192
1191,1193
1034,1054
648,1432
734,516
734,689
517,1343
517,582
1343,1344
582,1344
582,1409
692,561
692,672
692,736
853,1269
853,1135
853,1095
1027,744
1027,1134
723,746
723,960
894,569
1024,1001
549,550
528,551
528,1246
1243,1220
1243,1266
1418,1417
1418,1419
1418,1394
551,550
551,552
551,574
1246,876
1246,918
1246,1135
552,553
552,575
553,554
553,576
554,555
554,577
1549,620
1549,1526
1549,1548
556,973
620,619
620,621
557,625
557,729
557,1125
599,576
599,622
599,644
903,904
903,926
797,774
797,820
995,972
995,1018
1082,690
1082,691
538,561
538,1213
538,1080
1213,712
1213,1214
1213,1215
1080,1060
1080,1078
1080,1079
714,1476
714,1168
714,1299
1322,757
1322,1302
1212,992
564,761
564,565
546,656
546,831
546,874
656,679
656,789
831,832
874,897
874,875
547,657
547,914
657,1178
657,1200
657,1376
914,891
914,913
571,550
571,572
571,1417
701,724
701,856
701,1156
550,573
573,572
573,574
573,596
574,575
574,597
575,576
577,622
577,642
577,775
973,950
973,972
973,996
625,624
625,1105
729,706
729,728
729,752
1125,690
1125,1123
1126,1124
1126,1127
1235,647
1235,758
1256,1255
1299,1279
1299,1300
560,1409
1409,1387
1298,758
1298,1278
1298,1279
761,1581
565,785
785,568
785,939
785,786
786,961
786,1160
1049,787
568,1048
568,1201
1048,700
1048,744
1048,873
1201,611
1201,1177
569,570
569,592
570,1200
570,1332
570,1397
592,593
592,615
1200,680
1332,1309
1332,1331
1397,1374
1397,1420
572,593
572,595
1417,596
593,594
593,833
595,594
595,618
595,835
596,597
596,619
597,598
622,621
622,623
642,619
642,641
775,752
775,754
775,798
776,777
776,799
1038,644
1038,1061
819,818
819,842
1103,624
1103,713
1169,1150
1148,689
1148,691
1148,712
1344,1367
1344,1346
583,1366
583,1234
1366,757
1234,691
1234,1236
803,780
1583,1497
961,1224
787,899
787,1202
590,1114
590,917
590,1202
1114,1004
1114,1092
917,1071
917,1157
1202,875
615,594
615,616
594,617
833,613
833,834
833,1267
617,616
617,618
617,640
618,619
618,641
835,640
835,814
835,834
598,621
598,793
621,730
793,770
793,792
793,816
644,709
644,1170
820,843
1039,1062
1061,1084
605,1190
1190,1192
916,962
916,1070
611,1071
1071,721
1071,1050
612,918
918,741
918,1073
613,614
614,637
637,616
637,638
616,639
639,638
639,662
639,1398
640,641
640,663
641,664
730,707
623,624
623,1083
1083,754
1083,800
1083,1106
1105,691
1105,755
1105,1128
1300,1279
1300,1301
672,890
897,877
897,943
960,875
1134,1088
1181,1029
658,659
658,681
658,746
659,638
659,660
1289,1266
1289,1288
1289,1312
638,661
661,660
661,662
661,684
662,663
662,685
1398,1379
1398,1399
1398,1421
663,664
663,1528
664,685
664,752
1170,1345
1170,1150
645,1168
1168,757
1168,1149
1432,1455
1432,1387
655,766
766,767
766,789
679,680
789,790
789,1267
1178,1004
1178,1177
1376,900
1376,1353
681,660
681,680
681,682
746,769
684,685
684,707
1528,812
1528,1483
1528,1527
752,751
798,821
666,774
666,974
666,1017
666,1014
774,751
974,951
974,975
974,997
1014,991
1388,777
1388,1389
1388,1411
669,845
669,1257
669,1431
669,671
845,822
845,844
845,846
1257,779
1257,1151
1257,1238
1431,1194
1431,1454
671,736
890,867
890,889
890,891
852,1047
852,1115
677,808
677,1093
677,1115
677,699
808,1115
808,873
808,1159
1093,873
1115,744
699,898
811,1334
811,964
1268,700
1268,1249
1268,1269
682,705
682,1377
682,1462
705,704
705,706
705,728
1377,745
1377,1354
1462,813
1462,1461
1462,1551
706,707
689,1258
689,733
1258,1062
1258,1238
733,756
733,1145
690,1106
1106,1107
1106,1086
1047,698
1047,700
698,1069
1069,873
1069,962
898,1159
898,1486
700,1177
1177,1176
724,725
724,1355
856,855
856,857
856,878
1156,1155
725,704
725,726
857,834
704,727
727,726
727,728
727,750
728,751
755,1019
755,1345
778,779
1062,1085
712,1255
1476,801
1476,1477
1476,1499
1410,799
1136,1116
1136,1157
721,939
721,962
721,963
939,744
962,985
963,1487
963,1070
1204,1203
1204,1206
1290,809
1290,1291
1290,1292
1355,1354
1355,1313
726,749
749,748
749,750
750,751
754,1018
1280,1281
1280,1278
756,802
756,1323
756,1128
1145,1147
735,1214
1214,1195
1214,1215
1334,855
1334,1311
1247,809
1247,1224
1247,1226
745,768
768,767
768,769
768,791
769,748
769,770
748,771
748,924
771,770
924,925
924,947
1018,1019
1018,1041
1019,996
1019,1020
1345,1368
1345,1326
802,779
1323,777
1323,801
1128,1129
1128,1151
757,1236
1236,1215
1236,1237
1006,987
1006,1465
832,834
767,1311
767,1291
1311,1288
1311,1310
1291,1271
1291,1292
791,770
791,790
791,792
795,818
777,1367
799,822
799,1301
1367,1368
1367,1390
779,780
780,1389
1389,1390
1389,1412
899,788
790,813
790,1137
1267,810
1267,1266
813,792
813,1485
1137,810
1137,920
792,815
815,814
815,816
815,838
816,817
816,839
817,818
817,840
818,841
821,822
821,844
821,1411
1301,1194
1301,1302
801,1237
1237,1260
1237,1238
913,912
1159,810
1159,1139
809,1312
809,1116
1312,966
1116,1117
1116,1118
810,919
919,896
919,920
964,942
964,1203
812,984
812,1422
984,1225
984,1313
984,1157
1422,1421
1422,1423
1485,1484
1485,1441
814,837
814,1551
837,838
837,860
1551,1552
1551,1553
838,839
838,861
839,840
839,862
840,841
840,863
841,842
841,864
842,843
842,865
843,844
843,866
844,867
1411,1412
1411,1434
846,847
1454,1455
1454,1477
859,860
859,882
860,861
860,883
861,862
861,884
862,863
862,885
863,864
863,886
864,865
864,887
865,866
865,888
866,867
866,889
847,870
1269,1250
1095,985
1095,1094
854,1464
854,1487
854,1378
854,1399
1464,965
1464,1007
1464,1030
1487,1488
1378,1379
1378,1380
1399,1421
855,878
878,877
882,883
882,905
883,884
883,906
884,885
884,907
885,886
885,908
886,887
886,909
887,888
887,910
888,889
888,911
889,912
1042,1041
1042,1043
1042,1065
875,1466
1466,1465
876,877
876,943
877,900
943,966
904,905
904,927
905,906
905,928
906,907
906,929
907,908
907,930
908,909
908,931
909,910
909,932
910,911
910,933
911,912
911,934
912,935
891,1542
1542,1519
1542,1543
896,985
985,986
1486,942
1486,965
1486,1441
925,926
922,921
922,966
922,1420
926,927
926,949
927,928
927,950
928,929
928,951
929,930
929,952
930,931
930,953
931,932
931,954
932,933
932,955
933,934
933,956
934,935
934,957
1070,1004
1157,1155
1073,1072
1073,1074
920,921
920,1380
921,1531
921,1575
1380,1360
1380,1379
1531,1530
1575,1574
1575,1576
1575,1577
1420,1419
947,970
949,950
949,972
950,951
951,952
952,953
952,975
953,954
953,976
954,955
954,977
955,956
955,978
956,957
956,979
1203,987
1007,1119
942,1094
1094,1092
1248,1227
1248,1228
1248,1249
945,1555
945,1465
945,1572
1555,1554
1555,1574
1465,1441
1572,1552
1572,1574
975,976
975,998
976,977
976,999
977,978
978,979
978,1001
979,1002
1224,1225
1224,1226
965,1337
1337,1313
991,992
996,997
997,998
997,1020
998,999
998,1021
999,1022
1001,1002
1225,986
1225,1206
986,987
986,1009
1359,1360
1359,1379
1020,1021
1020,1043
1021,1022
1021,1239
1119,1117
1119,1118
1119,1120
1008,1530
1530,1510
1530,1529
1239,1129
1239,1216
1239,1262
1029,1554
1029,1553
1554,1552
1553,1031
1553,1552
1031,1120
1031,1053
1120,1139
1053,1051
1053,1054
1051,1050
1065,1240
1084,1107
1084,1086
1240,1217
1240,1263
1240,1346
1107,1086
1129,1152
1129,1109
1151,1109
1152,1304
1304,1281
1304,1305
1304,1261
1176,1309
1155,1109
1172,1192
1172,1193
1309,1308
1309,1310
1193,1216
1216,1217
1216,1195
1194,1217
1194,1192
1217,1218
1195,1218
1195,1215
1218,1241
1328,1305
1328,1327
1328,1329
1241,1264
1241,1260
1260,1238
1262,1263
1262,1285
1262,1261
1263,1264
1263,1286
1346,1327
1264,1287
1285,1286
1285,1308
1286,1287
1286,1505
1287,1288
1287,1310
1281,1282
1281,1519
1282,1305
1282,1261
1307,1308
1307,1330
1308,1331
1505,1482
1505,1504
1505,1506
1302,1303
1302,1325
1303,1326
1303,1261
1303,1327
1326,1325
1326,1327
1329,1330
1329,1352
1330,1331
1330,1353
1331,1354
1325,1348
1348,1349
1348,1369
1348,1371
1352,1353
1353,1354
1506,1507
1506,1529
1368,1369
1368,1391
1370,1369
1370,1371
1370,1393
1349,1371
1349,1372
1373,1372
1373,1374
1373,1396
1390,1391
1390,1413
1369,1392
1391,1392
1391,1414
1392,1393
1392,1394
1371,1372
1393,1394
1372,1395
1395,1394
1395,1396
1395,1440
1396,1419
1412,1413
1412,1435
1413,1414
1413,1436
1414,1437
1434,1435
1434,1457
1435,1436
1435,1458
1436,1437
1436,1459
1437,1438
1437,1460
1438,1461
1455,1456
1455,1478
1456,1457
1456,1479
1457,1458
1457,1480
1458,1459
1458,1481
1459,1460
1459,1482
1460,1461
1460,1483
1461,1484
1440,1441
1477,1478
1477,1500
1478,1479
1478,1501
1479,1480
1479,1502
1480,1481
1480,1503
1481,1482
1481,1504
1482,1483
1483,1484
1499,1500
1499,1522
1500,1501
1500,1523
1501,1502
1501,1524
1502,1503
1502,1525
1503,1504
1503,1526
1504,1527
1521,1522
1521,1544
1522,1523
1522,1545
1523,1524
1523,1546
1524,1525
1524,1547
1525,1526
1525,1548
1526,1527
1507,1529
1543,1544
1544,1545
1545,1546
1546,1547
1547,1548
1050,1072
1060,1079
1072,1074
1072,1092
1077,1078
1077,1097
1078,1079
1086,1088
1088,1109
1097,1117
1097,1118
1117,1118
1122,1123
1122,1124
1122,1142
1123,1124
1127,1147
1127,1149
1127,1150
1139,1140
1140,1142
1147,1149
1149,1150
1186,1206
1226,1227
1226,1228
1227,1228
1227,1249
1249,1250
1271,1292
1278,1279
1364,1387
1387,1408
1421,1423
1423,1445
1426,1445
1453,1497
1497,1540
1510,1529
1574,1576
1576,1577
