43.13280083958869 0.8962053837345271 2611.544519214965 
41.27680667335948 0.9188658915732677 2307.064808879212 
42.146213905845265 0.9174570699606261 2400.698984977163 
41.01515570601409 0.8906308713039173 2414.68035451385 
40.42577098196628 0.8925960489706364 2327.2657776755937 
41.05605957451902 0.9085908123126946 2309.444743732039 
39.80887510114029 0.9068080805780897 2281.6987160818926 
41.14193697734674 0.9187867167967938 2221.3038152977347 
41.11505405098039 0.8977840644199976 2256.722444526102 
40.12048672544525 0.885680706122979 2306.9448238736877 
41.521497081240334 0.9147333364084594 2459.9318885813323 
39.90385801738555 0.8849024872747027 2236.777017982302 
39.995512076549666 0.9122980791319424 2178.145916871427 
39.75997190116269 0.8864008815553566 2282.538103038383 
41.287529885478364 0.9231289589144286 2362.2014297999 
40.17083728036277 0.9192742695357269 2179.142169585296 
39.99726990092326 0.8889083737144826 2208.485555214576 
41.06296061838579 0.9075877464290023 2320.996183551889 
39.72643598793742 0.8868478751217745 2273.994057840733 
41.0464130652385 0.9155096320605555 2328.262736685354 
41.384005413840185 0.9042094548540515 2319.321427194039 
39.70360132605108 0.8864700150291889 2269.8730334051224 
41.27422620958358 0.9138215492316579 2349.921694970127 
41.165539255362845 0.9323184029573126 2296.8250392870254 
40.97694756663978 0.9155164154074125 2327.055463049509 
41.474658422177484 0.9180118882307551 2258.357381336169 
41.27940839386877 0.9104562224322277 2305.3088191473707 
39.92831318024279 0.8906569571342199 2133.136845941763 
39.90948740775649 0.8863375540842544 2246.1697678201213 
41.2126394528374 0.9096623589407852 2315.543166480852 
41.18037820090254 0.9044788790797834 2348.493799138275 
39.923990606190564 0.914949296366746 2210.8341996454465 
40.33434041784261 0.9000833586408902 2294.6914175676357 
39.9419338689754 0.9070449036651975 2106.396266609271 
40.91874942401947 0.9291093144723771 2228.4414781916 
39.9990604304543 0.8783163400403435 2267.957286283044 
40.58947480245659 0.9145724656366503 2228.6628253444137 
39.94381535321319 0.9018918128231884 2200.3814519223215 
40.92189215609603 0.8966205932602387 2325.560812619496 
39.985434424685664 0.8916106382087621 2262.0113011339295 
40.03105012407945 0.9106440917645527 2222.4130545439007 
39.948050005089314 0.90569216816238 2150.5581298998186 
40.34532899913815 0.9149098624270697 2244.9016816939593 
39.94599922979073 0.9164879821147878 2227.2892245172807 
40.162270786904294 0.9063134080198144 2297.487421735903 
39.98896985609155 0.8942581503983728 2268.711966859693 
39.926855360284826 0.8938460942960105 2321.4451406141197 
39.99340914250224 0.8908074135916213 2185.672373319098 
39.56845418746446 0.8791720350466454 2225.5801904216414 
39.977932284982046 0.889764288616748 2249.4190459867023 
39.75997190116269 0.8864008815553566 2282.538103038383 
39.90293211878276 0.8944593615807142 2218.195455938878 
39.72643598793742 0.8868478751217745 2273.994057840733 
39.979021267160945 0.8776068306755666 2143.082392268864 
39.985437694814905 0.9175593392754787 2194.0088277471377 
39.84503252691944 0.9000729550314586 2237.3892792686697 
39.70360132605108 0.8864700150291889 2269.8730334051224 
39.99973417271919 0.9096143967157856 2146.3435304187137 
39.916048886164276 0.896225254323359 2211.347752628636 
39.95182585754303 0.9116271346884016 2254.8218513324673 
39.97720218724851 0.8976340598987463 2260.588717464903 
39.950240503503416 0.8762769476465775 2256.360604878593 
39.71320893828645 0.9050710246839665 2201.741599422646 
39.91022666188471 0.9057959952517942 2247.4473774161133 
39.73631389190411 0.9196530580356173 2248.8212913131633 
39.64197613352213 0.8861666178872941 2270.472861188357 
39.59372108582402 0.8873268586078302 2269.0602274715156 
39.93542089076901 0.8979426945845645 2201.5825069813304 
39.9291568945168 0.8885935912767793 2256.255981391349 
38.95227901397599 0.9040519763610104 2105.117067705172 
39.58253738558319 0.8876737418662387 2267.004313734152 
39.5566417216308 0.8860535249006685 2254.7314661556834 
39.82382125866084 0.92485029453031 2163.756785864731 
39.51675481261691 0.8874059628987168 2253.6302258675178 
39.50022929631941 0.8875499863789994 2253.127775011786 
39.49240315612658 0.8874326953646211 2252.2173815257847 
39.971965568882496 0.9113603959185228 2265.1249170370443 
39.78915001974551 0.9018979752934501 2228.029522173511 
39.464435678472896 0.8873364937333246 2250.5204687628316 
39.46345765135899 0.8875739454729092 2251.3220975183317 
39.491212563178564 0.8875504266675207 2252.0837916704427 
39.79161342464616 0.9076695786230268 2201.1065336147994 
39.485936182003364 0.8876657340678626 2252.287546991642 
39.475033732841595 0.8879543132824217 2250.3277221256317 
39.45441792337266 0.8875320243633877 2249.434354613672
39.43854914184755 0.8863618482809302 2248.045714764717 
39.463251697816204 0.8875773554709705 2251.374773638761 
39.46044070460398 0.887562692531024 2249.572741502526 
39.83150804982119 0.887639981654386 2139.3048519700315 
39.457614155177374 0.8875038945234214 2247.7978159709965 
39.43771809729316 0.886533608910711 2248.0757248190394 
39.41485950515806 0.917092205732442 2202.1567711156777 
39.43768992350274 0.886499830248701 2248.079249492827 
39.84729803768224 0.8962151411092728 2248.8797029485995
39.43614359995008 0.8874559217603578 2248.042791482993 
39.435955865629786 0.8874643023803006 2247.8746219946493 
39.43317862783873 0.887556925398122 2248.4058723904104 
39.432913645055514 0.8875152673297817 2248.1693789391716
39.432884024038195 0.887530061567477 2248.202326643549 
39.43267697230994 0.8875026097346129 2248.1754209389887 
39.427753418908246 0.8876153756339396 2247.517757316075
39.25969061442825 0.890396765585904 2247.5875949628066
39.251021284269456 0.8905404702410203 2229.573038118343
39.23330936657383 0.8976539179996618 2229.75739612419
39.198616438746114 0.8995176866274999 2220.2909792600035
39.15901187130204 0.9006716795513872 2214.2014062667204
39.15545581206033 0.9009493683029152 2210.956103048368
39.150780468857114 0.9016163156740533 2211.493791988732
39.131763083454274 0.9016857955933986 2211.2414325408517
39.1271540036043 0.9018474052500962 2208.942658075905
39.123626747353576 0.903493445124998 2209.119665667281
39.11197745838494 0.9048561731793914 2209.59312518064
39.052057684131356 0.9122579450338597 2185.2900509208516
39.049511954524895 0.9125112770969741 2163.16198217522
39.04950961789532 0.9125150738907897 2163.7067740203706
39.04936237531815 0.9125536609726153 2163.6310671846686
39.04825775792716 0.9127389143024518 2163.564924852403
39.04666375058082 0.9198862642886799 2163.439923879246
39.04133093014847 0.9199920718560208 2160.938064399039
39.04056031145221 0.9199926167042193 2159.67450034715
39.039996720198054 0.9213026244295732 2159.887901074111
39.02000211225715 0.9214945130154041 2158.5481447905004
39.01619812737282 0.9217398236001446 2153.4591899454917
39.014509039665214 0.9217782588076632 2152.2167200718486
39.00415695477304 0.9219379385241241 2151.912781088684
39.00242119784277 0.9221238689160353 2151.6373348314014
39.00088628744711 0.9221895166485563 2151.6600592611967
39.00085910815583 0.9221895192262144 2154.359289423715
39.000424972492496 0.9222483730367618 2154.3982251437437
38.98922066737184 0.9227629278064131 2153.3612012440963
38.98369755117039 0.9227662310779163 2153.080761129796
38.97665058167192 0.9229552471719272 2158.9546768188516
38.975476187969214 0.9235562692110872 2161.8314593255127
38.97112336022318 0.9264865662280573 2161.079358163538
38.97005396352976 0.9268351875283619 2161.9229290691696
38.96736694362412 0.9268522512184945 2161.695185021639
38.9661831579442 0.9275052360115154 2161.3271768898994
38.96517996564455 0.9275123324051073 2162.405196057244
38.95420151203004 0.9275817585347692 2162.103112983883
38.94829910903715 0.9276038986382482 2161.9265575467293
38.94580715048679 0.927605456743369 2160.5024912637095
38.94577820040783 0.9276054649252857 2159.7938650679453
38.942267378995886 0.927730275079194 2159.808541863253
38.93711153562179 0.9277322937711401 2160.8479768993043
38.93181778119077 0.9278216730562436 2162.806894423962
38.931235118722235 0.9278225518158171 2164.719034686235
38.93112388236758 0.9278234969556873 2164.696417782263
38.92593426925833 0.9278254645967715 2164.679785408249
38.911158292113846 0.9289299309827567 2164.9805007370296
38.89281133873236 0.9290002641126016 2163.223959452245
38.89171395975628 0.9290004022441986 2151.1187660006904
38.86056234460092 0.9293484057109199 2150.3411070395055
38.84508035119533 0.9298232857277087 2146.344531111583
38.8393879038647 0.9298422211202304 2138.044158109938
38.829688692125586 0.9298771724776014 2138.5847779679934
38.812972436597846 0.9301063489936939 2137.990058468178
38.802056085300826 0.9304809077007051 2135.4826875702042
38.80183487545429 0.9304809825590156 2140.714364272402
38.75868154840219 0.9305685663989044 2140.7078070630296
38.75867642485712 0.9305685682371931 2139.5767123228043
38.7528934075207 0.9309492032234106 2139.5708851682275
38.74702323140748 0.931357512871265 2135.166360752633
38.746414901249814 0.931420181185079 2131.9612625595632
38.74326100558488 0.9315394068594103 2128.8121585997933
38.74310654272608 0.931539460131768 2127.5672317070457
38.7430396137884 0.9315550379629406 2127.5152787805077
38.721932124039085 0.9317609912594349 2127.511730460956
38.72191037033354 0.9317615734406209 2113.8203649770567
38.68330536133259 0.9321425926569972 2113.821948812413
38.68327925224853 0.9321449229872736 2108.031536677346
38.65353038511091 0.9346091121151304 2108.048318130178
38.652944230733496 0.9408754088515765 2097.5653262647197
38.65274016008082 0.9409211450012278 2097.6166084397905
38.64600192617486 0.9412093043563179 2095.992251605089
38.63179811319339 0.9417304052762012 2095.9328494299816
38.62845222834442 0.9420523393594943 2094.6955996108077
38.62842032523984 0.9424489625641103 2093.831502621407
38.601433431235286 0.9425903438647528 2087.237659141778
38.59706384991265 0.9425975152360196 2089.6311155920553
38.594355634794894 0.9426117133353903 2088.84985902638
38.59396910719392 0.9426172429442105 2088.552219149712
38.59188119735987 0.942624808870309 2088.3838751706767
38.57955301972853 0.9427688768475012 2088.6148555121404
38.57954582335511 0.9427688782199611 2089.4053555475916
38.53053722553458 0.9429192189067898 2089.4184485075434
38.530126267743285 0.9429193921953801 2093.9052133933596
38.51671715534637 0.9433457713796628 2093.8649644263637
38.51275251157499 0.9433472915668245 2087.9816532619125
38.50572873282325 0.9434292755615659 2088.3146033282765
38.505699495557245 0.9434292841761576 2087.997357872047
38.50556518399455 0.9434294356818027 2087.9877528170955
38.50347678119855 0.9434357349522744 2087.9631780567697
38.50336111627315 0.9434921755420977 2088.1126578634094
38.500752990323775 0.9435236121801619 2087.1826356190095
38.49409661521694 0.9436783374236166 2084.684715261631
38.492264471821514 0.9437169655665164 2083.5097675644893
38.492254015050925 0.9437430454793259 2082.676784246
38.49203927037895 0.943743315791173 2082.6893779625116
38.489436500891955 0.9437702836228029 2082.6046178570446
38.48659111059189 0.9437933097903358 2080.046550291437
