0,46
0,933
0,45
0,151
1,822
1,1216
1,131
1,935
2,1479
2,1413
2,1370
2,1344
3,845
3,1150
3,979
3,1499
4,1154
4,134
4,68
4,202
5,24
5,1569
5,377
5,1521
6,1348
6,1218
6,1217
6,93
7,28
7,1462
7,1440
7,641
8,554
8,596
8,181
8,661
9,707
9,183
9,162
9,616
10,119
10,1506
10,551
10,639
11,813
11,575
11,901
11,880
12,1009
12,1441
12,704
12,1551
13,920
13,59
13,1334
13,1225
14,1293
14,988
14,1139
14,1251
15,1120
15,1161
15,1099
15,989
16,1270
16,38
16,1380
16,214
17,387
17,1472
17,169
17,1471
18,190
18,433
18,1492
18,256
19,323
19,431
19,1536
19,738
20,108
20,346
20,674
20,106
21,519
21,606
21,303
21,1562
22,68
22,781
22,197
22,694
23,888
23,1171
23,1346
23,868
24,1065
24,1457
24,91
25,1084
25,978
25,1063
25,1346
26,1460
26,1416
26,179
26,50
27,28
27,401
27,113
27,1328
28,1305
28,310
29,530
29,1352
29,268
29,228
30,748
30,139
30,550
30,1375
31,703
31,858
31,1420
31,488
32,1553
32,835
32,836
32,1421
33,1487
33,1012
33,770
33,35
34,54
34,1051
34,1312
34,1380
35,146
35,987
35,1269
36,1142
36,1182
36,209
36,1468
37,1491
37,1250
37,122
37,1119
38,520
38,301
38,1227
39,390
39,411
39,452
39,518
40,150
40,1404
40,235
40,1581
41,130
41,631
41,804
41,454
42,693
42,129
42,497
42,218
43,823
43,1408
43,739
43,219
44,779
44,1474
44,1542
44,1454
45,155
45,1043
45,803
46,92
46,1021
46,176
47,134
47,309
47,1153
47,1000
48,1459
48,1152
48,330
48,1240
49,50
49,1131
49,1373
49,353
50,93
50,398
51,663
51,574
51,248
51,226
52,206
52,594
52,532
52,75
53,1418
53,1508
53,707
53,1571
54,97
54,1527
54,55
55,1076
55,1420
55,1510
56,1226
56,1400
56,1097
56,989
57,1575
57,1555
57,1033
57,880
58,1530
58,321
58,1470
58,1338
59,1426
59,1488
59,1098
60,389
60,167
60,1360
60,1448
61,1317
61,1491
61,1403
61,280
62,126
62,453
62,585
62,498
63,1406
63,608
63,325
63,304
64,868
64,260
64,652
64,435
65,806
65,259
65,914
65,692
66,154
66,716
66,977
66,693
67,1411
67,1562
67,1237
67,265
68,954
68,1020
69,156
69,1564
69,71
69,1566
70,1456
70,332
70,1284
70,400
71,507
71,1437
71,1174
72,314
72,157
72,1570
72,464
73,661
73,663
73,245
73,357
74,683
74,465
74,531
74,1573
75,229
75,422
75,772
76,1573
76,790
76,965
76,1551
77,207
77,1553
77,945
77,123
78,102
78,1162
78,121
78,1467
79,921
79,1466
79,143
79,1162
80,213
80,1339
80,1360
80,146
81,1318
81,1579
81,1401
81,1489
82,105
82,452
82,1514
82,1251
83,324
83,347
83,1448
83,1534
84,739
84,671
84,628
84,1492
85,673
85,152
85,542
85,605
86,501
86,348
86,892
86,109
87,154
87,172
87,176
87,783
88,891
88,803
88,1064
88,108
89,218
89,847
89,1304
89,1303
90,1023
90,178
90,868
90,955
91,1348
91,110
91,200
92,246
92,134
92,1457
93,488
93,1567
94,288
94,553
94,136
94,378
95,355
95,442
95,334
95,444
96,573
96,837
96,185
96,1505
97,1507
97,160
97,708
98,966
98,185
98,187
98,293
99,707
99,1552
99,793
99,834
100,1074
100,1206
100,1251
100,1422
101,1164
101,1466
101,1532
101,124
102,1313
102,1469
102,1205
103,256
103,1032
103,1576
103,1163
104,1358
104,1209
104,386
104,368
105,213
105,1534
105,366
106,608
106,343
106,1404
107,522
107,499
107,475
107,390
108,651
108,630
109,305
109,544
109,695
110,285
110,1152
110,308
111,911
111,912
111,846
111,1370
112,1194
112,1128
112,1391
112,1369
113,1022
113,1284
113,1457
114,1261
114,399
114,1282
114,1283
115,1393
115,135
115,553
115,1566
116,377
116,533
116,573
116,293
117,445
117,289
117,1528
117,490
118,771
118,747
118,120
118,378
119,423
119,205
119,793
120,947
120,1097
120,904
121,166
121,232
121,1529
122,1010
122,1424
122,1142
123,1185
123,966
123,1487
124,167
124,278
124,1274
125,280
125,455
125,368
125,1207
126,150
126,1491
126,1362
127,343
127,607
127,1513
127,235
128,170
128,1581
128,192
128,326
129,849
129,519
129,719
130,521
130,414
130,456
131,804
131,1086
131,955
132,869
132,1174
132,373
132,827
133,1304
133,266
133,243
133,1542
134,178
135,1480
135,376
135,220
136,1372
136,1325
136,200
137,268
137,1372
137,244
137,1328
138,1394
138,288
138,249
138,1307
139,1528
139,1549
139,446
140,159
140,530
140,160
140,770
141,184
141,595
141,599
141,619
142,361
142,770
142,924
142,598
143,947
143,228
143,252
144,1010
144,1077
144,1144
144,946
145,1404
145,1294
145,318
145,1253
146,168
146,191
147,1471
147,258
147,212
147,168
148,346
148,1294
148,1315
148,456
149,150
149,1382
149,411
149,1578
150,543
151,1539
151,543
151,236
152,826
152,1496
152,587
153,216
153,893
153,936
153,304
154,933
154,351
155,1153
155,263
155,352
156,1437
156,1129
156,1238
157,1395
157,158
157,352
158,226
158,1240
158,1374
159,1570
159,1545
159,269
160,337
160,1483
161,421
161,728
161,511
161,401
162,709
162,250
162,466
163,532
163,857
163,361
163,708
164,294
164,1531
164,1572
164,923
165,252
165,187
165,1032
165,1031
166,1401
166,1316
166,208
167,1229
167,1253
168,301
168,1230
169,257
169,1578
169,1405
170,236
170,1296
170,606
171,474
171,1472
171,476
171,195
172,586
172,608
172,323
173,476
173,327
173,1516
173,541
174,957
174,1001
174,1002
174,412
175,1066
175,348
175,1089
175,718
176,892
176,871
177,977
177,309
177,1521
177,310
178,1285
178,1131
179,1241
179,310
179,1327
180,1502
180,313
180,244
180,1263
181,1373
181,1501
181,1567
182,398
182,684
182,376
182,224
183,1570
183,381
183,1482
184,313
184,748
184,750
185,1551
185,682
186,792
186,641
186,945
186,1099
187,1186
187,316
188,1075
188,1230
188,926
188,1144
189,1510
189,1359
189,1382
189,319
190,1401
190,1077
190,232
191,1579
191,453
191,364
192,431
192,302
192,1403
193,1493
193,1427
193,326
193,345
194,589
194,784
194,737
194,695
195,630
195,674
195,826
196,217
196,913
196,697
196,347
197,391
197,1583
197,609
198,221
198,1177
198,1284
198,352
199,201
199,374
199,1176
199,331
200,1173
200,1567
201,378
201,485
201,287
202,1327
202,248
202,287
203,1547
203,311
203,1523
203,1439
204,533
204,795
204,661
204,1524
205,817
205,446
205,858
206,967
206,773
206,796
207,249
207,555
207,839
208,817
208,1056
208,708
209,1166
209,338
209,858
210,1206
210,362
210,383
210,1470
211,1556
211,1232
211,1097
211,428
212,279
212,233
212,1271
213,1294
213,279
214,1560
214,584
214,388
215,499
215,719
215,327
215,279
216,632
216,454
216,260
217,501
217,435
217,829
218,1022
218,935
219,828
219,891
219,1153
220,371
220,980
220,977
221,957
221,286
221,893
222,1175
222,1042
222,1198
222,1347
223,1216
223,1395
223,440
223,1414
224,1436
224,531
224,466
225,1371
225,597
225,489
225,1547
226,1460
226,1480
227,596
227,553
227,686
227,639
228,336
228,643
229,664
229,1012
229,423
230,384
230,492
230,425
230,272
231,1141
231,1078
231,1273
231,250
232,1075
232,970
233,1230
233,276
233,1384
234,1358
234,299
234,496
234,1293
235,475
235,1209
236,237
236,1535
237,347
237,388
237,564
238,1494
238,497
238,565
238,871
239,241
239,457
239,610
239,653
240,393
240,545
240,870
240,916
241,460
241,1045
241,738
242,1069
242,1000
242,417
242,1132
243,1220
243,354
243,1521
244,246
244,1371
245,1371
245,1438
245,506
246,1415
246,335
247,1416
247,400
247,1373
247,356
248,293
248,360
249,448
249,270
250,686
250,882
251,489
251,924
251,427
251,426
252,1121
252,837
253,1208
253,1076
253,1121
253,277
254,451
254,1469
254,1122
254,946
255,1210
255,1340
255,299
255,1514
256,1165
256,1446
257,540
257,324
257,1577
258,411
258,1538
258,344
259,455
259,585
259,739
260,371
260,392
261,781
261,348
261,716
261,262
262,763
262,849
262,327
263,740
263,524
263,306
264,1000
264,287
264,460
264,1088
265,483
265,1327
265,308
266,311
266,1260
266,1044
267,1243
267,1523
267,1417
267,1219
268,487
268,444
269,663
269,1503
269,443
270,772
270,640
270,401
271,622
271,1549
271,338
271,642
272,579
272,751
272,359
273,402
273,1056
273,445
273,1012
274,469
274,947
274,406
274,751
275,320
275,946
275,1273
275,1209
276,406
276,322
276,925
277,409
277,1187
277,1122
278,1232
278,1426
278,451
279,1273
280,1340
280,1559
281,500
281,805
281,1537
281,366
282,302
282,546
282,565
282,717
283,762
283,936
283,566
283,650
284,979
284,501
284,390
284,956
285,894
285,653
285,829
286,1134
286,1067
286,1132
287,1111
288,1286
288,1240
289,376
289,1525
289,1351
290,463
290,332
290,1461
290,1350
291,642
291,377
291,1439
291,358
292,597
292,578
292,1547
292,510
293,928
294,426
294,992
294,925
295,859
295,404
295,905
295,380
296,1209
296,1296
296,298
296,1056
297,1296
297,1055
297,1033
297,1120
298,1469
298,1210
298,319
299,1208
299,432
300,1536
300,1275
300,1339
300,409
301,1406
301,1295
302,414
302,1493
303,589
303,631
303,346
304,915
304,781
305,719
305,718
305,456
306,547
306,698
306,761
307,935
307,505
307,1065
307,1197
308,372
308,1197
309,1153
309,1546
310,418
311,1459
311,1351
312,552
312,355
312,1285
312,462
313,1523
313,334
314,532
314,685
314,1505
315,490
315,705
315,465
315,358
316,424
316,925
316,904
317,814
317,664
317,969
317,359
318,840
318,1013
318,928
319,1252
319,516
320,1297
320,408
320,1167
321,1360
321,385
321,1427
322,1494
322,429
322,1319
323,343
323,434
324,455
324,1580
325,458
325,1580
325,344
326,566
326,652
327,718
328,979
328,917
328,850
328,1089
329,373
329,740
329,417
329,1175
330,1349
330,1069
330,1156
331,461
331,1134
331,333
332,1287
332,1217
333,1372
333,1526
333,1440
334,400
334,575
335,487
335,1546
335,446
336,664
336,534
336,927
337,557
337,619
337,796
338,928
338,536
339,512
339,731
339,881
339,599
340,967
340,947
340,1011
340,382
341,1317
341,1341
341,1058
341,1056
342,384
342,1361
342,1273
342,1557
343,1515
344,563
344,430
345,1340
345,562
345,1538
346,739
347,763
348,545
349,717
349,740
349,764
349,587
350,1004
350,1090
350,826
350,393
351,1090
351,1308
351,958
352,353
353,1154
353,1264
354,399
354,441
354,1460
355,1482
355,485
356,485
356,1483
356,639
357,665
357,684
357,466
358,595
358,618
359,620
359,577
360,840
360,754
360,514
361,1011
361,1100
362,472
362,1059
362,580
363,1317
363,1013
363,1165
363,383
364,1272
364,1058
364,1578
365,1359
365,1404
365,408
365,1577
366,1580
366,1383
367,369
367,563
367,431
367,565
368,588
368,1558
369,806
369,1558
369,499
370,392
370,765
370,695
370,917
371,457
371,1045
372,872
372,1026
372,983
373,1070
373,1067
374,614
374,481
374,1375
375,463
375,1219
375,1132
375,1156
376,1527
377,1527
378,400
379,576
379,1549
379,447
379,771
380,882
380,771
380,447
381,555
381,578
381,841
382,579
382,906
382,1034
383,819
383,1057
384,1252
384,971
385,1317
385,450
385,406
386,1276
386,1185
386,1472
387,1364
387,1188
387,1253
388,1364
388,607
389,432
389,1513
389,435
390,696
391,436
391,564
391,960
392,851
392,652
393,503
393,632
394,1221
394,938
394,786
394,395
395,959
395,1068
395,1131
396,982
396,1374
396,1331
396,504
397,1480
397,1349
397,485
397,1176
398,1199
398,1262
399,508
399,574
401,641
402,685
402,596
402,859
403,598
403,795
403,601
404,580
404,492
404,513
405,667
405,469
405,1168
405,971
406,1319
407,471
407,1385
407,1361
407,1384
408,540
408,1407
409,1514
409,410
410,1403
410,430
410,1363
411,496
412,1516
412,432
412,827
413,828
413,742
413,676
413,761
414,609
414,676
415,479
415,567
415,548
415,1005
416,805
416,1066
416,440
416,722
417,502
417,1197
418,1201
418,1131
418,1091
419,1524
419,616
419,1393
419,1548
420,1569
420,550
420,615
420,1373
421,576
421,1481
421,1568
422,510
422,1504
422,509
423,816
423,554
424,426
424,728
424,729
425,1013
425,728
425,863
426,555
427,1037
427,1146
427,429
428,1340
428,1016
428,624
429,1079
429,1166
430,1451
430,451
431,628
432,498
433,453
433,587
433,498
434,520
434,1560
434,783
435,1003
436,1045
436,633
436,697
437,613
437,785
437,547
437,1023
438,1201
438,460
438,1309
438,741
439,1112
439,592
439,484
439,1176
440,1045
440,1088
441,614
441,615
441,1524
442,1309
442,1462
442,1461
443,617
443,486
443,1568
444,574
444,707
445,467
445,794
446,535
447,448
447,513
448,928
448,732
449,1037
449,994
449,667
449,1057
450,884
450,495
450,731
451,539
452,1101
452,1188
453,517
454,476
454,1559
455,566
456,608
457,851
457,892
458,1027
458,480
458,743
459,961
459,1001
459,853
459,1114
460,1157
461,873
461,1090
461,1242
462,636
462,703
462,613
463,1200
463,1351
464,1503
464,506
464,553
465,532
465,511
466,662
467,774
467,818
467,618
468,534
468,750
468,623
468,815
469,643
469,576
470,1255
470,841
470,884
470,686
471,1035
471,1122
471,709
472,1145
472,559
472,991
473,1450
473,1102
473,1319
473,1537
474,1383
474,1210
474,1253
475,1426
475,1451
476,1470
477,500
477,760
477,586
477,653
478,501
478,914
478,696
478,738
479,895
479,699
479,481
480,980
480,697
480,829
481,850
481,939
482,810
482,723
482,657
482,1178
483,1135
483,1266
483,1048
484,1047
484,528
484,1375
486,1417
486,1459
486,1503
487,508
487,1572
488,1505
488,599
489,727
489,1571
490,666
490,534
491,512
491,973
491,1035
491,1080
492,1017
492,535
493,690
493,1058
493,884
493,579
494,559
494,1343
494,906
494,863
495,1058
495,649
495,583
496,1535
496,1450
497,649
497,1535
498,564
499,761
500,588
500,695
502,544
502,545
502,982
503,870
503,611
503,936
504,1046
504,959
504,1289
505,1047
505,809
505,745
506,1223
506,1264
507,1572
507,1484
507,1308
508,618
508,1570
509,706
509,726
509,1481
510,729
510,1571
511,773
511,600
512,839
512,598
513,515
513,1212
514,1187
514,1060
514,1188
515,624
515,1320
515,1078
516,1407
516,537
516,1277
517,1517
517,1383
517,1189
518,1448
518,603
518,1365
519,1495
519,1428
520,628
520,1559
521,806
521,871
521,1558
522,830
522,1004
522,850
523,849
523,827
523,741
524,937
524,1068
524,984
525,1158
525,570
525,678
525,527
526,1049
526,742
526,592
526,1111
527,701
527,612
527,1026
528,1242
528,1438
528,1526
529,618
529,747
529,682
529,680
530,1549
530,682
531,1526
531,576
533,927
533,815
534,903
535,795
535,992
536,949
536,1124
536,1277
537,1102
537,1034
537,819
538,1362
538,1322
538,1060
538,1233
539,1187
539,648
539,647
540,669
540,691
541,1582
541,605
541,780
542,1452
542,1427
542,564
543,545
543,807
544,872
544,960
546,1112
546,698
546,1070
547,570
547,590
548,702
548,895
548,1264
549,1333
549,1245
549,1134
549,743
550,1376
550,592
551,662
551,1288
551,1329
552,706
552,1550
552,1482
554,1569
554,619
555,730
556,838
556,1035
556,1102
556,773
557,774
557,1103
557,643
558,818
558,905
558,733
558,626
559,1297
559,799
560,711
560,1364
560,777
560,668
561,1405
561,650
561,1408
561,1366
562,604
562,1558
562,1579
563,1386
563,675
565,763
566,568
567,1070
567,722
567,721
568,657
568,894
568,1133
569,702
569,1265
569,1267
569,1070
570,1133
570,1156
571,1307
571,1266
571,1224
571,769
572,1353
572,1223
572,791
572,1485
573,1481
573,683
574,615
575,816
575,641
577,663
577,619
577,664
578,1035
578,665
579,991
580,1147
580,887
581,1276
581,952
581,974
581,623
582,715
582,1473
582,1341
582,1496
583,1341
583,1318
583,780
584,669
584,1342
584,715
585,1406
585,1516
586,1496
586,1494
587,872
588,848
588,1004
589,1024
589,652
590,1222
590,1005
590,919
591,941
591,633
591,786
591,872
592,1330
593,898
593,1506
593,612
593,1397
594,1332
594,1507
594,1484
595,727
595,1464
596,597
597,598
599,1015
600,861
600,1191
600,864
601,1018
601,1277
602,905
602,885
602,820
602,1320
603,1017
603,865
603,735
604,669
604,1582
604,1147
605,1582
605,822
606,1452
606,1450
607,805
607,1429
609,610
609,915
610,722
610,1069
611,696
611,958
611,1115
612,853
612,1025
613,1090
613,766
614,833
614,1200
615,1243
616,1573
616,1485
617,1354
617,1417
617,706
620,837
620,642
620,860
621,644
621,753
621,622
621,970
622,774
622,797
623,1014
623,882
624,952
624,1254
625,756
625,1388
625,778
625,1060
626,733
626,777
626,1431
627,1385
627,670
627,1212
627,1321
628,1410
629,651
629,762
629,1581
629,1406
630,1495
630,715
631,677
631,784
632,830
632,697
633,828
633,875
634,701
634,1202
634,1093
634,1003
635,1244
635,1203
635,743
635,766
636,1115
636,831
636,830
637,725
637,875
637,1440
637,1483
638,1484
638,813
638,834
638,1461
639,1548
640,1571
640,750
640,791
642,883
643,730
644,906
644,904
644,1189
645,775
645,690
645,1016
645,820
646,818
646,971
646,1276
646,1300
647,711
647,864
647,993
648,1582
648,1473
648,1362
649,672
649,824
650,651
650,736
651,784
653,848
654,938
654,674
654,656
654,1002
655,962
655,895
655,1137
655,829
656,1290
656,983
656,1180
657,1136
657,788
658,1310
658,1159
658,1506
658,1289
659,1330
659,680
659,1418
659,1374
660,899
660,1223
660,1551
660,1463
661,792
662,838
662,1441
665,903
665,881
666,927
666,729
666,1147
667,1277
667,752
668,1190
668,1082
668,1278
669,888
670,996
670,1211
670,975
671,1454
671,1541
671,1233
672,760
672,1450
672,1408
673,806
673,1517
673,869
674,716
675,785
675,720
675,721
676,940
676,873
677,765
677,916
677,810
678,1159
678,963
678,918
679,1247
679,875
679,917
679,764
680,1419
680,1158
681,834
681,1028
681,1115
681,725
682,1528
683,791
683,1419
684,903
684,1505
685,969
685,753
686,904
687,1101
687,776
687,907
687,842
688,926
688,1236
688,1061
688,1083
689,732
689,909
689,1301
689,1278
690,862
690,1082
691,712
691,1081
691,1473
692,1211
692,802
692,1473
693,714
693,1452
694,1493
694,761
694,823
696,870
698,1047
698,1115
699,1135
699,961
699,874
700,986
700,810
700,1309
700,897
701,920
701,1378
702,1440
702,1137
703,1485
703,1397
704,1378
704,768
705,1439
705,1484
705,1377
706,836
708,751
709,1124
709,752
710,885
710,994
710,1126
710,1036
711,1146
711,1015
712,1387
712,931
712,801
713,907
713,801
713,1476
713,798
714,737
714,845
714,1039
715,1385
716,848
717,1517
717,912
718,803
719,721
720,1047
720,807
720,1005
721,1113
722,1046
723,1421
723,1397
723,724
724,1331
724,896
724,1160
725,1287
725,1529
726,881
726,1420
726,1506
727,815
727,879
728,837
729,816
730,1014
730,732
731,1145
731,1123
732,1322
733,800
733,820
734,777
734,1342
734,888
734,1410
735,1148
735,1409
735,1105
736,1320
736,1453
736,1519
737,738
737,956
740,826
741,981
741,807
742,893
742,1202
743,1046
744,1030
744,1026
744,1224
744,1073
745,856
745,1331
745,1288
746,877
746,1508
746,1248
746,1376
747,878
747,1246
748,793
748,1508
749,856
749,838
749,751
749,1509
750,946
752,929
752,990
753,861
753,926
754,841
754,929
754,1235
755,1237
755,974
755,1344
755,1302
756,1430
756,1498
756,1125
757,776
757,1323
757,1193
757,1018
758,933
758,954
758,1563
758,822
759,867
759,1386
759,1540
759,825
760,849
760,935
762,807
762,873
763,958
764,939
764,808
765,828
765,788
766,809
766,1091
767,1071
767,1004
767,1179
767,1204
768,942
768,900
768,1289
769,1266
769,793
769,923
770,921
771,1530
772,774
772,840
773,794
775,992
775,798
775,1057
776,799
776,931
777,1257
778,1430
778,1342
778,798
779,1298
779,1539
779,1519
780,1453
780,909
781,1386
782,1562
782,913
782,934
782,915
783,981
783,851
784,805
785,850
785,1112
786,1181
786,1114
787,1356
787,1094
787,897
787,1005
788,877
788,1244
789,1092
789,1421
789,1048
789,1008
790,1050
790,1247
790,1205
791,1353
792,922
792,1550
794,990
794,1055
795,860
796,950
796,1038
797,1211
797,1169
797,971
798,1167
799,1015
799,951
800,1431
800,1105
800,1324
801,1497
801,1346
802,1518
802,1539
802,821
803,890
804,1561
804,847
808,1006
808,1025
808,916
809,1092
809,1158
810,1030
811,984
811,1464
811,1203
811,1181
812,1354
812,1463
812,1552
812,1074
813,1290
813,878
814,879
814,969
814,1553
815,902
816,840
817,1123
817,881
818,1036
819,1190
819,1038
820,1368
821,1171
821,1168
821,1303
822,1324
823,1039
823,825
824,1389
824,869
824,1538
825,1044
825,846
827,982
830,1028
831,1178
831,1355
831,1334
832,921
832,964
832,1485
832,1027
833,1292
833,1332
833,940
834,986
835,1379
835,836
835,923
836,1011
838,926
839,968
839,1034
841,1192
842,1300
842,1103
842,905
843,993
843,929
843,1412
843,1038
844,1190
844,1541
844,1255
844,1430
845,847
845,1280
846,1390
846,910
847,1065
848,891
851,896
852,1006
852,1046
852,983
852,1202
853,899
853,1222
854,1442
854,1182
854,965
854,1006
855,1573
855,1118
855,988
855,1136
856,857
856,1572
857,986
857,1052
858,1099
859,948
859,970
860,948
860,1080
861,969
861,991
862,993
862,1105
862,927
863,1169
863,1171
864,1168
864,1212
865,1389
865,1236
865,1172
866,1126
866,951
866,1278
866,1041
867,1127
867,999
867,1541
868,1540
869,892
870,1562
871,937
873,1025
874,1117
874,961
874,1248
875,1029
876,943
876,922
876,987
876,1509
877,1119
877,1312
878,1224
878,1314
879,1422
879,1529
880,1509
880,988
882,902
883,1078
883,950
883,990
884,1191
885,1123
885,1125
886,1062
886,1170
886,908
886,1039
887,889
887,1365
887,1432
888,1128
889,1150
889,1583
889,1476
890,1280
890,1151
890,1215
891,1432
893,978
894,1134
894,979
895,1025
896,940
896,1027
897,1201
897,1248
898,1355
898,1159
898,1335
899,922
899,1313
900,1075
900,1511
900,1292
901,1206
901,1398
901,1486
902,989
902,1053
903,1057
906,1146
907,992
907,1104
908,1019
908,1520
908,1303
909,1367
909,910
910,1583
910,1565
911,1020
911,1324
911,1066
912,1067
912,1022
913,1042
913,958
914,959
914,1002
915,1048
916,1071
917,985
918,963
918,1135
918,1267
919,1269
919,1270
919,1312
920,1182
920,1140
921,964
922,1423
923,1552
924,925
924,1031
929,972
930,1366
930,995
930,1236
930,1433
931,1235
931,1191
932,1457
932,1104
932,1172
932,1195
933,1259
934,1324
934,1041
934,1454
936,1021
937,1044
937,1068
938,957
938,1092
939,1246
939,1024
940,1091
941,1183
941,1269
941,1180
942,1226
942,1575
942,1071
943,1138
943,1029
943,1337
944,966
944,1182
944,1555
944,1443
945,1507
945,1228
948,1079
948,950
949,972
949,991
949,1103
950,1082
951,1366
951,1215
952,1302
952,1125
953,996
953,1389
953,1413
953,1299
954,998
954,1540
955,1085
955,1434
956,1455
956,1129
957,980
959,1200
960,1113
960,1072
961,1333
962,1312
962,1136
962,1161
963,1137
963,1334
964,1271
964,1117
965,987
965,1054
966,1139
967,968
967,1467
968,1574
968,1034
970,1231
972,1257
972,1015
973,1124
973,1344
973,1084
974,1016
974,976
975,1019
975,1563
975,1434
976,1061
976,1149
976,1348
977,1260
978,1497
978,1303
980,1113
981,1026
981,1154
982,1133
983,1177
984,1203
984,1117
985,1266
985,1183
985,1093
986,1006
987,1400
988,1053
989,1444
990,1143
993,1213
994,1167
994,1279
995,1063
995,1125
995,1102
996,1280
996,1477
997,1370
997,1474
997,1283
997,1433
998,1171
998,1412
998,1261
999,1519
999,1566
999,1390
1000,1544
1001,1130
1002,1044
1003,1155
1003,1088
1007,1554
1007,1399
1007,1420
1007,1576
1008,1399
1008,1137
1008,1490
1009,1355
1009,1486
1009,1359
1010,1055
1010,1574
1011,1229
1012,1100
1013,1121
1014,1103
1014,1037
1016,1145
1017,1234
1017,1124
1018,1216
1018,1301
1019,1387
1019,1544
1020,1498
1020,1150
1021,1064
1021,1456
1022,1522
1023,1042
1023,1130
1024,1156
1024,1197
1027,1113
1028,1157
1028,1267
1029,1423
1029,1378
1030,1336
1030,1424
1031,1337
1031,1207
1032,1228
1032,1293
1033,1488
1033,1316
1036,1231
1036,1167
1037,1123
1038,1083
1039,1194
1040,1193
1040,1477
1040,1149
1040,1279
1041,1106
1041,1369
1042,1259
1043,1305
1043,1111
1043,1109
1048,1290
1049,1335
1049,1072
1049,1400
1050,1289
1050,1313
1050,1443
1051,1116
1051,1227
1051,1139
1052,1141
1052,1529
1052,1577
1053,1469
1053,1095
1054,1445
1054,1295
1054,1055
1059,1101
1059,1080
1059,1169
1060,1189
1061,1257
1061,1321
1062,1477
1062,1149
1062,1258
1063,1174
1063,1282
1064,1170
1064,1282
1065,1456
1066,1089
1067,1068
1069,1135
1071,1225
1072,1093
1072,1288
1073,1271
1073,1204
1073,1118
1074,1094
1074,1355
1075,1445
1076,1295
1076,1140
1077,1381
1077,1165
1078,1189
1079,1234
1079,1297
1080,1299
1081,1166
1081,1254
1081,1323
1082,1321
1083,1478
1083,1499
1084,1192
1084,1345
1085,1218
1085,1388
1085,1304
1086,1392
1086,1434
1086,1498
1087,1155
1087,1176
1087,1107
1087,1241
1088,1155
1089,1265
1091,1178
1092,1377
1093,1161
1094,1225
1094,1356
1095,1467
1095,1292
1096,1116
1096,1118
1096,1205
1096,1443
1097,1360
1098,1250
1098,1446
1098,1468
1099,1163
1100,1188
1100,1145
1101,1210
1104,1193
1104,1192
1105,1148
1106,1170
1106,1387
1106,1542
1107,1173
1107,1149
1107,1370
1108,1432
1108,1390
1108,1436
1108,1281
1109,1306
1109,1129
1109,1263
1110,1239
1110,1155
1110,1152
1110,1262
1111,1200
1112,1157
1114,1309
1114,1160
1116,1357
1116,1487
1117,1442
1118,1185
1119,1488
1119,1249
1120,1144
1120,1490
1121,1446
1122,1186
1126,1344
1126,1409
1127,1541
1127,1435
1127,1455
1128,1215
1128,1478
1129,1520
1130,1347
1130,1458
1132,1177
1133,1199
1136,1179
1138,1291
1138,1399
1138,1443
1139,1422
1140,1272
1140,1381
1141,1164
1141,1381
1142,1445
1142,1534
1143,1275
1143,1163
1143,1186
1144,1405
1146,1235
1147,1212
1148,1346
1148,1367
1150,1411
1151,1326
1151,1281
1151,1195
1152,1172
1154,1458
1157,1223
1158,1310
1159,1441
1160,1422
1160,1510
1161,1359
1162,1512
1162,1294
1163,1533
1164,1187
1164,1402
1165,1362
1166,1341
1168,1342
1169,1301
1170,1389
1172,1305
1173,1564
1173,1499
1174,1306
1175,1195
1175,1329
1177,1329
1178,1351
1179,1243
1179,1268
1180,1310
1180,1202
1181,1553
1181,1313
1183,1512
1183,1314
1184,1488
1184,1252
1184,1229
1184,1447
1185,1272
1186,1577
1190,1451
1191,1408
1192,1256
1193,1323
1194,1543
1194,1564
1195,1501
1196,1198
1196,1239
1196,1238
1196,1368
1198,1414
1198,1436
1199,1307
1199,1242
1201,1333
1203,1398
1204,1246
1204,1446
1205,1356
1206,1315
1207,1575
1207,1270
1208,1555
1208,1557
1211,1300
1213,1410
1213,1454
1213,1365
1214,1368
1214,1235
1214,1326
1214,1299
1215,1260
1216,1500
1217,1521
1217,1348
1218,1260
1218,1458
1219,1546
1219,1328
1220,1353
1220,1221
1220,1263
1221,1222
1221,1374
1222,1375
1224,1291
1225,1293
1226,1249
1226,1445
1227,1247
1227,1489
1228,1512
1228,1315
1229,1250
1230,1231
1231,1363
1232,1255
1232,1471
1233,1343
1233,1385
1234,1452
1234,1429
1236,1433
1237,1566
1237,1325
1238,1432
1238,1391
1239,1258
1239,1524
1240,1283
1241,1522
1241,1286
1242,1305
1243,1376
1244,1245
1244,1264
1245,1464
1245,1441
1246,1268
1247,1268
1248,1311
1249,1292
1249,1402
1250,1379
1251,1381
1252,1424
1254,1386
1254,1298
1255,1276
1256,1363
1256,1498
1256,1409
1257,1345
1258,1322
1258,1500
1259,1543
1259,1326
1261,1499
1261,1394
1262,1501
1262,1500
1263,1568
1265,1396
1265,1330
1267,1269
1268,1314
1270,1465
1271,1291
1272,1337
1274,1405
1274,1316
1274,1338
1275,1536
1275,1492
1278,1431
1279,1321
1279,1474
1280,1453
1281,1520
1281,1413
1282,1434
1283,1437
1284,1481
1285,1568
1285,1546
1286,1547
1286,1416
1287,1418
1287,1417
1288,1418
1290,1463
1291,1379
1295,1556
1296,1318
1297,1383
1298,1451
1298,1429
1299,1496
1300,1433
1301,1343
1302,1478
1302,1475
1304,1542
1306,1545
1306,1371
1307,1352
1308,1354
1308,1525
1310,1332
1311,1530
1311,1509
1311,1332
1314,1336
1315,1511
1316,1336
1318,1428
1319,1363
1320,1387
1322,1455
1323,1455
1325,1519
1325,1391
1326,1501
1327,1392
1328,1438
1329,1372
1330,1504
1331,1398
1333,1465
1334,1554
1335,1532
1335,1444
1336,1466
1337,1576
1338,1555
1338,1357
1339,1512
1339,1447
1343,1366
1345,1522
1345,1412
1347,1565
1347,1502
1349,1414
1349,1525
1350,1439
1350,1482
1350,1352
1352,1507
1353,1464
1354,1399
1356,1421
1357,1533
1357,1576
1358,1556
1358,1444
1361,1449
1361,1425
1364,1429
1365,1561
1367,1431
1367,1497
1368,1518
1369,1411
1369,1563
1376,1486
1377,1508
1377,1552
1378,1423
1379,1486
1380,1532
1380,1425
1382,1491
1382,1467
1384,1556
1384,1428
1388,1474
1388,1543
1390,1502
1391,1520
1392,1436
1392,1460
1393,1394
1393,1500
1394,1416
1395,1437
1395,1415
1396,1462
1396,1419
1396,1398
1397,1463
1400,1533
1401,1511
1402,1487
1402,1490
1403,1532
1407,1427
1407,1449
1409,1475
1410,1543
1411,1518
1412,1565
1413,1544
1414,1525
1415,1544
1415,1548
1419,1442
1423,1425
1424,1489
1425,1534
1426,1447
1428,1494
1430,1539
1435,1479
1435,1477
1435,1545
1438,1526
1442,1554
1444,1531
1447,1471
1448,1513
1449,1535
1449,1537
1453,1476
1456,1479
1458,1564
1459,1545
1461,1483
1462,1550
1465,1531
1465,1466
1468,1554
1468,1514
1470,1515
1472,1492
1475,1561
1475,1495
1476,1583
1478,1563
1479,1503
1480,1548
1489,1531
1490,1557
1493,1581
1495,1559
1497,1518
1502,1522
1504,1523
1504,1569
1510,1530
1511,1513
1515,1579
1515,1580
1516,1560
1517,1561
1527,1550
1528,1574
1533,1578
1536,1560
1537,1557
1538,1540
1565,1567
1574,1575
