0,892
0,1518
0,1408
0,803
1,131
1,823
1,1040
1,1085
2,25
2,1064
2,1563
2,1324
3,26
3,1564
3,1347
3,1436
4,27
4,1565
4,1481
4,1435
5,1351
5,1566
5,1480
5,1460
6,7
6,29
6,1439
6,1567
7,8
7,30
7,1568
8,31
8,1569
8,727
9,10
9,32
9,1570
9,704
10,11
10,1550
10,1571
11,923
11,989
11,1528
12,836
12,901
12,1442
12,1573
13,1271
13,1511
13,1204
13,1161
14,944
14,1339
14,1032
14,1183
15,1165
15,300
15,342
15,1401
16,1511
16,1514
16,1446
16,1488
17,1514
17,125
17,364
17,346
18,259
18,104
18,1558
18,432
19,301
19,282
19,391
19,1452
20,675
20,64
20,239
20,717
21,283
21,674
21,217
21,237
22,783
22,848
22,1023
22,1498
23,46
23,1153
23,1347
23,1389
24,47
24,1063
24,1324
24,1108
25,48
25,1174
25,1563
26,49
26,1173
26,1219
27,28
27,50
27,1196
28,29
28,51
28,1459
29,30
29,52
30,31
30,53
31,54
31,703
32,55
32,165
32,879
33,1442
33,858
33,1033
33,1463
34,1554
34,1529
34,1184
34,1576
35,102
35,965
35,1443
35,1314
36,1204
36,212
36,1357
36,1055
37,1054
37,1579
37,1272
37,1337
38,497
38,39
38,1469
38,1209
39,299
39,477
39,452
40,60
40,434
40,281
40,1581
41,454
41,1539
41,1492
41,651
42,714
42,1540
42,1429
42,303
43,520
43,650
43,216
43,1474
44,88
44,824
44,825
44,1433
45,1564
45,46
45,68
45,1475
46,47
46,69
47,48
47,70
48,49
48,71
49,50
49,72
50,51
50,73
51,52
51,74
52,53
52,75
53,54
53,76
54,55
54,77
55,56
55,251
56,1207
56,1485
56,1292
57,100
57,1056
57,1248
57,1141
58,125
58,102
58,1230
58,1382
59,1097
59,1119
59,1143
59,1468
60,1165
60,1446
60,1534
61,300
61,1470
61,1425
61,1577
62,650
62,1472
62,585
62,1535
63,109
63,716
63,65
63,1516
64,718
64,1561
64,544
65,1539
65,608
65,84
66,824
66,67
66,89
66,738
67,68
67,90
67,1108
68,69
68,91
69,70
69,92
70,71
70,93
71,72
71,94
72,73
72,95
73,74
73,96
74,75
74,97
75,76
75,98
76,77
76,99
77,100
77,1509
78,1529
78,1074
78,1575
78,1293
79,1164
79,1533
79,1163
79,988
80,965
80,1077
80,1578
80,1510
81,1097
81,166
81,1381
81,1512
82,1446
82,1560
82,1358
82,1449
83,410
83,389
83,540
83,126
84,1514
84,370
84,1583
85,739
85,694
85,194
85,695
86,562
86,563
86,652
86,130
87,823
87,825
87,868
87,1541
88,89
88,109
88,1541
89,90
89,112
90,91
90,113
91,92
91,114
92,93
92,115
93,94
93,116
94,95
94,117
95,96
95,118
96,97
96,119
97,98
97,120
98,99
98,121
99,1573
99,100
100,123
101,902
101,1012
101,1447
101,1009
102,1008
102,1229
103,148
103,365
103,1362
103,1423
104,1186
104,302
104,1555
105,213
105,411
105,413
105,1316
106,675
106,239
106,236
106,435
107,498
107,304
107,762
107,196
108,717
108,173
108,128
108,736
109,477
109,197
110,131
110,111
110,133
110,1131
111,112
111,134
111,1283
112,113
112,135
113,114
113,136
114,115
114,137
115,116
115,138
116,117
116,139
117,118
117,140
118,119
118,141
119,120
119,142
120,121
120,143
121,122
121,1551
122,166
122,123
122,164
123,147
123,1229
124,1579
124,1469
124,366
124,321
125,1580
125,1428
126,607
126,430
126,1250
127,259
127,519
127,1557
127,673
128,433
128,260
128,587
129,259
129,718
129,258
129,152
130,675
130,1561
130,736
131,262
131,1023
132,892
132,133
132,1045
132,1110
133,134
133,156
134,135
134,157
135,136
135,158
136,137
136,159
137,138
137,160
138,139
138,161
139,140
139,162
140,141
140,163
141,142
141,164
142,165
142,143
143,923
143,990
144,1184
144,1316
144,1294
144,1466
145,321
145,1553
145,1361
145,1296
146,1207
146,1228
146,1380
146,1404
147,193
147,1251
147,1295
148,1468
148,1449
148,194
149,366
149,1383
149,543
149,630
150,151
150,1427
150,476
150,761
151,1580
151,153
151,565
152,434
152,763
152,523
153,175
153,261
153,393
154,155
154,177
154,827
154,1241
155,178
155,1132
155,1415
156,1196
156,179
156,1067
157,1108
157,180
157,1259
158,159
158,181
158,1130
159,160
159,182
160,161
160,183
161,162
161,184
162,163
162,185
163,164
163,186
164,187
165,187
165,188
166,1208
166,1338
167,989
167,1339
167,1208
167,209
168,1554
168,1468
168,1253
168,1121
169,1446
169,1163
169,433
169,1295
170,1385
170,368
170,1536
170,234
171,1404
171,631
171,632
171,347
172,476
172,584
172,478
172,629
173,610
173,566
173,586
174,197
174,175
174,240
174,849
175,828
175,1520
176,197
176,1045
176,177
176,958
177,178
177,200
178,179
178,201
179,180
179,202
180,181
180,203
181,182
181,204
182,183
182,205
183,184
183,206
184,185
184,207
185,186
185,208
186,187
186,686
187,210
188,1208
188,1317
188,1360
189,1184
189,1534
189,343
189,1118
190,1337
190,1362
190,1405
190,1249
191,364
191,1141
191,1424
191,1227
192,1512
192,322
192,1493
192,1515
193,237
193,216
193,1473
194,301
194,213
195,762
195,607
195,630
195,693
196,762
196,522
196,433
197,1066
198,199
198,219
198,980
198,1111
199,1110
199,200
199,1284
200,201
200,223
201,202
201,224
202,203
202,225
203,204
203,226
204,205
204,227
205,206
205,228
206,207
206,229
207,208
207,967
208,209
208,339
209,210
209,1185
210,233
210,1317
211,1558
211,1033
211,1534
211,276
212,1165
212,1380
212,431
213,1273
213,1491
214,300
214,695
214,1538
214,518
215,739
215,1427
215,827
215,257
216,826
216,629
217,218
217,237
217,565
218,219
218,869
218,937
219,261
219,915
220,1111
220,221
220,241
220,243
221,222
221,265
221,1044
222,223
222,244
222,245
223,224
223,246
224,225
224,247
225,226
225,248
226,227
226,249
227,228
227,250
228,229
228,880
229,230
229,252
230,923
230,231
230,535
231,902
231,232
231,295
232,1229
232,233
232,1013
233,1535
233,340
234,1207
234,1445
234,496
235,1580
235,1340
235,278
235,345
236,1582
236,1341
236,1384
237,323
238,281
238,738
238,410
238,1537
239,478
239,804
240,241
240,826
240,916
241,1132
241,871
242,243
242,263
242,395
242,936
243,244
243,266
244,245
244,1199
245,246
245,268
246,247
246,269
247,248
247,270
248,249
248,271
249,250
249,272
250,251
250,273
251,252
251,274
252,253
252,773
253,1229
253,254
253,361
254,256
254,1057
254,1252
255,1054
255,1472
255,1383
255,1359
256,258
256,368
256,276
257,1295
257,1273
257,456
258,301
258,304
259,412
260,673
260,369
260,459
261,416
261,781
262,263
262,437
262,827
263,848
263,305
264,265
264,285
264,287
264,482
265,266
265,288
266,267
266,289
267,1131
267,268
267,290
268,269
268,291
269,270
269,292
270,271
270,293
271,272
271,294
272,273
272,968
273,274
273,296
274,275
274,579
275,1208
275,276
275,1076
276,1427
277,342
277,1428
277,474
277,1275
278,1404
278,431
278,1471
279,1534
279,1384
279,1494
279,1490
280,299
280,1557
280,1536
280,1473
281,1471
281,607
282,522
282,785
282,740
283,368
283,500
283,698
284,869
284,285
284,981
284,1026
285,915
285,1087
286,287
286,307
286,1198
286,1242
287,288
287,310
288,289
288,311
289,290
289,312
290,291
290,313
291,292
291,314
292,293
292,315
293,294
293,316
294,295
294,317
295,296
295,512
296,1033
296,297
297,1097
297,1317
297,1013
298,1382
298,1470
298,1381
298,427
299,1514
299,411
300,1472
301,1360
302,1578
302,387
302,784
303,475
303,589
303,697
304,477
304,324
305,849
305,306
305,328
306,981
306,307
306,329
307,1174
307,1132
308,329
308,309
308,331
308,1306
309,310
309,332
309,1416
310,311
310,333
311,312
311,334
312,313
312,335
313,314
313,336
314,315
314,337
315,316
315,338
316,339
316,317
317,858
317,688
318,1209
318,1100
318,1232
318,1210
319,452
319,1077
319,407
319,1036
320,1492
320,1404
320,1098
320,495
321,1141
321,1187
322,497
322,367
322,1363
323,519
323,1494
323,1451
324,1536
324,1493
324,367
325,389
325,1536
325,347
325,850
326,432
326,389
326,694
326,327
327,350
327,829
327,893
328,1067
328,329
328,460
329,330
330,331
330,351
330,353
331,332
331,354
332,333
332,355
333,334
333,356
334,335
334,357
335,336
335,358
336,337
336,359
337,338
337,360
338,339
338,361
339,340
340,1317
340,386
341,1275
341,537
341,472
341,1276
342,539
342,430
343,1186
343,1144
343,1406
344,1577
344,1535
344,1362
344,476
345,410
345,430
345,1515
346,457
346,1582
346,456
347,521
347,609
348,718
348,829
348,394
348,807
349,416
349,350
349,372
349,830
350,351
350,373
351,1197
351,1244
352,353
352,373
352,375
352,1000
353,354
353,376
354,355
354,377
355,356
355,378
356,357
356,379
357,358
357,380
358,359
358,381
359,360
359,578
360,491
360,710
361,381
361,881
362,514
362,515
362,1142
362,1146
363,1077
363,1318
363,409
363,1102
364,1557
364,1211
365,1188
365,1448
365,1341
366,541
366,476
367,1383
367,1559
368,1450
369,370
369,521
369,609
370,651
370,501
371,394
371,480
371,743
371,960
372,395
372,373
372,1003
373,374
374,395
374,397
374,484
375,376
375,398
375,1089
376,377
376,399
377,378
377,400
378,379
378,401
379,380
379,402
380,381
380,403
381,404
382,535
382,383
382,946
382,994
383,385
383,580
383,1101
384,452
384,1361
384,1188
384,428
385,387
385,386
385,494
386,432
386,1427
387,585
387,1361
388,1383
388,1340
388,1494
388,1450
389,1448
390,391
390,498
390,456
390,698
391,782
391,455
392,521
392,653
392,786
392,458
393,416
393,678
393,1026
394,417
394,1068
395,396
396,419
396,1221
396,1350
397,1132
397,398
397,420
398,399
398,421
399,400
399,422
400,401
400,423
401,402
401,424
402,403
402,425
403,404
403,708
404,1012
404,687
405,711
405,1011
405,1014
405,1015
406,1252
406,472
406,429
406,1103
407,1186
407,1405
407,626
408,1295
408,1360
408,515
408,1233
409,1535
409,1426
409,605
410,1318
411,738
411,1559
412,1558
412,1493
412,1538
413,784
413,1559
413,523
414,435
414,786
414,1004
414,479
415,434
415,939
415,983
415,852
416,439
417,937
417,418
417,1025
418,419
418,439
418,441
419,420
419,442
420,421
420,443
421,422
421,444
422,423
422,445
423,424
423,446
424,425
424,447
425,1013
425,601
426,796
426,513
426,1034
426,493
427,1276
427,451
427,1145
428,1276
428,470
428,1299
429,1472
429,1035
429,1189
430,1252
431,518
431,1274
432,1448
433,652
434,585
435,830
435,805
436,459
436,524
436,765
436,851
437,460
437,480
437,526
438,1089
438,1068
438,548
438,1158
439,440
439,636
440,463
440,1112
440,1375
441,1463
441,442
441,464
442,443
442,465
443,444
443,466
444,445
444,467
445,446
445,468
446,447
446,683
447,994
447,711
448,1103
448,643
448,665
448,755
449,1055
449,1056
449,1147
449,471
450,1296
450,1034
450,971
450,645
451,493
451,1321
451,1145
452,671
453,540
453,1450
453,1274
453,538
454,1339
454,1363
454,541
455,717
455,629
455,521
456,1582
457,477
457,764
457,741
458,543
458,564
458,719
459,482
459,699
460,1025
460,1265
461,1219
461,1133
461,1179
461,1223
462,1242
462,463
462,483
462,485
463,464
463,486
464,465
464,487
465,466
465,488
466,467
466,489
467,468
467,490
468,469
468,794
469,1057
469,665
469,1168
470,1124
470,1190
470,1125
471,1230
471,537
471,1299
472,1081
472,1146
473,1341
473,541
473,1298
473,1364
474,1273
474,1495
474,517
475,1408
475,1557
475,1495
478,1581
478,563
479,565
479,586
479,720
480,850
480,591
481,766
481,502
481,940
481,1046
482,483
482,505
483,1111
483,1154
484,485
484,505
484,507
485,486
485,508
486,487
486,509
487,488
487,510
488,489
488,511
489,512
489,490
490,491
490,772
491,602
491,667
492,645
492,969
492,1060
492,646
493,626
493,1122
494,667
494,1274
494,1123
495,515
495,1122
495,1517
496,1405
496,1538
496,1319
497,1429
497,1515
498,1561
498,1471
499,1558
499,586
499,500
499,588
500,633
500,720
501,761
501,786
501,588
502,544
502,785
502,1071
503,525
503,635
503,872
503,959
504,1068
504,1133
504,788
504,1202
505,702
505,1245
506,507
506,527
506,529
506,1333
507,508
507,530
508,509
508,531
509,510
509,532
510,511
510,533
511,512
511,534
512,753
513,600
513,623
513,948
514,646
514,1169
514,1255
515,559
516,1516
516,1321
516,692
516,603
517,1340
517,539
517,1274
518,1449
518,1495
519,1364
519,583
520,1492
520,1449
520,631
522,720
522,804
523,1069
523,721
524,612
524,723
524,894
525,850
525,548
525,1024
526,981
526,1089
526,549
527,528
527,1243
527,1418
528,529
528,551
528,1246
529,530
529,552
530,531
530,553
531,532
531,554
532,555
532,1549
533,686
533,556
533,620
534,557
534,599
534,903
535,797
535,995
536,1211
536,1034
536,1189
536,690
537,1254
537,1104
538,1057
538,1366
538,1365
539,736
539,735
540,1538
540,691
541,628
542,1539
542,1385
542,1451
542,653
543,741
543,784
544,742
544,695
545,720
545,633
545,567
545,654
546,871
546,960
546,656
546,897
547,591
547,1245
547,657
547,914
548,571
548,701
549,1439
549,1242
549,550
550,551
550,571
550,573
551,552
551,574
552,553
552,575
553,554
553,576
554,555
554,577
555,578
555,969
556,579
556,600
556,973
557,625
557,729
557,1212
558,1014
558,713
558,778
558,970
559,1298
559,800
559,668
560,1253
560,1537
560,1235
560,1148
561,1452
561,1540
561,1473
561,692
562,626
562,1299
562,1384
563,583
563,565
564,587
564,584
564,760
566,608
566,587
566,609
567,984
567,831
567,1091
568,961
568,873
568,676
568,1136
569,1003
569,894
569,570
569,592
570,1200
570,1332
570,1397
571,572
571,1417
572,573
572,595
572,1507
573,574
573,596
574,575
574,597
575,1570
575,576
576,643
576,599
577,599
577,642
577,775
578,776
578,1038
579,602
579,819
580,1147
580,647
580,1190
581,1192
581,1037
581,1409
581,1320
582,1253
582,1275
582,1365
582,1344
583,1321
583,1343
584,1494
584,1341
585,671
586,1540
587,719
588,762
588,805
589,1135
589,697
590,742
590,1072
590,1090
590,1134
591,592
591,723
592,593
592,615
593,594
593,833
593,1506
594,595
594,615
594,617
595,618
595,835
596,1417
596,597
596,619
597,686
597,598
598,687
598,621
598,793
599,644
600,643
600,820
601,1015
601,1039
601,1061
602,622
602,625
603,1429
603,1451
603,1166
604,1518
604,1321
604,1168
604,734
605,1405
605,628
605,1517
606,716
606,673
606,1365
606,1430
607,1474
608,1516
608,1582
609,784
610,718
610,1092
610,696
611,1069
611,654
611,676
611,1137
612,939
612,1223
612,959
613,1003
613,1179
613,833
613,614
614,636
614,1112
614,637
615,616
615,1440
616,617
616,637
616,639
617,618
617,640
618,619
618,641
619,620
619,642
620,1549
620,621
621,622
621,730
622,799
622,1082
623,1211
623,970
623,1083
624,1232
624,687
624,625
624,712
625,731
626,1192
627,1581
627,1191
627,757
627,1256
628,1562
628,1386
629,1408
630,1537
630,632
631,808
631,632
632,1027
633,634
633,1135
634,807
634,1072
634,1090
635,807
635,658
635,745
636,659
636,1289
637,1442
637,638
638,639
638,659
638,661
639,662
639,1398
640,835
640,641
640,663
641,642
641,664
642,665
643,731
644,709
644,1105
644,1170
645,1189
645,800
646,1407
646,1193
647,1518
647,1169
647,758
648,1561
648,1362
648,1431
648,1387
649,1560
649,1428
649,715
649,759
650,1581
650,1428
651,760
651,693
652,674
652,719
653,783
653,805
654,1090
654,676
655,895
655,919
655,985
655,1006
656,915
656,679
656,789
657,1178
657,1200
657,1376
658,659
658,681
658,746
659,660
660,683
660,661
660,681
661,662
661,684
662,663
662,685
663,1528
663,664
664,685
664,752
665,798
666,1082
666,774
666,974
666,1017
667,756
667,1038
668,1014
668,1233
668,1388
669,1103
669,715
669,845
669,1257
670,716
670,1385
670,1365
670,1149
671,1475
671,1212
672,739
672,1580
672,1450
672,890
673,1517
674,763
674,804
675,695
676,740
677,1069
677,810
677,787
677,1157
678,832
678,984
678,1180
679,1158
679,702
679,680
680,703
680,1200
680,681
681,682
682,705
682,1377
682,1462
683,703
683,706
684,879
684,685
684,707
685,708
686,709
687,820
688,797
688,1083
688,1170
689,1147
689,1279
689,1236
689,1278
690,1125
690,1235
690,1322
691,1190
691,1319
691,1431
692,1319
692,1254
693,1410
693,1299
694,1537
694,782
696,738
696,740
696,805
697,852
697,782
698,1028
698,984
699,916
699,1029
699,1028
700,959
700,1202
700,1398
700,982
701,724
701,856
701,1156
702,725
702,857
703,704
704,705
704,725
705,706
705,728
706,729
706,707
707,708
707,730
708,709
709,732
710,733
710,755
710,1105
711,756
711,1062
712,1168
712,1124
712,1192
713,1541
713,1103
713,802
714,1235
714,1233
714,1301
715,761
715,1342
716,1496
717,1559
719,939
721,1223
721,1224
721,941
722,1046
722,1178
722,1113
722,1201
723,960
723,746
724,725
724,747
724,1355
725,726
726,727
726,747
726,749
727,728
727,750
728,729
728,751
729,752
730,753
730,731
731,754
732,778
732,1280
732,1323
733,1104
733,1387
733,756
734,1213
734,1127
734,1279
735,1432
735,1476
735,1343
736,1279
737,783
737,1473
737,804
737,1387
739,1540
740,917
741,763
741,853
742,982
742,1093
743,1334
743,1114
743,1004
744,1091
744,919
744,1157
744,1116
745,1244
745,1158
745,768
746,747
746,769
747,1572
748,749
748,769
748,771
748,924
749,772
749,750
750,773
750,751
751,752
751,774
752,775
753,776
753,1017
754,775
754,1083
754,1018
755,1019
755,1345
756,802
757,1148
757,1453
757,1237
758,803
758,1255
758,1279
759,1516
759,1517
759,780
760,1518
760,1560
761,806
763,785
764,787
764,982
764,1091
765,828
765,832
765,1138
766,829
766,851
766,789
767,1161
767,768
767,987
767,1267
768,769
768,791
769,770
770,793
770,771
770,791
771,794
771,772
772,795
773,774
773,796
774,797
775,798
776,777
776,799
777,1388
777,1323
777,1367
778,1475
778,1126
779,1431
779,1453
779,1258
779,1497
780,1539
780,1560
780,1344
781,783
781,1387
781,1410
782,1474
785,1113
786,1179
787,1180
787,896
788,987
788,1312
788,809
789,790
789,1267
790,1398
790,791
790,813
791,792
792,793
792,813
792,815
793,816
794,795
794,817
795,796
795,818
796,819
797,820
798,1015
798,821
799,822
799,1410
800,1432
800,1346
801,1259
801,1410
801,1323
801,1476
802,825
802,1453
803,1408
803,1451
806,827
806,850
806,913
807,1027
808,873
808,1159
808,917
809,916
809,852
809,1051
810,1357
810,961
810,1007
811,1245
811,853
811,1334
811,1312
812,1398
812,1377
812,921
812,1053
813,1485
813,1440
814,1551
814,835
814,815
814,837
815,816
815,838
816,817
816,839
817,818
817,840
818,819
818,841
819,842
820,843
821,822
821,844
821,1411
822,823
822,845
823,1280
824,846
824,1454
825,826
826,849
828,851
828,874
829,1202
830,832
830,874
831,1113
831,1269
831,1378
832,834
833,834
833,1267
834,835
834,857
836,837
836,857
836,859
837,838
837,860
838,839
838,861
839,840
839,862
840,841
840,863
841,842
841,864
842,843
842,865
843,844
843,866
844,845
844,867
845,846
846,1496
846,847
847,848
847,1541
847,870
848,849
851,1048
852,854
853,1049
853,1114
854,1443
854,1072
854,1247
855,856
855,1334
855,1159
855,878
856,857
856,878
858,879
858,859
859,860
859,882
860,861
860,883
861,862
861,884
862,863
862,885
863,864
863,886
864,865
864,887
865,866
865,888
866,867
866,889
867,868
867,890
868,869
868,1042
869,870
870,871
870,893
871,872
872,960
872,895
873,1069
873,1070
874,897
874,1006
875,1357
875,1028
875,1313
875,1270
876,1510
876,1048
876,1225
876,964
877,1358
877,897
877,1355
877,878
878,879
880,901
880,881
880,924
881,882
881,904
882,883
882,905
883,884
883,906
884,885
884,907
885,886
885,908
886,887
886,909
887,888
887,910
888,889
888,911
889,890
889,912
890,891
891,892
891,914
891,1542
892,893
893,894
894,895
895,1159
896,1072
896,985
896,938
897,943
898,985
898,1378
898,964
898,1291
899,1509
899,1202
899,1005
899,1552
900,923
900,989
900,965
900,1376
901,925
901,1485
902,903
902,922
903,904
903,926
904,905
904,927
905,906
905,928
906,907
906,929
907,908
907,930
908,909
908,931
909,910
909,932
910,911
910,933
911,912
911,934
912,913
912,935
913,936
913,914
914,937
915,916
917,1136
917,1090
918,1135
918,1029
918,1182
918,920
919,1509
919,1052
920,1423
920,1180
920,1465
921,1006
921,1355
921,922
922,966
922,1420
924,1551
924,925
925,948
925,926
926,927
926,949
927,928
927,950
928,929
928,951
929,930
929,952
930,931
930,953
931,932
931,954
932,933
932,955
933,934
933,956
934,935
934,957
935,958
935,936
936,1111
937,938
938,940
938,1092
939,1116
940,1051
940,1356
941,943
941,1116
941,1047
942,1510
942,1380
942,1444
942,1489
943,1246
943,966
944,1508
944,1486
944,1249
945,1488
945,1572
945,1489
945,1399
946,1012
946,967
946,947
947,1056
947,948
947,993
948,949
949,950
949,972
950,973
950,951
951,974
951,1257
952,1280
952,953
952,975
953,954
953,976
954,955
954,977
955,956
955,978
956,957
956,979
957,958
957,980
958,959
961,1049
961,962
962,1114
962,964
962,1139
963,1292
963,1249
963,1005
963,1162
964,1293
965,1311
966,967
966,1312
967,968
968,969
968,991
969,970
970,971
971,972
971,991
972,995
972,973
973,996
974,975
974,997
975,976
975,998
976,977
976,999
977,1000
977,978
978,979
978,1001
979,980
979,1002
980,981
982,1048
983,1071
983,1178
983,1134
984,1269
985,987
986,1401
986,1576
986,1509
986,1225
987,989
988,1164
988,1359
988,1228
990,991
990,1011
990,1013
991,1014
992,1036
992,1144
992,1125
992,1234
993,1146
993,1170
993,1078
994,995
994,1017
995,1018
996,1040
996,1019
996,997
997,998
997,1020
998,999
998,1021
999,1000
999,1022
1000,1001
1001,1024
1001,1002
1002,1003
1002,1025
1004,1201
1004,1181
1005,1180
1005,1050
1006,1466
1007,1204
1007,1488
1007,1421
1008,1271
1008,1337
1008,1400
1009,1033
1009,1051
1009,1490
1010,1316
1010,1466
1010,1011
1010,1099
1011,1012
1015,1060
1016,1145
1016,1255
1016,1149
1016,1213
1017,1040
1018,1019
1018,1041
1019,1020
1020,1021
1020,1043
1021,1022
1021,1239
1022,1023
1022,1045
1023,1024
1024,1112
1025,1026
1026,1158
1027,1204
1027,1291
1028,1094
1029,1464
1029,1465
1030,1161
1030,1228
1030,1380
1030,1333
1031,1512
1031,1338
1031,1359
1031,1574
1032,1053
1032,1575
1032,1055
1034,1120
1035,1165
1035,1145
1035,1231
1036,1056
1036,1080
1037,1210
1037,1148
1037,1059
1038,1061
1038,1301
1039,1062
1039,1105
1039,1106
1040,1041
1041,1064
1041,1042
1042,1043
1042,1065
1043,1066
1043,1044
1044,1045
1044,1087
1046,1047
1046,1177
1047,1135
1047,1092
1048,1115
1049,1246
1049,1134
1050,1161
1050,1136
1050,1335
1051,1138
1052,1163
1052,1228
1052,1120
1053,1577
1053,1508
1054,1076
1054,1141
1055,1273
1057,1209
1058,1100
1058,1319
1058,1255
1058,1191
1059,1188
1059,1168
1059,1122
1060,1302
1060,1257
1061,1063
1061,1084
1062,1085
1062,1258
1063,1327
1063,1345
1064,1065
1064,1087
1065,1066
1065,1240
1066,1067
1067,1198
1068,1088
1070,1137
1070,1093
1070,1181
1071,1203
1071,1137
1073,1357
1073,1465
1073,1486
1073,1268
1074,1184
1074,1555
1074,1358
1075,1293
1075,1381
1075,1185
1075,1291
1076,1382
1076,1358
1077,1337
1078,1185
1078,1144
1078,1254
1079,1143
1079,1232
1079,1101
1079,1122
1080,1187
1080,1276
1080,1144
1081,1147
1081,1149
1081,1167
1082,1301
1082,1346
1083,1106
1084,1107
1084,1172
1084,1214
1085,1130
1085,1107
1086,1130
1086,1151
1086,1262
1086,1369
1087,1110
1088,1173
1088,1349
1088,1175
1089,1112
1091,1177
1092,1115
1093,1224
1093,1269
1094,1421
1094,1140
1094,1206
1095,1512
1095,1247
1095,1532
1095,1379
1096,1578
1096,1381
1096,1555
1096,1445
1097,1270
1098,1382
1098,1185
1098,1402
1099,1207
1099,1294
1099,1123
1100,1188
1100,1232
1101,1253
1101,1254
1102,1146
1102,1342
1102,1125
1104,1189
1104,1215
1105,1150
1106,1258
1106,1107
1107,1348
1108,1131
1109,1129
1109,1155
1109,1303
1109,1128
1110,1133
1113,1115
1114,1159
1115,1248
1116,1292
1117,1136
1117,1291
1117,1400
1117,1531
1118,1553
1118,1490
1118,1378
1119,1271
1119,1292
1119,1270
1120,1249
1120,1359
1121,1143
1121,1140
1121,1142
1123,1143
1123,1124
1124,1126
1126,1127
1126,1128
1127,1148
1127,1128
1128,1129
1129,1239
1129,1152
1130,1153
1131,1154
1133,1156
1134,1154
1137,1138
1138,1139
1139,1140
1139,1160
1140,1142
1142,1162
1149,1150
1150,1169
1150,1151
1151,1174
1151,1257
1152,1563
1152,1175
1152,1304
1153,1176
1153,1197
1154,1155
1155,1157
1155,1156
1156,1179
1157,1201
1160,1182
1160,1162
1160,1181
1162,1163
1164,1183
1164,1186
1166,1187
1166,1190
1166,1167
1167,1187
1167,1169
1170,1345
1171,1192
1171,1191
1171,1193
1171,1172
1172,1173
1172,1193
1173,1196
1174,1197
1175,1198
1175,1176
1176,1177
1176,1309
1177,1178
1181,1182
1182,1183
1183,1203
1191,1210
1193,1216
1194,1301
1194,1213
1194,1217
1194,1195
1195,1214
1195,1215
1195,1218
1196,1328
1197,1220
1198,1199
1199,1200
1199,1222
1201,1203
1203,1205
1205,1224
1205,1225
1205,1206
1206,1225
1206,1226
1209,1210
1211,1212
1212,1213
1214,1215
1214,1216
1215,1235
1216,1239
1216,1217
1217,1240
1217,1218
1218,1219
1218,1241
1219,1220
1220,1221
1220,1243
1221,1244
1221,1222
1222,1223
1222,1245
1224,1226
1226,1227
1226,1246
1227,1248
1227,1247
1230,1231
1230,1250
1231,1251
1231,1233
1234,1256
1234,1236
1234,1277
1236,1237
1236,1238
1237,1260
1237,1238
1238,1259
1238,1260
1239,1262
1240,1346
1240,1263
1241,1242
1241,1264
1243,1244
1243,1266
1247,1248
1250,1251
1250,1269
1251,1270
1252,1275
1256,1277
1256,1278
1258,1259
1260,1283
1260,1261
1261,1303
1261,1304
1261,1282
1262,1263
1262,1285
1263,1264
1263,1286
1264,1265
1264,1287
1265,1266
1265,1288
1266,1289
1266,1267
1268,1314
1268,1313
1268,1290
1271,1272
1272,1293
1272,1294
1277,1278
1277,1297
1278,1298
1280,1281
1281,1304
1281,1282
1281,1519
1282,1283
1282,1305
1283,1284
1284,1285
1284,1307
1285,1286
1285,1308
1286,1287
1286,1505
1287,1288
1287,1310
1288,1289
1288,1311
1289,1312
1290,1313
1290,1335
1290,1336
1294,1296
1296,1297
1297,1316
1297,1298
1300,1320
1300,1322
1300,1342
1300,1302
1302,1322
1302,1303
1303,1325
1304,1305
1305,1306
1305,1328
1306,1307
1306,1329
1307,1308
1307,1330
1308,1309
1308,1331
1309,1332
1309,1310
1310,1333
1310,1311
1311,1334
1313,1314
1314,1315
1315,1338
1315,1335
1315,1336
1318,1338
1318,1320
1320,1322
1323,1324
1324,1325
1325,1348
1325,1326
1326,1347
1326,1346
1326,1327
1327,1328
1327,1348
1328,1329
1329,1330
1329,1352
1330,1331
1330,1353
1331,1332
1331,1354
1332,1550
1333,1506
1335,1336
1336,1356
1339,1340
1342,1343
1343,1344
1344,1367
1345,1368
1347,1370
1348,1349
1349,1350
1349,1371
1350,1351
1350,1373
1351,1352
1351,1374
1352,1375
1352,1353
1353,1376
1353,1354
1354,1377
1354,1355
1356,1378
1356,1379
1360,1361
1363,1384
1363,1364
1364,1366
1366,1386
1366,1407
1367,1368
1367,1390
1368,1369
1368,1391
1369,1370
1369,1392
1370,1371
1370,1393
1371,1392
1371,1372
1372,1373
1372,1395
1372,1394
1373,1374
1373,1396
1374,1375
1374,1397
1375,1376
1377,1400
1379,1399
1379,1400
1385,1386
1386,1406
1388,1389
1388,1411
1389,1390
1389,1412
1390,1391
1390,1413
1391,1392
1391,1414
1392,1393
1393,1416
1393,1394
1394,1418
1394,1395
1395,1396
1395,1441
1396,1571
1396,1419
1397,1573
1397,1420
1399,1401
1399,1421
1401,1402
1402,1403
1402,1422
1403,1425
1403,1423
1403,1424
1406,1407
1406,1426
1407,1409
1409,1429
1409,1430
1411,1412
1411,1434
1412,1413
1412,1435
1413,1414
1413,1436
1414,1415
1414,1437
1415,1416
1415,1438
1416,1417
1417,1418
1418,1419
1419,1442
1419,1420
1420,1443
1421,1422
1422,1423
1422,1424
1424,1425
1425,1426
1426,1445
1430,1452
1430,1453
1431,1454
1432,1433
1432,1455
1433,1434
1433,1456
1434,1435
1434,1457
1435,1458
1436,1437
1436,1459
1437,1438
1437,1460
1438,1439
1438,1461
1439,1440
1440,1463
1441,1443
1441,1462
1441,1461
1444,1445
1444,1465
1444,1464
1447,1468
1447,1448
1447,1467
1452,1474
1454,1455
1454,1477
1455,1456
1455,1478
1456,1457
1456,1479
1457,1458
1457,1480
1458,1459
1458,1481
1459,1482
1460,1461
1460,1483
1461,1462
1462,1551
1463,1484
1464,1466
1464,1484
1467,1469
1467,1486
1467,1487
1469,1470
1470,1471
1475,1498
1476,1477
1476,1499
1477,1478
1477,1500
1478,1479
1478,1501
1479,1480
1479,1502
1480,1503
1481,1482
1481,1504
1482,1505
1482,1483
1483,1528
1483,1484
1484,1485
1486,1487
1487,1488
1487,1489
1489,1490
1491,1511
1491,1492
1491,1493
1495,1496
1496,1519
1497,1583
1497,1562
1498,1499
1498,1521
1499,1500
1499,1522
1500,1501
1500,1523
1501,1502
1501,1524
1502,1503
1502,1525
1503,1504
1503,1526
1504,1505
1504,1527
1505,1506
1506,1507
1507,1571
1507,1508
1508,1510
1511,1513
1513,1533
1513,1515
1513,1532
1519,1520
1519,1542
1520,1521
1520,1543
1521,1522
1521,1544
1522,1523
1522,1545
1523,1524
1523,1546
1524,1525
1524,1547
1525,1526
1525,1548
1526,1549
1526,1527
1527,1550
1527,1528
1529,1530
1529,1531
1530,1552
1530,1532
1530,1531
1531,1532
1533,1554
1533,1553
1542,1565
1542,1543
1543,1566
1543,1544
1544,1567
1544,1545
1545,1568
1545,1546
1546,1569
1546,1547
1547,1570
1547,1548
1548,1571
1548,1549
1550,1573
1552,1554
1552,1553
1555,1556
1556,1576
1556,1577
1556,1575
1562,1583
1563,1564
1564,1565
1565,1566
1566,1567
1567,1568
1568,1569
1569,1570
1572,1574
1574,1576
1574,1575
1578,1579
