0,649
0,1564
0,629
0,89
1,1390
1,1453
1,68
1,1345
2,1432
2,890
2,89
2,1367
3,1153
3,1522
3,132
3,1065
4,47
4,1217
4,1371
4,1455
5,1174
5,288
5,1456
5,1392
6,203
6,421
6,1437
6,311
7,248
7,158
7,1305
7,336
8,203
8,1527
8,574
8,750
9,97
9,117
9,1485
9,1481
10,96
10,443
10,206
10,573
11,1053
11,1462
11,638
11,749
12,121
12,902
12,1445
12,187
13,813
13,943
13,1250
13,1402
14,1578
14,143
14,1380
14,79
15,1339
15,944
15,1033
15,233
16,191
16,1118
16,1449
16,1270
17,1403
17,1580
17,389
17,1383
18,456
18,1514
18,388
18,38
19,477
19,82
19,216
19,500
20,500
20,804
20,214
20,217
21,302
21,782
21,1540
21,541
22,1431
22,803
22,1022
22,67
23,781
23,90
23,1066
23,154
24,111
24,1088
24,934
24,998
25,1263
25,1393
25,45
25,49
26,288
26,1477
26,269
26,225
27,397
27,419
27,1480
27,71
28,311
28,113
28,331
28,248
29,420
29,1502
29,94
29,140
30,684
30,53
30,1419
30,577
31,32
31,707
31,207
31,837
32,119
32,1571
32,551
33,120
33,1575
33,639
33,792
34,142
34,1248
34,791
34,1032
35,1271
35,1337
35,968
35,1075
36,122
36,1204
36,1161
36,231
37,277
37,366
37,1360
37,210
38,497
38,1338
38,212
39,60
39,59
39,1538
39,1560
40,235
40,325
40,257
40,367
41,1471
41,1428
41,649
41,1582
42,761
42,867
42,847
42,561
43,957
43,717
43,979
43,63
44,1495
44,131
44,867
44,848
45,132
45,1496
45,220
46,1391
46,90
46,176
46,1109
47,1240
47,1349
47,1023
48,1216
48,1435
48,1259
48,1195
49,1482
49,1417
49,1371
50,1417
50,334
50,1263
50,1435
51,1548
51,466
51,335
51,312
52,619
52,118
52,574
52,595
53,663
53,574
53,814
54,748
54,573
54,1551
54,879
55,835
55,704
55,1487
55,209
56,253
56,123
56,232
56,1511
57,1468
57,102
57,145
57,1469
58,1248
58,1209
58,1095
58,1533
59,1492
59,1314
59,1536
60,432
60,236
60,1316
61,1404
61,303
61,281
61,1228
62,125
62,83
62,391
62,237
63,1408
63,366
63,1452
64,1473
64,171
64,1537
64,304
65,84
65,869
65,543
65,695
66,175
66,910
66,867
66,264
67,1261
67,1518
67,1043
68,1456
68,1303
68,956
69,976
69,1194
69,1501
69,268
70,1477
70,246
70,1285
70,1500
71,291
71,1545
71,1195
72,205
72,1548
72,268
72,620
73,315
73,1461
73,138
73,204
74,573
74,751
74,1440
74,616
75,835
75,792
75,1574
75,791
76,751
76,1463
76,921
76,576
77,230
77,1034
77,1097
77,143
78,770
78,1098
78,990
78,296
79,231
79,1466
79,1272
80,1187
80,1448
80,1404
80,148
81,276
81,1295
81,103
81,1053
82,432
82,408
82,1294
83,1535
83,1515
83,1429
84,346
84,738
84,498
85,414
85,716
85,1452
85,1558
86,1539
86,606
86,912
86,1563
87,629
87,672
87,1563
87,740
88,173
88,1477
88,824
88,826
89,1522
89,110
90,1219
90,1109
91,267
91,244
91,154
91,1175
92,286
92,1242
92,115
92,1521
93,378
93,1219
93,95
93,1173
94,531
94,1349
94,421
95,1506
95,116
95,598
96,533
96,271
96,795
97,596
97,357
97,838
98,836
98,252
98,294
98,227
99,1054
99,1012
99,924
99,707
100,166
100,1142
100,254
100,1357
101,1381
101,943
101,208
101,1055
102,1097
102,965
102,343
103,388
103,1164
103,409
104,1535
104,408
104,345
104,1230
105,1473
105,1404
105,369
105,543
106,651
106,474
106,390
106,653
107,518
107,781
107,651
107,453
108,606
108,216
108,607
108,477
109,1517
109,283
109,870
109,673
110,783
110,893
110,937
111,1196
111,1413
111,177
112,1045
112,1041
112,219
112,353
113,1326
113,1281
113,266
114,1546
114,378
114,1391
114,1196
115,139
115,224
115,1439
116,642
116,639
116,467
117,772
117,1572
117,163
118,250
118,423
118,251
119,967
119,510
119,860
120,708
120,814
120,597
121,141
121,1206
121,165
122,987
122,1184
122,1272
123,1273
123,1119
123,924
124,1227
124,234
124,323
124,1231
125,366
125,1424
125,1536
126,1472
126,1385
126,452
126,564
127,1581
127,433
127,1579
127,237
128,609
128,413
128,566
128,738
129,130
129,562
129,871
129,824
130,435
130,238
130,348
131,608
131,1066
131,1496
132,265
132,305
133,1370
133,330
133,285
133,1216
134,373
134,1458
134,890
134,1545
135,198
135,1503
135,1067
135,1414
136,1568
136,1218
136,377
136,265
137,159
137,575
137,1283
137,400
138,445
138,554
138,421
139,1482
139,249
139,642
140,617
140,1483
140,794
141,294
141,947
141,160
142,273
142,1076
142,752
143,728
143,1013
144,1010
144,363
144,1077
144,1444
145,1096
145,1470
145,1531
146,297
146,1403
146,1208
146,1425
147,1577
147,1229
147,1406
147,1381
148,1295
148,259
148,149
149,387
149,520
149,434
150,414
150,761
150,630
150,258
151,805
151,694
151,610
151,697
152,305
152,737
152,346
152,241
153,239
153,717
153,220
153,935
154,175
154,954
155,933
155,1064
155,307
155,1479
156,1329
156,1064
156,1394
156,158
157,1264
157,376
157,1173
157,1501
158,1569
158,1307
159,423
159,224
159,270
160,422
160,401
160,1547
161,599
161,770
161,424
161,163
162,445
162,663
162,317
162,773
163,968
163,662
164,274
164,316
165,1576
165,969
165,185
166,1078
166,1056
166,1296
167,1077
167,1118
167,385
167,319
168,367
168,1294
168,190
168,1207
169,346
169,1250
169,1493
169,364
170,1580
170,1405
170,299
170,456
171,719
171,278
171,1537
172,545
172,717
172,458
172,589
173,912
173,870
173,781
174,999
174,414
174,630
174,804
175,1540
175,1110
176,437
176,1542
176,222
177,265
177,1282
177,266
178,417
178,1564
178,980
178,1089
179,1218
179,286
179,1042
179,1392
180,224
180,1241
180,1565
180,1436
181,1283
181,443
181,1457
181,1460
182,422
182,554
182,575
182,1570
183,489
183,378
183,293
183,249
184,446
184,338
184,838
184,750
185,749
185,317
185,926
186,903
186,187
186,252
186,966
187,273
187,297
188,1253
188,1490
188,1034
188,341
189,209
189,1338
189,406
189,1403
190,298
190,1532
190,1272
191,1359
191,1318
191,211
192,1514
192,212
192,1538
192,1251
193,652
193,522
193,1494
193,1450
194,390
194,1582
194,563
194,213
195,303
195,716
195,542
195,588
196,326
196,327
196,499
196,981
197,587
197,675
197,308
197,763
198,1284
198,956
198,979
199,1393
199,1132
199,1369
199,1174
200,1240
200,1021
200,1436
200,1522
201,1415
201,203
201,1108
201,1500
202,1418
202,1522
202,244
202,1414
203,1351
204,1527
204,1547
204,771
205,531
205,530
205,599
206,1550
206,641
206,424
207,925
207,707
207,1573
208,970
208,337
208,904
209,449
209,1575
210,1099
210,340
210,232
211,1186
211,296
211,1557
212,1579
212,430
213,1494
213,1425
213,1296
214,369
214,562
214,1427
215,261
215,588
215,453
215,1515
216,719
216,585
217,325
217,607
217,696
218,479
218,371
218,219
218,979
219,348
219,1066
220,868
220,372
221,1196
221,244
221,1564
221,1133
222,1347
222,1240
222,1478
223,420
223,1437
223,1132
223,242
224,267
225,1481
225,464
225,1373
226,1416
226,1571
226,507
226,1503
227,596
227,705
227,1506
228,338
228,448
228,291
228,818
229,726
229,989
229,292
229,425
230,337
230,315
230,641
231,404
231,253
232,1273
232,406
233,1512
233,1315
233,1360
234,1251
234,1406
234,1140
235,1361
235,1557
235,1295
236,652
236,409
236,1538
237,282
237,280
238,370
238,563
238,826
239,479
239,281
239,433
240,416
240,849
240,848
240,981
241,351
241,545
241,872
242,284
242,1023
242,1089
243,286
243,285
243,1545
243,1348
244,1565
245,1328
245,1394
245,355
245,1220
246,532
246,1261
246,270
247,464
247,1481
247,290
247,248
248,728
249,903
249,727
250,706
250,424
250,685
251,796
251,1014
251,727
252,945
252,1145
253,428
253,339
254,1057
254,1142
254,1295
255,1338
255,301
255,1297
255,1163
256,1559
256,540
256,473
256,277
257,541
257,1472
257,367
258,628
258,521
258,454
259,520
259,392
259,454
260,281
260,478
260,739
260,763
261,1046
261,459
261,391
262,916
262,829
262,674
262,1067
263,306
263,828
263,849
263,481
264,350
264,959
264,352
265,1435
266,1414
266,1068
267,1415
267,1263
268,463
268,550
269,1372
269,1549
269,489
270,357
270,597
271,381
271,905
271,356
272,686
272,535
272,621
272,884
273,447
273,666
274,471
274,424
274,1143
275,450
275,319
275,860
275,1208
276,1448
276,1427
276,295
277,297
277,496
278,1559
278,298
278,297
279,1449
279,1578
279,1580
279,1473
280,301
280,1426
280,1558
281,520
282,1581
282,611
282,806
283,521
283,894
283,1002
284,958
284,979
284,807
285,308
285,1023
286,1065
287,1304
287,1327
287,1196
287,1174
288,529
288,1374
289,378
289,1373
289,1548
289,530
290,1329
290,489
290,376
291,1504
291,444
292,684
292,447
292,840
293,685
293,880
293,444
294,970
294,750
295,709
295,514
295,556
296,1100
296,1189
298,1535
298,450
299,1187
299,1512
299,321
300,518
300,1490
300,410
300,1450
301,1471
301,344
302,1579
302,606
302,716
303,607
303,477
304,434
304,827
304,655
305,721
305,957
306,1003
306,546
306,808
307,394
307,999
307,503
308,978
308,1001
309,1286
309,1131
309,1152
309,528
310,419
310,1352
310,1327
310,1566
311,1526
311,313
312,575
312,594
312,1549
313,1418
313,553
313,402
314,708
314,333
314,465
314,359
315,814
315,773
316,361
316,597
316,446
317,1055
317,902
318,384
318,858
318,1232
318,1121
319,1185
319,1232
320,517
320,365
320,1186
320,1143
321,1514
321,406
321,367
322,1363
322,1491
322,1317
322,542
323,497
323,1559
323,519
324,344
324,632
324,675
324,674
325,345
325,1581
326,785
326,674
326,849
327,634
327,633
327,828
328,524
328,1112
328,546
328,654
329,1024
329,676
329,612
329,698
330,1134
330,1306
330,485
331,1220
331,526
331,1286
332,487
332,1242
332,1373
332,1304
333,1480
333,1330
333,1286
334,1418
334,1459
334,1438
335,399
335,664
335,467
336,425
336,1548
336,511
337,380
337,578
338,601
338,688
339,928
339,883
339,1124
340,536
340,925
340,1319
341,969
341,342
341,1319
342,518
342,1274
342,1427
343,1210
343,1493
343,364
344,1251
344,1405
345,497
345,563
346,805
347,720
347,893
347,937
347,675
348,651
348,825
349,370
349,678
349,1067
349,544
350,461
350,871
350,958
351,1155
351,851
351,1001
352,549
352,980
352,1026
353,1547
353,1287
353,394
354,1460
354,443
354,400
354,1199
355,486
355,1568
355,1261
356,1305
356,1396
356,1527
357,662
357,467
358,1569
358,753
358,728
358,774
359,859
359,597
359,640
360,793
360,729
360,447
360,621
361,403
361,796
361,556
362,514
362,449
362,1058
362,992
363,1167
363,451
363,450
364,494
364,1145
365,1492
365,1296
365,1254
366,410
368,1514
368,497
368,738
368,763
369,608
369,436
370,433
370,435
371,784
371,612
371,1045
372,457
372,718
372,982
373,827
373,1025
373,873
374,1263
374,981
374,438
374,1197
375,529
375,462
375,1525
375,1395
376,1328
376,1220
377,1461
377,1525
377,1524
379,620
379,621
379,1526
379,795
380,906
380,772
380,466
381,860
381,492
381,601
382,599
382,1014
382,948
382,642
383,493
383,902
383,384
383,428
384,1298
384,1037
385,1276
385,429
385,427
386,1385
386,1470
386,1449
386,519
387,432
387,1340
387,1427
388,411
388,1449
389,1470
389,1560
389,566
390,1537
390,565
391,607
391,565
392,983
392,783
392,848
393,482
393,1048
393,1024
393,871
394,1027
394,632
395,590
395,916
395,1026
395,1220
396,462
396,1306
396,481
396,1156
397,398
397,463
397,1242
398,441
398,1243
398,1416
399,1241
399,1568
399,552
400,1461
400,442
401,1482
401,445
401,705
402,881
402,882
402,727
403,1035
403,882
403,885
404,623
404,731
404,949
405,426
405,903
405,577
405,535
406,754
407,1273
407,1362
407,1102
407,1164
408,1406
408,1383
409,1492
409,452
410,517
410,673
411,476
411,1426
411,1404
412,479
412,1537
412,630
412,542
413,545
413,585
413,895
414,936
415,742
415,436
415,980
415,609
416,566
416,1154
416,853
417,613
417,980
417,937
418,636
418,1135
418,1396
418,659
419,1395
419,574
420,1483
420,1306
421,506
422,595
422,683
423,751
423,794
425,730
425,709
426,972
426,775
426,992
427,711
427,646
427,537
428,1100
428,1166
429,1275
429,602
429,1208
430,1535
430,603
430,1578
431,671
431,1447
431,1252
431,1558
432,1493
433,719
434,806
434,650
435,721
435,458
436,782
436,544
437,699
437,1178
437,984
438,806
438,893
438,635
439,679
439,505
439,613
439,592
440,484
440,1286
440,1395
440,441
441,681
441,616
442,1419
442,1241
442,1459
443,1546
444,1570
444,510
445,684
446,971
447,1016
448,577
448,774
448,1122
449,990
449,512
450,602
451,580
451,1341
451,1340
452,1365
452,582
453,1471
453,1516
454,1513
454,499
455,1561
455,501
456,654
456,499
457,871
457,677
457,982
458,610
458,478
459,633
459,743
459,826
460,1025
460,611
460,613
460,1069
461,1264
461,1176
461,917
462,681
462,1441
463,1438
463,531
464,1441
464,703
465,660
465,1439
465,1480
466,619
466,752
467,818
468,840
468,994
468,488
468,816
469,948
469,798
469,971
469,1168
470,624
470,819
470,1100
470,971
471,883
471,1034
471,775
472,1385
472,1167
472,1168
472,1122
473,604
473,582
473,1254
474,1472
474,1253
474,647
475,1513
475,1539
475,1429
475,1364
476,1516
476,1383
476,694
477,696
478,739
478,631
479,830
480,699
480,1024
480,1112
480,1113
481,784
481,1001
482,1287
482,939
482,503
483,547
483,1025
483,1331
483,1243
484,635
484,1198
484,1351
485,1569
485,617
485,573
486,509
486,1547
486,1308
487,660
487,1330
487,705
488,772
488,490
488,508
489,685
490,773
490,904
490,596
491,622
491,794
491,533
491,1058
492,537
492,667
492,1144
493,1123
493,797
493,645
494,1188
494,905
494,516
495,1147
495,1277
495,668
495,1451
496,1517
496,1145
496,1209
498,584
498,737
498,1583
499,740
500,783
500,630
501,698
501,674
501,589
502,544
502,1026
502,786
502,1090
503,828
503,1089
504,1221
504,636
504,1111
504,1069
505,1201
505,1111
505,1135
506,704
506,1372
506,1306
507,662
507,725
507,550
508,661
508,528
508,1375
509,1484
509,640
509,1505
510,882
510,639
511,730
511,688
511,861
512,838
512,927
512,1038
513,1017
513,1079
513,947
513,1168
514,1256
514,709
515,1274
515,1407
515,1300
515,970
516,1015
516,1104
516,1037
517,735
517,1209
518,586
519,1407
519,1496
520,740
521,761
521,542
522,696
522,873
522,896
523,936
523,1047
523,1091
523,718
524,657
524,783
524,894
525,1046
525,1133
525,635
525,698
526,1179
526,940
526,744
527,1285
527,570
527,1180
527,1135
528,1506
528,1504
529,1505
529,615
530,553
530,1309
531,664
532,726
532,554
532,553
533,619
533,928
534,860
534,752
534,907
534,906
535,970
535,688
536,951
536,579
536,733
537,1365
537,929
538,885
538,580
538,1101
538,777
539,1471
539,1472
539,1515
539,1408
540,1582
540,1210
540,1580
541,1493
541,1386
543,608
543,737
544,654
545,675
546,941
546,897
547,1045
547,634
547,723
548,1223
548,896
548,1069
548,744
549,1290
549,1463
549,984
550,745
550,572
551,660
551,593
551,552
552,685
552,661
553,729
554,883
555,969
555,687
555,686
555,641
556,710
556,666
557,1016
557,1078
557,775
557,926
558,1319
558,1190
558,625
558,1037
559,778
559,667
559,929
559,1319
560,606
560,736
560,1148
560,1408
561,801
561,693
561,692
562,1277
562,1538
563,649
564,762
564,827
564,1540
565,915
565,567
566,695
567,895
567,743
567,831
568,875
568,680
568,588
568,1245
569,1310
569,828
569,1092
569,872
570,1377
570,939
570,1047
571,746
571,1419
571,1222
571,1377
572,1135
572,595
572,1440
575,816
576,708
576,840
576,1549
577,905
578,710
578,947
578,819
579,1037
579,795
579,712
580,1060
580,1013
581,646
581,1039
581,863
581,884
582,733
582,1125
583,603
583,584
583,1297
583,1189
584,672
584,1453
585,1558
585,1408
586,1561
586,805
586,1560
587,608
587,764
587,825
588,850
589,656
589,1046
590,1070
590,851
590,853
591,1025
591,1072
591,961
591,676
592,1244
592,1311
592,678
593,1442
593,1287
593,1222
594,1460
594,749
594,789
595,747
596,682
598,620
598,817
598,816
599,620
600,951
600,729
600,928
600,862
601,1081
601,1212
602,907
602,1276
603,1366
603,1451
604,1342
604,715
604,1321
605,1430
605,760
605,673
605,1452
609,696
609,763
610,762
610,982
611,1114
611,829
612,633
612,614
613,1221
614,962
614,1374
614,1157
615,679
615,1505
615,1114
616,769
616,792
617,834
617,1397
618,659
618,1571
618,683
618,1505
619,730
621,925
622,1035
622,948
622,906
623,1170
623,734
623,643
624,1320
624,1146
624,1149
625,734
625,995
625,1060
626,1428
626,757
626,1211
626,1255
627,802
627,714
627,844
627,648
628,1559
628,1561
628,803
629,759
629,1539
631,760
631,718
631,869
632,721
632,743
633,784
634,1049
634,1115
635,677
636,898
636,833
637,790
637,748
637,1289
637,831
638,1483
638,1485
638,1461
639,1352
640,1528
640,727
641,859
642,927
643,664
643,1014
643,753
644,797
644,1147
644,1146
644,930
645,1127
645,1015
645,951
646,732
646,1323
647,1386
647,1301
647,1277
648,800
648,1236
648,1497
649,1562
650,1494
650,652
650,714
651,1539
652,915
653,936
653,895
653,914
654,720
655,875
655,786
655,1245
656,959
656,1133
656,1092
657,852
657,1159
657,1028
658,768
658,722
658,789
658,812
659,701
659,1528
660,748
661,1526
661,1395
662,682
663,1570
663,665
664,728
665,1015
665,686
665,711
666,839
666,752
667,1080
667,904
668,993
668,754
668,733
669,1321
669,1429
669,671
669,712
670,820
670,1409
670,693
670,1061
671,1344
671,1364
672,782
672,1431
673,1583
676,806
676,914
677,1092
677,722
678,1073
678,764
679,1114
679,1288
680,1027
680,790
680,1200
681,1330
681,1223
682,1574
682,1441
683,878
683,813
684,793
686,950
687,864
687,930
687,1013
688,819
689,1257
689,1213
689,1169
689,713
690,1432
690,820
690,1363
690,1234
691,1126
691,1519
691,1324
691,1234
692,1191
692,756
692,1560
693,1454
693,822
694,823
694,1409
695,1561
695,1517
697,916
697,938
697,870
698,720
699,1134
699,743
700,1290
700,1225
700,852
700,1070
701,1179
701,874
701,1071
702,1375
702,1181
702,964
702,832
703,1376
703,1486
703,1397
704,1509
704,1267
705,1398
706,1549
706,837
706,794
707,839
708,861
709,1059
710,991
710,1170
711,887
711,1211
712,821
712,1148
713,1233
713,1302
713,950
714,1276
714,779
715,1562
715,889
715,1387
716,1387
717,890
718,741
719,830
720,1005
721,1090
722,809
722,1158
723,1115
723,1029
723,897
724,1225
724,745
724,1290
724,896
725,1418
725,1269
725,1073
726,900
726,1508
729,749
730,947
731,1213
731,885
731,817
732,1148
732,1213
732,841
733,995
734,1430
734,993
735,822
735,803
735,1431
736,912
737,1344
738,1475
739,959
739,849
740,761
741,851
741,1091
742,939
742,1178
742,1072
744,1137
744,854
745,921
745,1289
746,1443
746,1421
746,1572
747,1335
747,855
747,879
748,1483
750,1529
751,880
753,926
753,818
754,756
754,972
755,1017
755,1038
755,863
755,1081
756,842
756,1389
757,1363
757,1040
757,842
758,890
758,1323
758,976
758,779
759,760
759,848
759,1582
760,1496
762,869
762,807
764,940
764,894
765,850
765,1179
765,983
765,1002
766,876
766,1269
766,1138
766,1421
767,1048
767,1204
767,1005
767,1004
768,1136
768,1138
768,1157
769,1031
769,1353
769,856
770,1509
770,790
771,1507
771,945
771,946
772,902
773,815
774,973
774,795
775,926
776,1366
776,797
776,1062
776,840
777,1036
777,1063
777,1454
778,911
778,1018
778,1499
779,1495
779,932
780,1388
780,932
780,1518
780,1517
781,1581
782,1495
784,830
785,962
785,1114
785,960
786,808
786,961
787,1051
787,872
787,918
787,1289
788,1265
788,1136
788,810
788,983
789,1158
789,1201
790,964
791,1268
791,1247
792,1397
793,989
793,1464
796,818
796,973
797,1082
798,863
798,1035
798,1059
799,1019
799,1017
799,843
799,1212
800,1062
800,1215
800,995
801,1279
801,1562
801,846
802,1498
802,1323
802,1541
803,891
804,934
804,1452
805,913
807,917
807,982
808,1004
808,1224
809,1027
809,961
809,1071
810,1377
810,1139
810,1288
811,1507
811,919
811,1094
811,1336
812,856
812,1423
812,1465
813,1311
813,1572
814,900
815,1528
815,1550
815,835
816,884
817,992
817,881
819,1147
820,1278
820,1365
821,1170
821,909
821,1214
822,1451
822,1342
823,888
823,997
823,843
824,911
824,1474
825,1540
825,1001
826,913
827,1044
829,831
829,897
830,1073
831,1117
832,1488
832,1008
832,1398
833,1400
833,1398
833,1050
834,986
834,876
834,1009
835,1507
836,1573
836,1054
836,923
837,880
837,1530
838,949
839,883
839,884
841,885
841,1211
841,992
842,909
842,864
843,1367
843,1430
844,1562
844,1105
844,1083
845,1386
845,1563
845,952
845,1343
846,1000
846,1022
846,1412
847,957
847,1388
847,1474
850,960
850,916
851,1047
852,1090
852,1003
853,1200
853,1202
854,1246
854,874
854,1202
855,1485
855,1007
855,901
856,1310
856,1445
857,1420
857,1268
857,858
857,1379
858,880
858,881
859,946
859,1012
861,1038
861,1057
862,1211
862,863
862,927
864,1256
864,1387
865,951
865,1543
865,911
865,1280
866,1106
866,1193
866,1413
866,1300
867,889
868,870
868,1368
868,1432
869,1475
872,1178
873,1072
873,919
874,919
874,1049
875,1050
875,1182
876,1201
876,1267
877,1464
877,1094
877,919
877,985
878,1466
878,1444
878,1398
879,946
879,923
881,1551
882,946
886,1191
886,1147
886,950
886,1102
887,1456
887,1151
887,1148
888,1369
888,908
888,1021
889,1543
889,1563
891,1541
891,1108
891,1518
892,913
892,938
892,914
892,915
893,1088
894,1004
895,1134
896,959
897,1138
898,1377
898,917
898,1009
899,943
899,1271
899,1293
899,1223
900,1444
900,1032
901,1421
901,1249
901,1011
903,948
904,1055
905,1123
906,1079
907,1060
907,1193
908,1411
908,972
908,1020
909,1125
909,1062
910,933
910,995
910,1043
911,1085
912,1476
913,1110
914,1002
915,1068
917,1267
918,1003
918,1116
918,1160
920,1358
920,1467
920,966
920,1007
921,1029
921,1163
922,1465
922,1098
922,1554
922,1030
923,1141
923,1423
924,1529
924,966
925,1099
927,1102
928,1255
929,975
929,1322
930,1280
930,949
931,1322
931,1018
931,1476
931,1103
932,1368
932,1322
933,1108
933,1152
934,1583
934,1474
935,1024
935,1086
935,956
936,1154
937,1045
938,1068
938,1155
939,1046
940,1158
940,1094
941,1248
941,963
941,1028
942,987
942,1313
942,1160
942,1441
943,1053
944,1203
944,1076
944,1333
945,1489
945,1226
949,1255
950,1169
952,1365
952,1325
952,1369
953,1433
953,1084
953,1324
953,1237
954,999
954,1192
954,1501
955,1194
955,1131
955,1171
955,1544
956,1433
957,1154
958,1088
958,1134
960,981
960,1177
961,1006
962,1244
962,1137
963,1355
963,1052
963,1445
964,1140
964,1576
965,1508
965,1271
965,1116
966,1334
967,1142
967,1118
967,1032
968,1122
968,1098
969,991
971,993
972,994
973,1410
973,1366
974,1018
974,1367
974,1212
974,1172
975,1455
975,1237
975,1565
976,1235
976,1063
977,1344
977,1345
977,1410
977,1107
978,1325
978,1110
978,1543
983,1224
984,1093
984,1029
985,1487
985,1051
985,1160
986,1268
986,1162
986,1354
987,1312
987,1030
988,1096
988,1073
988,1337
988,1554
989,1424
989,1551
990,1078
990,1165
991,1035
991,1166
993,1234
994,1235
994,1324
996,1390
996,1214
996,1368
996,1388
997,1149
997,1127
997,1369
998,1173
998,1105
998,1301
999,1370
1000,1543
1000,1044
1000,1520
1002,1070
1003,1156
1004,1181
1005,1224
1005,1291
1006,1029
1006,1071
1006,1026
1007,1247
1007,1160
1008,1445
1008,1486
1008,1575
1009,1576
1009,1422
1010,1077
1010,1034
1010,1294
1011,1057
1011,1252
1011,1230
1012,1033
1012,1057
1013,1166
1014,1124
1015,1016
1016,1300
1017,1235
1018,1020
1019,1020
1019,1216
1019,1542
1020,1564
1021,1519
1021,1497
1022,1153
1022,1544
1023,1130
1027,1049
1028,1136
1028,1354
1030,1270
1030,1573
1031,1444
1031,1292
1031,1574
1032,1402
1033,1075
1033,1553
1036,1104
1036,1143
1036,1190
1038,1192
1039,1169
1039,1040
1039,1409
1040,1346
1040,1105
1041,1279
1041,1043
1041,1062
1042,1239
1042,1434
1042,1171
1043,1434
1044,1154
1047,1288
1048,1246
1048,1244
1049,1332
1050,1180
1050,1532
1051,1354
1051,1400
1052,1488
1052,1116
1052,1556
1053,1382
1054,1292
1054,1163
1055,1253
1056,1187
1056,1186
1056,1207
1058,1125
1058,1144
1059,1061
1059,1299
1060,1061
1061,1410
1063,1130
1063,1498
1064,1175
1064,1519
1065,1175
1065,1197
1066,1347
1067,1262
1068,1087
1069,1266
1070,1333
1071,1222
1072,1443
1074,1401
1074,1293
1074,1075
1074,1185
1075,1250
1076,1467
1076,1248
1077,1489
1078,1254
1079,1167
1079,1103
1080,1144
1080,1146
1080,1101
1081,1124
1081,1103
1082,1233
1082,1190
1082,1171
1083,1434
1083,1389
1083,1151
1084,1347
1084,1323
1084,1215
1085,1436
1085,1150
1085,1523
1086,1281
1086,1195
1086,1436
1087,1545
1087,1413
1087,1433
1088,1218
1089,1243
1090,1092
1091,1115
1091,1113
1093,1378
1093,1332
1093,1443
1094,1376
1095,1489
1095,1335
1095,1137
1096,1203
1096,1510
1097,1401
1097,1292
1098,1251
1099,1360
1099,1555
1100,1123
1101,1122
1102,1145
1103,1236
1104,1324
1104,1411
1105,1151
1106,1501
1106,1172
1106,1301
1107,1153
1107,1281
1107,1192
1108,1348
1109,1368
1109,1393
1110,1392
1111,1308
1111,1262
1112,1307
1112,1157
1113,1176
1113,1264
1115,1355
1116,1182
1117,1311
1117,1246
1117,1422
1118,1379
1119,1205
1119,1206
1119,1185
1120,1140
1120,1359
1120,1206
1120,1578
1121,1577
1121,1317
1121,1294
1123,1169
1124,1188
1125,1344
1126,1302
1126,1194
1126,1343
1127,1326
1127,1301
1128,1279
1128,1519
1128,1455
1128,1435
1129,1432
1129,1345
1129,1303
1129,1151
1130,1498
1130,1523
1131,1500
1131,1544
1132,1350
1132,1264
1133,1243
1136,1200
1137,1310
1138,1313
1139,1530
1139,1226
1139,1378
1140,1402
1141,1359
1141,1164
1141,1380
1142,1271
1143,1297
1144,1318
1146,1233
1149,1257
1149,1454
1150,1370
1150,1566
1150,1303
1152,1370
1152,1520
1153,1285
1155,1176
1155,1330
1156,1198
1156,1245
1157,1221
1158,1204
1159,1313
1159,1442
1159,1464
1161,1423
1161,1227
1161,1443
1162,1447
1162,1553
1162,1378
1163,1165
1164,1446
1165,1341
1165,1185
1166,1275
1167,1187
1168,1210
1170,1235
1171,1278
1172,1411
1172,1280
1173,1217
1174,1349
1175,1458
1176,1218
1177,1307
1177,1265
1177,1332
1178,1202
1179,1352
1180,1291
1180,1246
1181,1401
1181,1312
1182,1467
1182,1268
1183,1510
1183,1532
1183,1382
1183,1424
1184,1205
1184,1577
1184,1533
1186,1513
1188,1275
1188,1274
1189,1299
1189,1255
1190,1275
1191,1276
1191,1256
1192,1412
1193,1478
1193,1278
1194,1566
1195,1457
1197,1283
1197,1328
1198,1567
1198,1217
1199,1331
1199,1200
1199,1308
1201,1224
1202,1335
1203,1267
1203,1288
1204,1337
1205,1359
1205,1552
1206,1530
1207,1488
1207,1336
1208,1469
1209,1316
1210,1384
1212,1407
1213,1389
1214,1259
1214,1237
1215,1565
1215,1327
1216,1478
1217,1415
1219,1373
1219,1394
1221,1440
1222,1309
1223,1266
1225,1378
1225,1421
1226,1314
1226,1446
1227,1229
1227,1446
1228,1403
1228,1532
1228,1272
1229,1358
1229,1250
1230,1297
1230,1534
1231,1318
1231,1407
1231,1361
1232,1320
1232,1233
1234,1299
1236,1257
1236,1412
1237,1453
1238,1523
1238,1479
1238,1499
1238,1260
1239,1326
1239,1500
1239,1258
1240,1477
1241,1351
1242,1351
1244,1332
1245,1312
1247,1376
1247,1334
1249,1314
1249,1315
1249,1534
1252,1534
1252,1536
1253,1579
1254,1364
1256,1298
1257,1388
1258,1346
1258,1475
1258,1499
1259,1282
1259,1367
1260,1455
1260,1349
1260,1346
1261,1348
1262,1482
1262,1437
1265,1375
1265,1439
1266,1374
1266,1311
1269,1531
1269,1533
1270,1509
1270,1355
1273,1556
1274,1341
1277,1343
1278,1429
1279,1453
1280,1346
1281,1478
1282,1390
1282,1304
1283,1567
1284,1524
1284,1546
1284,1326
1285,1391
1287,1417
1289,1356
1290,1420
1291,1334
1291,1554
1292,1422
1293,1531
1293,1399
1296,1469
1298,1406
1298,1494
1299,1495
1300,1541
1302,1521
1302,1410
1303,1414
1304,1521
1305,1328
1305,1523
1307,1525
1308,1372
1309,1329
1309,1419
1310,1376
1312,1552
1313,1556
1314,1382
1315,1448
1315,1316
1316,1424
1317,1428
1317,1534
1318,1491
1320,1385
1320,1340
1321,1362
1321,1322
1325,1479
1325,1520
1327,1503
1329,1568
1331,1416
1331,1438
1333,1552
1333,1530
1334,1553
1335,1354
1337,1339
1338,1511
1339,1576
1339,1405
1340,1577
1341,1492
1342,1362
1342,1364
1343,1387
1345,1409
1347,1567
1348,1457
1350,1372
1350,1504
1350,1546
1352,1569
1353,1442
1353,1526
1353,1484
1355,1440
1356,1508
1356,1357
1356,1400
1357,1555
1357,1400
1358,1487
1358,1575
1360,1384
1361,1382
1361,1450
1362,1557
1363,1515
1366,1386
1371,1391
1371,1458
1374,1420
1375,1529
1379,1399
1379,1573
1380,1381
1380,1512
1381,1383
1384,1426
1384,1470
1389,1456
1390,1521
1392,1567
1393,1457
1394,1462
1396,1484
1396,1525
1397,1442
1399,1420
1399,1508
1401,1446
1402,1510
1405,1491
1411,1476
1412,1479
1413,1542
1415,1438
1416,1462
1417,1524
1422,1486
1423,1425
1425,1447
1426,1469
1428,1516
1430,1450
1431,1518
1433,1499
1434,1476
1437,1459
1439,1550
1447,1467
1448,1516
1451,1473
1454,1497
1458,1544
1459,1502
1460,1570
1462,1529
1463,1571
1463,1552
1464,1509
1465,1551
1465,1511
1466,1468
1466,1488
1468,1556
1468,1490
1474,1475
1480,1503
1481,1566
1484,1528
1485,1487
1486,1506
1489,1553
1490,1555
1491,1536
1497,1520
1498,1541
1502,1504
1502,1524
1507,1572
1510,1574
1511,1531
1512,1557
1513,1533
1527,1550
1542,1583
1554,1555
