0,66
0,889
0,174
1,892
1,1562
1,1477
1,1215
2,867
2,1172
2,1346
2,1088
3,888
3,179
3,1457
3,1435
4,289
4,1347
4,135
4,1238
5,1504
5,1285
5,1566
5,1131
6,1544
6,1413
6,1305
6,441
7,509
7,335
7,179
7,529
8,226
8,661
8,1350
8,663
9,837
9,660
9,616
9,1547
10,99
10,574
10,400
10,944
11,144
11,1419
11,1529
11,1550
12,1377
12,899
12,881
12,1161
13,55
13,231
13,968
13,1140
14,1075
14,1052
14,78
14,1446
15,38
15,1273
15,34
15,1096
16,1253
16,364
16,1252
16,320
17,1360
17,1164
17,1253
17,1558
18,345
18,234
18,1560
18,1537
19,715
19,1407
19,1427
19,518
20,44
20,283
20,693
20,87
21,217
21,890
21,1539
21,780
22,889
22,823
22,1022
22,1519
23,1023
23,780
23,91
23,109
24,178
24,867
24,68
24,1021
25,1412
25,1545
25,1457
25,288
26,1130
26,1128
26,48
26,1110
27,1482
27,180
27,113
27,1526
28,266
28,1416
28,291
28,50
29,137
29,335
29,574
29,181
30,683
30,139
30,1482
30,182
31,554
31,530
31,878
31,553
32,1483
32,552
32,838
32,1420
33,727
33,119
33,1464
33,1485
34,36
34,1204
34,1574
35,1379
35,1446
35,79
35,77
36,1030
36,1226
36,1576
37,103
37,1338
37,1532
37,1359
38,150
38,1381
38,1164
39,149
39,541
39,431
39,169
40,1535
40,518
40,366
40,84
41,457
41,606
41,193
41,717
42,497
42,586
42,195
42,128
43,1386
43,847
43,238
43,759
44,1564
44,1064
44,911
45,717
45,1563
45,953
45,197
46,1239
46,200
46,263
46,1261
47,1022
47,1284
47,1522
47,1302
48,1042
48,1478
48,266
49,1394
49,1283
49,1417
49,309
50,331
50,354
50,1505
51,334
51,442
51,267
51,71
52,424
52,1417
52,442
52,163
53,638
53,511
53,55
53,642
54,705
54,1486
54,532
54,270
55,725
55,1032
56,1509
56,120
56,1380
56,879
57,1227
57,59
57,1182
57,145
58,1313
58,1229
58,1576
58,921
59,1512
59,1315
59,82
60,1382
60,1164
60,234
60,342
61,1429
61,432
61,344
61,453
62,172
62,1385
62,651
62,520
63,478
63,322
63,629
63,1451
64,1453
64,564
64,1451
64,783
65,737
65,1408
65,957
65,1561
66,1432
66,1042
66,1021
67,1562
67,1542
67,1259
67,999
68,1476
68,1238
68,1326
69,1346
69,1480
69,1412
69,1329
70,287
70,1327
70,1543
70,1546
71,1504
71,1217
71,333
72,576
72,291
72,551
72,160
73,443
73,446
73,1525
73,620
74,487
74,358
74,490
74,465
75,510
75,925
75,1463
75,726
76,772
76,161
76,1054
76,706
77,728
77,1510
77,1464
78,230
78,1053
78,1120
79,123
79,211
79,146
80,101
80,1512
80,1075
80,210
81,254
81,410
81,82
81,298
82,1472
82,1514
83,149
83,1556
83,1362
83,105
84,693
84,652
84,649
85,303
85,171
85,719
85,391
86,1474
86,346
86,674
86,521
87,847
87,262
87,108
88,1086
88,1561
88,762
88,173
89,1196
89,1389
89,1001
89,957
90,1369
90,1502
90,1241
90,1021
91,1371
91,199
91,1020
92,114
92,1088
92,155
92,1174
93,1173
93,1526
93,1569
93,203
94,423
94,1285
94,1329
94,1348
95,204
95,1481
95,379
95,596
96,249
96,682
96,312
96,751
97,334
97,684
97,490
97,142
98,685
98,271
98,183
98,251
99,882
99,122
99,792
100,1575
100,1488
100,1119
100,987
101,1074
101,943
101,1186
102,1578
102,1338
102,1532
102,124
103,147
103,1511
103,300
104,1227
104,169
104,368
104,148
105,1516
105,432
105,433
106,1516
106,498
106,235
106,1494
107,696
107,129
107,562
107,587
108,434
108,628
108,672
109,696
109,823
109,650
110,1153
110,761
110,978
110,824
111,157
111,825
111,1349
111,1110
112,198
112,1393
112,1109
112,1391
113,1022
113,1286
113,1327
114,135
114,1326
114,1219
115,1457
115,1218
115,1549
115,1261
116,595
116,683
116,530
116,1527
117,400
117,815
117,313
117,793
118,532
118,294
118,817
118,641
119,444
119,617
119,858
120,293
120,1508
120,1573
121,274
121,834
121,944
121,339
122,1139
122,1056
122,902
123,1488
123,1162
123,1055
124,1231
124,1380
124,209
125,1119
125,431
125,1514
125,324
126,431
126,1559
126,1579
126,257
127,1582
127,409
127,565
127,1405
128,783
128,171
128,1536
129,588
129,458
129,345
130,606
130,285
130,564
130,1496
131,868
131,239
131,240
131,827
132,1542
132,869
132,826
132,915
133,1500
133,265
133,1044
133,1172
134,222
134,307
134,1346
134,1132
135,1522
135,1239
136,378
136,201
136,1548
136,202
137,1304
137,1569
137,1570
138,1547
138,485
138,311
138,442
139,398
139,664
139,463
140,294
140,337
140,836
140,1551
141,730
141,250
141,749
141,577
142,860
142,1033
142,292
143,706
143,1165
143,729
143,1551
144,1401
144,277
144,1229
145,189
145,1162
145,1139
146,1033
146,212
146,386
147,167
147,234
147,1490
148,1315
148,389
148,408
149,1382
149,214
150,478
150,1559
150,716
151,195
151,763
151,695
151,304
152,807
152,174
152,543
152,433
153,327
153,1022
153,632
153,177
154,1109
154,220
154,870
154,892
155,911
155,1347
155,1325
156,396
156,395
156,1414
156,1108
157,178
157,1132
157,1504
158,159
158,1393
158,1348
158,420
159,247
159,1549
159,445
160,333
160,750
160,1415
161,246
161,618
161,424
162,814
162,618
162,1528
162,599
163,597
163,598
163,726
164,882
164,184
164,230
164,165
165,1121
165,1184
165,383
166,384
166,990
166,969
166,297
167,1383
167,1426
167,252
168,1185
168,1515
168,1404
168,1228
169,1251
169,455
170,257
170,282
170,1470
170,542
171,1493
171,476
172,1517
172,411
172,610
173,283
173,369
173,759
174,1541
174,458
175,675
175,198
175,416
175,458
176,977
176,979
176,284
176,893
177,1478
177,244
177,1326
178,1152
178,1197
179,1436
179,1369
180,1131
180,465
180,1176
181,1546
181,202
182,486
182,1438
182,1416
183,270
183,401
183,268
184,226
184,203
184,404
185,726
185,967
185,903
185,401
186,1054
186,577
186,990
186,969
187,362
187,922
187,923
187,252
188,251
188,276
188,253
188,255
189,1315
189,406
189,384
190,1119
190,323
190,1250
190,1471
191,1536
191,1209
191,1580
191,365
192,256
192,343
192,1492
192,279
193,544
193,1360
193,457
194,1517
194,458
194,543
194,740
195,414
195,607
196,824
196,851
196,629
196,848
197,868
197,1043
197,610
198,1155
198,849
199,245
199,1089
199,1195
200,223
200,1216
200,1220
201,1239
201,1546
201,1087
202,466
202,1548
203,619
203,292
204,685
204,618
204,380
205,466
205,422
205,1505
205,425
206,641
206,447
206,708
206,488
207,749
207,273
207,837
207,665
208,794
208,1076
208,770
208,751
209,384
209,924
209,902
210,1163
210,296
210,1275
211,1448
211,386
211,344
212,1274
212,1555
212,1556
213,280
213,1337
213,1252
213,277
214,1449
214,1582
214,237
215,1448
215,346
215,545
215,1449
216,848
216,475
216,456
216,672
217,328
217,609
217,522
218,631
218,434
218,327
218,543
219,977
219,958
219,763
219,436
220,1177
220,1046
220,912
221,307
221,913
221,1370
221,1155
222,1330
222,1500
222,310
223,1328
223,1349
223,1395
224,375
224,245
224,400
224,551
225,509
225,1416
225,402
225,1351
226,333
226,1526
227,273
227,639
227,378
227,709
228,578
228,534
228,752
228,574
229,793
229,338
229,404
229,358
230,905
230,359
231,860
231,1035
231,1032
232,407
232,1120
232,341
232,1555
233,1013
233,340
233,253
233,407
234,1231
235,1186
235,367
235,1275
236,608
236,432
236,433
236,369
237,1557
237,718
237,477
238,781
238,454
238,697
239,392
239,347
239,633
240,677
240,829
240,588
241,349
241,305
241,391
241,851
242,891
242,912
242,1089
242,438
243,1067
243,1348
243,438
243,1372
244,1109
244,1243
244,1198
245,1567
245,418
246,1479
246,398
246,1503
247,619
247,551
247,529
248,664
248,1550
248,380
248,596
249,555
249,770
249,727
250,1035
250,577
250,445
251,555
251,773
252,406
252,319
253,1186
253,321
254,299
254,1577
254,1188
255,1294
255,496
255,1231
256,1534
256,1450
256,1142
257,390
257,324
258,1515
258,653
258,521
258,368
259,281
259,1561
259,498
259,694
260,499
260,519
260,542
260,720
261,808
261,806
261,632
261,479
262,762
262,1047
262,825
263,284
263,461
263,827
264,914
264,1069
264,1025
264,1021
265,1306
265,1086
265,936
266,330
266,1111
267,1567
267,1526
267,1350
268,334
268,311
268,1459
269,336
269,377
269,1461
269,597
270,621
270,358
271,750
271,686
271,468
272,554
272,861
272,378
272,1014
273,971
273,861
274,903
274,555
274,450
275,1166
275,494
275,426
275,1188
276,278
276,1187
276,1340
277,1098
277,297
278,1272
278,342
278,301
279,1447
279,455
279,1296
280,1429
280,476
280,454
281,304
281,347
281,323
282,1538
282,762
282,673
283,936
283,717
284,611
284,829
285,417
285,350
285,980
286,1287
286,1067
286,504
286,999
287,1177
287,1175
287,311
288,353
288,309
288,441
289,374
289,1305
289,1479
290,356
290,1439
290,489
290,1523
291,468
291,598
292,444
292,597
293,423
293,620
293,600
294,772
294,771
295,1144
295,686
295,383
295,967
296,405
296,1036
296,342
297,1254
297,340
298,1384
298,1228
298,1011
299,428
299,342
299,518
300,518
300,366
300,1276
301,454
301,1490
301,430
302,1473
302,587
302,1537
302,738
303,544
303,388
303,480
304,937
304,411
305,916
305,566
305,852
306,546
306,437
306,739
306,352
307,1155
307,1111
308,1175
308,484
308,935
308,982
309,1066
309,1043
310,1175
310,1242
310,1308
311,1416
312,1545
312,419
312,335
313,596
313,598
313,1548
314,728
314,555
314,446
314,403
315,575
315,881
315,488
315,1571
316,841
316,642
316,686
316,838
317,1100
317,947
317,841
317,556
318,1100
318,729
318,1167
318,1078
319,429
319,340
319,1123
320,1185
320,1078
320,474
321,367
321,1578
321,494
322,1381
322,1274
322,473
323,499
323,1360
324,477
324,1536
325,389
325,345
325,739
325,344
326,392
326,894
326,630
326,499
327,825
327,694
328,567
328,697
328,434
329,916
329,784
329,460
329,1087
330,1157
330,1349
330,1287
331,1068
331,1178
331,1264
332,1240
332,1566
332,1154
332,552
333,510
334,662
335,1527
336,487
336,927
336,817
337,575
337,492
337,663
338,753
338,772
339,667
339,902
339,534
340,1275
341,1055
341,537
341,1232
343,474
343,364
343,1341
344,1340
345,1317
346,1538
346,827
347,502
347,676
348,695
348,675
348,523
348,914
349,983
349,414
349,1090
350,483
350,374
350,828
351,590
351,1243
351,1066
351,462
352,1221
352,1284
352,938
353,1218
353,1025
353,1305
354,1331
354,1417
354,1439
355,508
355,1461
355,1348
355,506
356,575
356,620
356,1568
357,445
357,532
357,552
357,531
358,662
359,903
359,818
359,883
360,948
360,794
360,684
360,795
361,1187
361,622
361,819
361,709
362,925
362,666
362,1145
363,429
363,1208
363,406
363,947
364,1492
364,560
365,495
365,1296
365,1491
366,539
366,1230
367,564
367,387
368,563
368,584
369,698
369,716
370,587
370,677
370,786
370,524
371,479
371,980
371,785
371,504
372,414
372,678
372,653
372,979
373,917
373,1265
373,1046
373,852
374,1110
374,1266
375,1460
375,1307
375,1481
376,527
376,1461
376,1567
376,1375
377,1330
377,554
377,617
378,1418
379,796
379,751
379,643
380,771
380,707
381,1013
381,601
381,1059
381,449
382,925
382,428
382,645
382,535
383,580
383,818
384,1098
385,1251
385,387
385,1405
385,1102
386,475
386,1185
387,606
387,1187
388,1513
388,390
388,456
389,455
389,1473
390,785
390,694
391,565
391,566
392,805
392,721
393,1134
393,634
393,872
393,1114
394,676
394,483
394,786
394,830
395,939
395,527
395,1134
396,1111
396,637
396,1090
397,1394
397,419
397,1374
397,1419
398,484
398,1199
399,1284
399,1504
399,640
399,1524
400,444
401,730
401,708
402,554
402,510
402,621
403,510
403,795
403,621
404,644
404,601
405,1190
405,775
405,1233
406,1277
407,624
407,430
408,581
408,1364
408,1122
409,1208
409,1318
409,1384
410,563
410,1318
410,540
411,605
411,500
412,651
412,631
412,719
412,1494
413,521
413,590
413,895
413,760
414,652
415,524
415,959
415,434
415,913
416,1201
416,961
416,849
417,980
417,1024
417,505
418,1396
418,1262
418,482
419,1394
419,1197
420,1459
420,1571
420,1328
421,465
421,639
421,598
421,573
422,771
422,773
422,1437
423,446
423,749
424,819
424,839
425,533
425,1034
425,426
426,1016
426,755
427,862
427,774
427,513
427,730
428,669
428,1255
429,430
429,582
430,1254
431,1517
432,652
433,520
435,938
435,547
435,807
435,676
436,544
436,806
436,783
437,590
437,697
437,827
438,1220
438,893
439,1003
439,1002
439,1310
439,1154
440,1199
440,1176
440,636
440,1437
441,1263
441,1547
442,618
443,1527
443,1286
443,507
444,489
445,576
446,447
447,949
447,928
448,624
448,577
448,491
448,1125
449,668
449,1013
449,795
450,517
450,538
450,798
451,602
451,1209
451,1147
451,1429
452,1342
452,562
452,560
452,1362
453,1538
453,1537
453,1557
454,1517
455,650
456,478
456,632
457,981
457,783
459,1070
459,1004
459,766
459,872
460,592
460,1092
460,678
461,916
461,699
461,1288
462,1350
462,528
462,1438
463,1243
463,574
463,528
464,1349
464,682
464,1397
464,1351
465,1373
466,1483
466,486
467,927
467,644
467,619
467,840
468,557
468,840
469,728
469,1013
469,1122
469,818
470,579
470,754
470,973
470,643
471,623
471,1101
471,820
471,1165
472,1274
472,1123
472,1210
472,1361
473,1273
473,1317
473,626
474,1404
474,648
475,1560
475,1582
476,1450
476,1492
477,585
477,588
478,565
479,546
479,1025
480,957
480,1001
480,1089
481,523
481,1133
481,962
481,764
482,1004
482,897
482,503
483,1090
483,1046
484,701
484,1417
485,529
485,1332
485,703
486,1396
486,638
487,1375
487,1373
488,639
488,795
489,622
489,533
490,859
490,861
491,1059
491,906
491,926
492,1168
492,712
492,1038
493,1017
493,951
493,797
493,1034
494,561
494,1298
495,517
495,1275
495,561
496,1187
496,1253
496,625
497,1470
497,692
497,630
498,584
498,609
499,631
500,675
500,544
500,608
501,765
501,673
501,960
501,782
502,914
502,915
502,874
503,959
503,679
503,524
504,1024
504,1134
505,702
505,1309
505,939
506,1460
506,570
506,682
507,1306
507,1418
507,1307
508,663
508,1570
508,531
509,706
509,640
511,754
511,794
511,664
512,885
512,599
512,882
512,732
513,752
513,949
513,1034
514,1016
514,600
514,1147
514,993
515,799
515,930
515,667
515,1125
516,1079
516,540
516,714
516,1016
517,1363
517,1321
519,759
519,1496
519,585
520,1495
520,608
521,1581
522,719
522,805
522,893
523,1113
523,893
524,1222
525,720
525,1135
525,1089
525,1222
526,1093
526,1263
526,1027
526,1288
527,1394
527,1069
528,1528
528,1200
529,1353
530,1527
530,1529
531,1438
531,1395
532,1549
533,710
533,707
534,991
534,1058
535,992
535,794
535,643
536,1168
536,993
536,796
536,1123
537,643
537,863
537,1232
538,669
538,1188
538,1060
539,1080
539,1450
539,581
540,1210
540,1473
541,1318
541,692
541,674
542,628
542,740
543,654
545,872
545,651
545,961
546,653
546,635
547,1112
547,1265
547,1045
548,960
548,785
548,829
548,1047
549,1286
549,636
549,1331
549,637
550,1483
550,1418
550,659
550,571
551,1460
552,770
553,729
553,1503
553,599
556,1081
556,1015
556,623
557,930
557,971
557,601
558,1105
558,582
558,995
558,647
559,580
559,1235
559,884
559,908
560,1365
560,605
561,1232
562,1579
562,715
563,718
563,1449
564,784
565,760
566,808
566,676
567,805
567,656
567,787
568,853
568,809
568,1005
568,1244
569,1264
569,1049
569,894
569,1159
570,939
570,1068
570,1072
571,1266
571,1133
571,1267
572,703
572,1266
572,1221
572,1506
573,662
573,1529
573,658
575,1568
576,620
576,727
578,904
578,1037
578,816
579,689
579,776
579,1234
580,992
580,755
581,1408
581,1078
582,626
582,668
583,627
583,1322
583,1582
583,1516
584,1428
584,1320
585,650
585,605
586,737
586,1495
586,630
587,871
588,590
589,1024
589,896
589,739
589,1114
591,1116
591,1244
591,850
591,742
592,1308
592,1354
592,615
593,1286
593,1242
593,614
593,1419
594,1245
594,1439
594,1375
594,856
595,792
595,1525
595,703
596,703
597,705
599,973
600,1057
600,1101
601,733
602,1319
602,648
602,995
603,733
603,1276
603,1213
603,909
604,1124
604,1190
604,690
604,1560
605,1561
606,1385
607,650
607,781
607,628
608,784
609,738
609,915
610,765
610,918
611,743
611,806
611,788
612,875
612,1181
612,851
612,743
613,1137
613,1225
613,898
613,724
614,1352
614,832
614,616
615,1308
615,1395
615,898
616,1462
616,1572
617,1374
617,663
619,858
621,815
622,838
622,686
623,688
623,947
624,1083
624,1279
625,1321
625,1385
625,667
626,843
626,952
627,1323
627,821
627,1428
628,1322
629,847
629,782
630,871
631,633
632,741
633,828
633,849
634,938
634,917
634,723
635,1050
635,680
635,741
636,790
636,1136
637,1486
637,723
638,746
638,1398
639,1551
640,683
640,1550
641,814
641,685
642,665
642,885
644,839
644,1036
645,1017
645,1146
645,753
646,884
646,1039
646,844
646,776
647,1212
647,1255
647,1277
648,1496
648,801
649,1387
649,1256
649,1454
651,1583
652,892
653,741
654,958
654,1092
654,1113
655,1112
655,1071
655,1004
655,1156
656,873
656,1177
656,765
657,1244
657,725
657,1048
657,896
658,1483
658,1396
658,700
659,813
659,745
659,1484
660,1506
660,1439
660,1265
661,858
661,834
661,1332
662,1529
664,816
665,798
665,973
666,929
666,1015
666,685
667,1166
668,994
668,841
669,1147
669,777
670,756
670,1474
670,689
670,1363
671,1496
671,824
671,1495
671,1452
672,715
672,695
673,739
673,806
674,719
674,826
675,721
677,1025
677,1071
678,919
678,851
679,1178
679,808
679,1028
680,943
680,1309
680,1508
681,744
681,700
681,1006
681,1116
682,1352
683,791
684,1569
684,1507
687,711
687,820
687,927
687,799
688,1145
688,1104
688,710
689,1324
689,863
690,1036
690,866
690,1080
691,930
691,1562
691,1256
691,845
692,1406
692,1452
693,1278
693,1363
694,803
695,1580
696,764
696,871
697,981
698,894
698,699
698,1026
699,1114
699,1203
700,984
700,743
701,788
701,830
701,1332
702,1334
702,1288
702,1573
704,855
704,856
704,1465
704,1311
705,901
705,922
706,1507
707,749
707,946
708,990
708,750
709,1036
709,755
710,733
710,1148
711,1300
711,970
711,993
712,1235
712,1015
712,1214
713,1189
713,1169
713,822
713,951
714,1257
714,1560
714,1105
715,760
716,1453
716,1409
717,803
718,914
718,807
720,809
720,1002
721,1006
721,1246
722,1182
722,765
722,981
722,1137
723,1029
723,1201
724,1287
724,1398
724,1265
725,944
725,1246
726,1440
727,923
728,840
729,881
730,732
731,1168
731,774
731,840
731,1167
732,1149
732,928
733,1299
734,1189
734,1063
734,1233
734,1037
735,911
735,755
735,1062
735,1211
736,1516
736,868
736,1581
736,738
737,845
737,1451
738,1581
740,1003
740,935
741,743
742,940
742,874
742,786
744,1047
744,1200
744,1376
745,1028
745,1091
745,1420
746,1180
746,1117
746,1029
747,1376
747,1443
747,966
747,1466
748,1486
748,1505
748,989
748,1570
750,815
751,1014
752,797
752,970
753,839
753,885
754,1081
754,929
756,819
756,1343
756,950
757,1411
757,864
757,1431
757,890
758,1256
758,933
758,1323
758,1298
759,779
760,1452
761,762
761,1000
761,870
763,1070
763,828
764,941
764,937
766,1310
766,1311
766,876
767,1030
767,811
767,1246
767,1048
768,833
768,1353
768,1050
768,1485
769,878
769,813
769,832
769,1007
770,858
771,947
773,837
773,816
774,1080
774,883
775,1125
775,798
775,1104
776,953
776,1343
777,862
777,1147
777,1410
778,1280
778,1430
778,930
778,932
779,1169
779,1324
779,1433
780,1019
780,1279
781,891
781,955
782,848
782,955
784,1069
785,1005
786,854
787,985
787,919
787,1071
788,899
788,1289
789,811
789,1466
789,1031
789,1118
790,1356
790,1290
790,1333
791,943
791,900
791,1530
792,879
792,1571
793,882
793,1465
796,907
796,972
797,971
797,906
798,905
799,906
799,1148
800,1168
800,1431
800,975
800,1367
801,1583
801,1388
801,976
802,804
802,846
802,996
802,825
803,936
803,1387
804,977
804,1498
804,1562
805,915
807,1026
808,1093
809,960
809,1094
810,1138
810,1465
810,898
810,1288
811,1508
811,1178
812,1485
812,1245
812,920
812,1462
813,1509
813,1507
814,1464
814,860
815,969
816,946
817,969
817,883
818,991
819,1126
820,952
820,992
821,952
821,909
821,1324
822,951
822,1408
822,1540
823,1299
823,956
824,1452
826,1045
826,1583
828,849
829,1027
830,1244
830,896
831,1312
831,1181
831,1180
831,1311
832,984
832,876
833,1289
833,1554
833,942
834,1267
834,1072
835,1376
835,1053
835,1530
835,859
836,880
836,1506
836,1571
837,967
838,904
839,949
841,862
842,886
842,1038
842,928
842,1014
843,1455
843,1082
843,1084
844,1171
844,1412
844,1257
845,1192
845,888
846,1236
846,1390
846,1106
847,889
848,891
850,958
850,1112
850,913
852,1158
852,1026
853,918
853,1202
853,1004
854,984
854,1353
854,856
855,1268
855,1441
855,1310
856,1203
857,1051
857,1313
857,1097
857,1572
859,1573
859,1054
860,906
861,1124
862,884
863,1016
863,1170
864,1103
864,887
864,1259
865,1018
865,910
865,1062
865,1213
866,1194
866,1129
866,1041
867,1565
867,1107
868,1000
869,1023
869,1498
869,1043
870,1003
870,916
871,892
872,1068
873,1026
873,1136
873,1223
874,1179
874,1070
875,1400
875,1182
875,1333
876,941
876,1463
877,1356
877,1118
877,1227
877,923
878,1290
878,923
879,1031
879,1033
880,1099
880,988
880,1012
881,968
883,950
884,948
885,887
886,1389
886,908
886,1345
887,1211
887,1409
888,934
888,1343
889,1237
890,979
890,1064
891,978
894,936
895,959
895,937
895,896
897,1180
897,1135
897,1070
898,1116
899,1074
899,1399
900,1576
900,1203
900,1181
901,946
901,1076
901,1574
902,1076
903,1012
904,1037
904,1124
905,1035
905,1078
907,1300
907,974
907,1193
908,1038
908,928
909,998
909,1084
910,1518
910,1430
910,1563
911,1541
912,1476
912,957
913,1001
917,1159
917,1245
918,1333
918,983
919,1336
919,1356
920,1397
920,1158
920,1162
921,1553
921,987
921,1337
922,943
922,1051
924,926
924,1553
924,1509
925,1099
926,1012
926,1145
927,1079
929,1104
929,1058
931,996
931,1475
931,1238
931,973
932,1303
932,1389
932,1454
933,1499
933,979
933,1042
934,1368
934,1474
934,1434
935,999
935,1540
937,1045
938,1113
939,1046
940,1179
940,1290
940,1266
941,1094
941,1202
942,1314
942,1226
942,1224
944,1008
945,1141
945,1511
945,1009
945,1399
946,966
948,972
948,1100
949,1169
950,1059
950,1103
951,1235
952,1151
953,1430
953,1388
954,1085
954,1301
954,1213
954,1172
955,1345
955,1282
956,1110
956,1086
956,1173
958,1176
959,1001
960,1135
961,1027
961,1048
962,1160
962,1028
962,1161
963,1202
963,1530
963,1201
963,964
964,1423
964,1575
964,1354
965,1031
965,1183
965,1249
965,1207
966,1077
966,1292
967,1488
968,1009
968,1098
970,1015
970,1011
971,1056
972,995
972,1211
974,1454
974,1390
974,1365
975,1456
975,1388
975,1062
976,1236
976,1522
976,1020
977,1000
978,1521
978,1216
980,1003
981,1135
982,1024
982,1199
982,1156
983,1005
983,1222
984,1290
985,1073
985,1336
985,1115
986,1075
986,1487
986,1029
986,1225
987,1095
987,1378
988,1551
988,1424
989,1228
989,1009
989,1293
990,1143
991,1121
991,1145
992,1037
993,1101
994,1189
994,1170
994,1102
995,1410
996,1064
996,1194
997,1193
997,1521
997,1083
997,1128
998,1476
998,1196
998,1545
999,1520
1000,1217
1002,1111
1002,1088
1005,1179
1006,1378
1006,1222
1007,1271
1007,1511
1007,1206
1008,1425
1008,1075
1008,1468
1009,1226
1010,1161
1010,1272
1010,1012
1010,1294
1011,1077
1011,1555
1014,1122
1017,1059
1017,1127
1018,1564
1018,1085
1018,1190
1019,1195
1019,1367
1019,1040
1020,1455
1020,1149
1023,1131
1023,1564
1027,1334
1028,1223
1029,1355
1030,1206
1030,1117
1031,1094
1032,1292
1032,1164
1033,1576
1034,1123
1035,1056
1038,1214
1039,1367
1039,1191
1039,1282
1040,1544
1040,1194
1040,1060
1041,1152
1041,1173
1041,1149
1042,1239
1043,1303
1044,1197
1044,1154
1044,1565
1045,1241
1047,1092
1048,1114
1049,1137
1049,1093
1049,1091
1050,1311
1050,1073
1051,1575
1051,1223
1052,1444
1052,1381
1052,1359
1053,1424
1053,1445
1054,1425
1055,1099
1055,1273
1056,1208
1057,1253
1057,1077
1057,1079
1058,1212
1058,1319
1060,1081
1060,1279
1061,1303
1061,1126
1061,1277
1061,1234
1062,1498
1063,1520
1063,1260
1063,1413
1064,1501
1065,1371
1065,1084
1065,1499
1065,1477
1066,1544
1066,1217
1067,1133
1067,1198
1068,1091
1069,1221
1071,1138
1072,1180
1072,1268
1073,1247
1073,1179
1074,1357
1074,1335
1076,1229
1077,1096
1079,1103
1080,1298
1081,1167
1082,1212
1082,1084
1082,1366
1083,1477
1083,1520
1085,1500
1085,1388
1086,1411
1087,1242
1087,1434
1088,1220
1090,1223
1091,1092
1093,1398
1094,1378
1095,1270
1095,1249
1095,1291
1096,1531
1096,1573
1097,1403
1097,1357
1097,1141
1098,1141
1099,1295
1100,1102
1101,1255
1102,1146
1103,1344
1104,1234
1105,1128
1105,1477
1106,1191
1106,1475
1106,1479
1107,1240
1107,1214
1107,1237
1108,1196
1108,1219
1108,1370
1109,1566
1112,1331
1113,1201
1115,1224
1115,1422
1115,1354
1116,1248
1117,1377
1117,1574
1118,1205
1118,1269
1119,1487
1120,1575
1120,1144
1121,1340
1121,1447
1122,1186
1124,1299
1125,1280
1126,1192
1126,1170
1127,1410
1127,1543
1127,1497
1128,1149
1129,1521
1129,1280
1129,1567
1130,1459
1130,1455
1130,1153
1131,1327
1132,1306
1132,1174
1133,1176
1134,1200
1136,1355
1136,1160
1137,1312
1138,1224
1138,1421
1139,1357
1139,1421
1140,1251
1140,1533
1140,1469
1141,1577
1142,1163
1142,1143
1142,1206
1143,1167
1143,1209
1144,1277
1144,1146
1146,1365
1148,1191
1148,1476
1150,1236
1150,1458
1150,1431
1150,1456
1151,1215
1151,1323
1151,1216
1152,1415
1152,1240
1153,1369
1153,1305
1154,1522
1155,1309
1156,1198
1156,1199
1157,1177
1157,1243
1157,1330
1158,1159
1158,1287
1159,1421
1160,1248
1160,1202
1161,1486
1162,1360
1163,1426
1163,1404
1165,1232
1165,1207
1166,1407
1166,1296
1169,1189
1170,1344
1171,1370
1171,1455
1171,1260
1172,1392
1173,1282
1174,1479
1174,1392
1175,1523
1178,1245
1181,1289
1182,1293
1183,1379
1183,1205
1183,1291
1184,1271
1184,1294
1184,1293
1185,1535
1188,1361
1190,1301
1191,1387
1192,1301
1192,1499
1193,1475
1193,1413
1194,1302
1195,1432
1195,1370
1196,1414
1197,1347
1198,1373
1200,1329
1203,1225
1204,1270
1204,1553
1204,1268
1205,1250
1205,1269
1206,1381
1207,1533
1207,1229
1208,1532
1209,1470
1210,1341
1210,1320
1211,1257
1212,1342
1213,1431
1214,1519
1215,1542
1215,1521
1216,1436
1217,1283
1218,1501
1218,1523
1219,1329
1219,1458
1220,1221
1224,1421
1225,1420
1226,1334
1227,1490
1228,1248
1230,1254
1230,1449
1230,1273
1231,1317
1233,1297
1233,1386
1234,1254
1235,1258
1236,1563
1237,1281
1237,1435
1238,1258
1240,1566
1241,1414
1241,1283
1242,1372
1246,1247
1247,1293
1247,1441
1248,1425
1249,1491
1249,1380
1250,1510
1250,1426
1251,1405
1252,1468
1252,1341
1255,1319
1256,1276
1257,1366
1258,1544
1258,1391
1259,1523
1259,1346
1260,1328
1260,1563
1261,1390
1261,1371
1262,1478
1262,1459
1262,1393
1263,1480
1263,1395
1264,1462
1264,1440
1267,1289
1267,1353
1268,1552
1269,1467
1269,1468
1270,1336
1270,1443
1271,1382
1271,1512
1272,1384
1272,1469
1274,1359
1276,1408
1278,1280
1278,1321
1278,1429
1279,1497
1281,1300
1281,1413
1281,1541
1282,1304
1283,1478
1284,1502
1285,1307
1285,1547
1291,1402
1291,1424
1292,1487
1292,1442
1294,1467
1295,1467
1295,1445
1295,1316
1296,1558
1297,1407
1297,1472
1297,1320
1298,1366
1299,1495
1300,1430
1301,1541
1302,1304
1302,1434
1303,1432
1304,1568
1306,1436
1307,1503
1308,1441
1309,1438
1310,1312
1312,1443
1313,1442
1313,1444
1314,1469
1314,1578
1314,1487
1315,1383
1316,1511
1316,1337
1316,1489
1317,1403
1318,1427
1319,1514
1320,1405
1321,1409
1322,1366
1322,1344
1323,1344
1324,1500
1325,1502
1325,1327
1326,1414
1328,1393
1330,1461
1331,1397
1332,1355
1333,1352
1334,1508
1335,1512
1335,1531
1335,1574
1336,1358
1337,1510
1338,1445
1338,1423
1339,1489
1339,1493
1339,1447
1339,1580
1340,1471
1341,1361
1342,1406
1342,1428
1343,1539
1345,1497
1345,1368
1347,1433
1350,1373
1351,1525
1351,1372
1352,1460
1354,1484
1355,1444
1356,1533
1357,1402
1358,1401
1358,1513
1358,1489
1359,1492
1361,1472
1362,1513
1362,1386
1363,1493
1364,1581
1364,1559
1364,1428
1365,1411
1367,1412
1368,1519
1368,1499
1369,1520
1371,1481
1372,1437
1374,1524
1374,1482
1375,1397
1376,1552
1377,1531
1377,1528
1378,1467
1379,1380
1379,1400
1382,1383
1383,1448
1384,1404
1385,1406
1386,1474
1387,1433
1389,1410
1390,1457
1391,1411
1391,1524
1392,1543
1392,1436
1396,1484
1398,1507
1399,1400
1399,1532
1400,1552
1401,1488
1401,1403
1402,1466
1402,1403
1406,1451
1407,1539
1409,1540
1415,1548
1415,1437
1418,1503
1419,1482
1420,1572
1422,1553
1422,1530
1422,1485
1423,1577
1423,1534
1424,1554
1425,1469
1426,1468
1427,1515
1427,1514
1432,1565
1433,1453
1434,1458
1435,1501
1435,1456
1440,1441
1440,1550
1442,1554
1442,1552
1443,1528
1444,1465
1445,1556
1446,1533
1446,1491
1447,1493
1448,1537
1450,1471
1453,1540
1454,1456
1458,1480
1462,1525
1463,1484
1463,1505
1464,1531
1466,1554
1470,1577
1471,1534
1472,1557
1473,1518
1475,1542
1480,1568
1481,1501
1489,1490
1494,1518
1494,1558
1497,1518
1498,1564
1502,1524
1506,1570
1509,1572
1510,1555
1513,1536
1515,1578
1519,1583
1534,1580
1535,1556
1535,1579
1538,1539
1543,1545
1546,1565
1549,1569
1557,1559
1558,1579
