0,1
0,21
0,1583
0,153
1,2
1,24
1,1562
21,20
21,40
21,87
1583,608
1583,783
1583,1541
153,66
153,132
153,152
2,3
2,25
2,1563
24,23
24,25
24,47
1562,44
1562,86
1562,1000
3,4
3,26
3,1564
25,26
25,48
1563,1152
1563,1564
1563,1541
4,5
4,27
4,1565
26,27
26,49
1564,1541
1564,1565
5,28
5,1351
5,1566
27,28
27,50
1565,1542
1565,1566
28,29
28,51
1351,1350
1351,1352
1351,1374
1566,1543
1566,1567
6,7
6,29
6,1439
6,1567
7,8
7,30
7,1568
29,30
29,52
1439,1438
1439,1440
1439,1417
1567,1544
1567,1568
8,9
8,31
8,1569
30,31
30,53
1568,1545
1568,1569
9,10
9,32
9,1570
31,54
31,703
1569,1546
1569,1570
10,11
10,1550
10,1571
32,55
32,1574
32,878
1570,1547
1570,1549
11,34
11,989
11,943
1550,1332
1550,1527
1550,1573
1571,1396
1571,1507
1571,1548
34,57
34,1250
34,1468
989,143
989,987
989,1358
943,920
943,966
943,923
12,13
12,35
12,1573
12,836
13,1141
13,1009
13,1554
35,57
35,1577
35,879
1573,122
1573,1397
836,837
836,857
836,859
1141,232
1141,1010
1141,1143
1009,986
1009,1010
1009,988
1554,1552
1554,1553
1554,1555
14,1575
14,1338
14,1074
14,899
1575,1552
1575,1556
1575,1576
1338,15
1338,83
1338,236
1074,1072
1074,1073
1074,1075
899,898
899,901
899,921
15,1468
15,1531
15,1317
1468,124
1468,190
1531,1512
1531,1530
1531,1532
1317,454
1317,1337
1317,1339
16,1428
16,1470
16,1382
16,1469
1428,20
1428,106
1428,411
1470,147
1470,171
1470,324
1382,101
1382,105
1382,1383
1469,58
1469,300
1469,344
17,191
17,1406
17,1207
17,168
191,190
191,214
191,1293
1406,38
1406,583
1406,1405
1207,1139
1207,1205
1207,1206
168,192
168,1165
168,1295
18,257
18,387
18,1582
18,1535
257,256
257,258
257,280
387,386
387,388
387,1316
1582,131
1582,172
1582,260
1535,1533
1535,1555
1535,1556
19,20
19,1580
19,1473
19,563
20,586
1580,82
1580,543
1580,672
1473,324
1473,345
1473,473
563,478
563,761
563,583
586,87
586,323
586,738
40,107
40,302
40,1385
87,1496
87,759
22,694
22,196
22,1107
22,1561
694,370
694,500
694,692
196,84
196,1539
196,785
1107,1084
1107,1106
1107,1259
1561,88
1561,174
1561,238
23,46
23,1260
23,1261
46,45
46,47
46,69
1260,1237
1260,1283
1260,1258
1261,1259
1261,1262
1261,1284
47,48
47,70
48,49
48,71
49,50
49,72
50,51
50,73
51,52
51,74
52,53
52,75
53,54
53,76
54,55
54,77
703,680
703,683
703,704
55,56
55,251
1574,944
1574,1117
1574,1551
878,855
878,877
878,879
33,1118
33,1463
33,1033
33,858
1118,1098
1118,1119
1118,1137
1463,441
1463,1440
1463,1484
1033,296
1033,1032
1033,1034
858,857
858,859
858,879
57,56
57,80
1250,145
1250,1249
1250,1251
1577,104
1577,1576
1577,1578
879,835
36,1336
36,1359
36,1032
36,1487
1336,102
1336,1335
1336,1337
1359,78
1359,298
1359,1339
1032,80
1032,1031
1487,78
1487,79
1487,1467
37,1340
37,278
37,1384
37,1184
1340,81
1340,234
1340,235
278,277
278,279
278,1381
1384,453
1384,584
1384,1295
1184,1183
1184,1186
1184,1204
38,346
38,1557
38,368
346,192
346,1536
346,760
1557,59
1557,60
1557,103
368,1491
368,587
368,628
39,1449
39,259
39,1297
39,323
1449,473
1449,1229
1449,1472
259,128
259,148
259,149
1297,321
1297,472
1297,518
323,170
323,1537
107,106
107,108
107,628
302,152
302,279
302,325
1385,234
1385,473
1385,539
41,474
41,455
41,172
41,128
474,343
474,389
474,495
455,366
455,693
455,606
172,327
172,565
128,370
128,499
42,412
42,44
42,736
42,1540
412,62
412,151
412,239
44,718
44,1064
736,713
736,735
736,757
1540,540
1540,564
1540,650
43,891
43,738
43,1538
43,1454
891,890
891,892
891,914
738,260
738,347
1538,195
1538,430
1538,517
1454,1431
1454,1455
1454,1477
718,219
718,457
718,784
1064,1041
1064,1065
1064,1087
45,68
45,780
45,1475
68,67
68,69
68,91
780,561
780,779
780,781
1475,1474
1475,1498
1475,1451
69,70
69,92
70,71
70,93
71,72
71,94
72,73
72,95
73,74
73,96
74,75
74,97
75,76
75,98
76,77
76,99
77,100
77,1509
56,79
56,1464
251,250
251,252
251,274
79,102
79,1491
1464,1444
1464,1465
1464,1466
80,1295
80,1249
58,81
58,1228
58,1012
81,82
81,1425
1228,189
1228,1227
1228,1230
1012,1011
1012,1035
1012,1013
59,343
59,1186
59,1490
343,342
343,344
1186,1187
1186,1188
1490,169
1490,1448
1490,1488
60,1424
60,1337
60,1576
1424,1422
1424,1423
1424,1425
1337,1335
1576,1556
61,322
61,1318
61,1494
61,452
322,1558
322,1515
322,1447
1318,386
1318,431
1318,471
1494,86
1494,105
1494,582
452,432
452,1404
452,1188
62,413
62,390
62,1517
413,193
413,519
413,632
390,1515
390,499
390,1514
1517,496
1517,542
1517,604
63,1427
63,737
63,347
63,1471
1427,213
1427,365
1427,453
737,86
737,564
737,584
347,762
347,1559
1471,127
1471,364
1471,409
64,760
64,367
64,739
64,649
760,65
760,84
367,673
367,411
367,652
739,173
739,716
739,762
649,476
649,1516
649,1300
65,520
65,1451
65,759
520,105
520,1559
520,693
1451,1452
1451,1453
759,607
759,758
66,67
66,89
66,1063
67,90
67,1108
89,88
89,90
89,112
1063,1061
1063,1214
1063,1236
90,91
90,113
1108,157
1108,1085
1108,1131
91,92
91,114
92,93
92,115
93,94
93,116
94,95
94,117
95,96
95,118
96,97
96,119
97,98
97,120
98,99
98,121
99,100
99,945
100,123
100,900
1509,101
1509,1508
1509,1510
78,1097
78,1533
1097,944
1097,1120
1097,1273
1533,102
1533,1553
102,1031
1491,1489
1491,1493
1295,1142
1249,1226
1249,1248
82,146
82,1272
1425,1405
1425,1426
146,123
146,145
146,147
1272,299
1272,1053
1272,1270
83,106
83,126
83,300
106,1492
126,125
126,149
126,496
300,1341
300,388
84,587
84,607
587,456
587,458
607,108
607,564
85,695
85,304
85,541
85,540
695,498
695,608
695,674
304,197
304,303
304,673
541,476
541,715
541,604
540,475
540,1321
86,585
585,431
585,824
585,1581
1496,1495
1496,1519
1496,1476
88,109
88,715
109,108
109,305
109,1452
715,714
715,716
112,111
112,113
112,135
113,114
113,136
114,115
114,137
115,116
115,138
116,117
116,139
117,118
117,140
118,119
118,141
119,120
119,142
120,121
120,143
121,122
121,144
945,964
945,965
945,987
123,122
123,124
900,877
900,923
900,898
101,965
101,1165
965,942
965,964
1165,277
1165,363
1031,1008
1031,1030
103,1515
103,1316
103,320
1515,236
1316,1314
1316,1315
320,1102
320,1275
320,1099
104,366
104,1208
104,1293
366,125
366,1339
1208,275
1208,406
1208,429
1293,1291
1293,1292
105,281
281,258
281,280
281,282
1492,169
1492,212
1492,299
108,239
628,1539
628,801
239,238
239,240
305,306
305,328
305,849
1452,496
1452,1453
110,111
110,131
110,133
110,1131
111,134
111,1283
131,130
131,132
133,132
133,134
133,156
1131,267
1131,1154
134,135
134,157
1283,1282
1283,1284
135,136
135,158
136,137
136,159
137,138
137,160
138,139
138,161
139,140
139,162
140,141
140,163
141,142
141,164
142,143
142,165
143,144
122,164
144,145
144,167
164,163
164,187
124,125
124,1185
125,1446
1185,1120
1185,1140
1185,1273
1446,1426
1446,1444
1446,1445
149,148
149,150
496,1252
127,1448
127,498
127,1362
1448,432
1448,1450
498,194
498,693
1362,170
1362,193
1362,519
370,237
370,981
499,283
499,477
129,804
129,847
129,868
129,717
804,435
804,803
804,827
847,846
847,848
847,870
868,867
868,869
868,846
717,152
717,588
717,696
130,195
130,913
130,392
195,218
195,415
913,912
913,914
913,936
392,393
392,415
392,634
132,155
155,154
155,178
155,1369
156,179
156,1067
156,1088
157,180
157,1259
158,159
158,181
158,1130
159,160
159,182
160,161
160,183
161,162
161,184
162,163
162,185
163,186
165,188
165,1532
165,1209
145,1447
167,1296
167,169
167,1231
1447,190
1447,1426
147,148
147,170
148,150
170,193
150,151
150,693
151,152
151,631
631,238
631,457
631,521
154,175
154,177
154,1175
175,174
175,1520
175,1024
177,176
177,178
177,200
1175,1152
1175,1176
1175,1198
178,179
178,201
1369,1368
1369,1370
1369,1392
179,180
179,202
1067,1066
1067,1068
1067,1198
1088,198
1088,1021
1088,1239
180,181
180,203
1259,1258
181,182
181,204
1130,199
1130,1085
1130,1153
182,183
182,205
183,184
183,206
184,185
184,207
185,186
185,208
186,187
186,209
187,210
187,1055
188,166
188,211
188,1227
1532,1512
1532,1530
1209,365
1209,407
1209,517
166,233
166,1230
166,1054
233,210
233,232
233,1231
1230,1232
1230,1251
1054,1052
1054,1055
1054,1056
1296,319
1296,1273
1296,1319
169,454
1231,189
1231,408
192,1251
192,1534
454,1361
454,1383
193,216
171,1537
171,1514
171,1513
1537,565
1537,605
1514,213
1514,364
1513,1360
1513,1512
1513,1511
327,326
327,328
327,350
565,543
565,611
173,501
173,566
173,716
501,258
501,261
501,414
566,285
566,456
566,630
716,1518
174,197
174,240
197,176
197,740
240,241
240,981
1520,1519
1520,1521
1520,1543
1024,1001
1024,1023
1024,1047
176,1045
176,1089
1045,263
1045,1022
1045,1044
1089,375
1089,1112
1089,1070
200,199
200,201
200,223
201,202
201,224
202,203
202,225
203,204
203,226
204,205
204,227
205,206
205,228
206,207
206,229
207,208
207,230
208,209
208,339
209,210
209,232
210,211
1055,449
1055,946
211,212
211,234
1227,1225
1227,1247
189,1578
189,1100
1100,252
1100,881
1100,1121
190,1099
1099,1079
1099,1098
214,213
214,237
214,650
1251,1270
1534,345
1534,386
1534,432
216,217
216,696
216,589
194,236
194,630
194,653
236,1360
630,475
630,650
653,522
653,896
653,786
218,217
218,219
218,241
415,438
415,479
1539,673
1539,1497
785,652
785,784
785,786
740,458
740,479
740,741
198,199
198,219
198,980
199,1110
219,824
980,957
980,979
980,981
1110,1087
1110,1111
1110,1133
223,222
223,224
223,246
224,225
224,247
225,226
225,248
226,227
226,249
227,228
227,250
228,229
228,880
229,230
229,252
230,231
230,253
339,316
339,338
339,340
232,231
212,213
212,344
234,1142
344,453
237,238
237,697
650,696
215,676
215,672
215,476
215,391
676,460
676,805
676,761
672,608
672,890
476,542
391,260
391,369
391,479
217,806
217,673
696,283
589,477
589,761
589,699
806,459
806,651
806,807
241,220
241,1132
824,823
824,825
220,221
220,243
220,1087
221,222
221,1044
221,265
243,242
243,244
243,266
1087,1044
222,245
222,244
1044,1043
265,264
265,266
265,288
245,244
245,246
245,268
244,1199
246,247
246,269
247,248
247,270
248,249
248,271
249,250
249,272
250,273
880,881
880,903
880,924
252,253
231,295
231,1142
253,254
253,276
295,294
295,296
295,512
1142,924
235,1516
235,430
235,1450
1516,410
1516,430
430,301
1450,431
1450,1430
1360,1383
1360,1380
697,456
697,523
697,674
981,1133
1132,397
1132,1112
1132,1241
242,263
242,936
242,395
263,262
263,959
936,935
936,937
395,372
395,374
395,396
266,267
266,289
1199,1198
1199,1200
1199,1222
268,267
268,269
268,291
269,270
269,292
270,271
270,293
271,272
271,294
272,273
272,968
273,274
273,296
274,275
274,1036
254,255
254,277
254,319
276,275
276,277
276,299
255,256
255,1144
255,1383
319,1122
319,363
256,279
256,1187
1144,318
1144,450
1144,1123
279,280
1187,1167
1187,1188
258,1558
280,303
1558,410
1558,497
260,588
588,389
588,719
261,262
261,284
261,610
262,285
262,308
284,285
284,654
284,741
610,1027
610,873
610,675
285,264
308,309
308,329
308,331
959,478
959,958
959,960
264,287
264,482
287,286
287,288
287,310
482,459
482,483
482,505
288,289
288,311
267,290
289,290
289,312
290,291
290,313
291,292
291,314
292,293
292,315
293,294
293,316
294,317
968,967
968,969
968,991
296,297
275,1076
1036,318
1036,600
1036,1035
1076,1056
1076,1075
1076,1077
299,298
1381,1358
1381,1404
1381,1379
303,326
303,893
282,283
282,829
282,523
283,306
829,522
829,828
829,830
523,984
523,721
306,307
306,329
654,677
654,720
654,831
741,677
741,764
286,307
286,1327
286,1174
307,895
307,590
1327,1326
1327,1328
1327,1303
1174,1151
1174,1197
1174,1173
310,309
310,311
310,333
311,312
311,334
312,313
312,335
313,314
313,336
314,315
314,337
315,316
315,338
316,317
317,318
317,1101
512,489
512,511
512,513
297,298
297,1229
297,516
298,1034
1229,1252
1229,1403
516,734
516,1407
516,1274
1034,448
1034,449
1341,539
1341,1253
1341,1429
388,411
388,500
301,652
301,1361
301,1405
652,872
1361,324
1361,517
1405,408
325,326
325,348
325,567
326,651
893,870
893,892
893,894
328,329
328,873
849,546
849,826
849,848
329,330
895,505
895,894
895,896
590,567
590,1047
590,809
309,332
309,1112
331,330
331,332
331,354
332,333
332,355
1112,1135
333,334
333,356
334,335
334,357
335,336
335,358
336,337
336,359
337,338
337,360
338,361
318,1146
1101,473
1101,625
1101,1080
1146,408
1146,667
1146,1126
1122,494
1122,535
1122,1102
363,990
363,495
1102,1103
1102,1104
1275,514
1275,1252
1275,1254
321,428
321,1164
321,1166
428,365
428,647
428,1253
1164,1162
1164,1163
1164,1183
1166,406
1166,1145
1166,1167
324,409
409,1364
409,1274
348,349
348,371
348,609
567,568
567,721
651,606
651,763
350,349
350,351
350,373
873,872
873,874
330,351
330,353
351,352
351,894
353,352
353,354
353,376
354,355
354,377
355,356
355,378
356,357
356,379
357,358
357,380
358,359
358,381
359,360
359,382
360,361
360,710
361,362
361,384
340,341
340,1273
340,515
341,342
341,1189
341,1363
515,558
515,1319
515,1148
342,1145
342,1276
1189,408
1189,1190
1189,1210
1363,494
1363,625
1363,646
1145,1124
1145,1143
1276,410
1276,493
1276,560
453,1407
345,606
345,497
606,629
497,432
497,582
1536,389
1536,521
1536,539
762,608
762,763
1559,500
1559,517
349,372
349,456
371,372
371,394
371,609
609,435
609,827
372,373
373,352
373,374
352,375
894,917
375,376
375,398
376,377
376,399
377,378
377,400
378,379
378,401
379,380
379,402
380,381
380,403
381,404
381,426
382,383
382,514
382,403
710,687
710,733
710,712
362,1058
362,622
362,364
384,383
384,385
384,1013
1058,492
1058,1035
1058,1081
622,599
622,621
622,623
364,559
990,991
990,1011
990,1013
495,1254
495,1059
559,1191
559,1079
559,1279
365,1143
1143,1123
1339,407
411,434
369,782
369,611
369,1581
782,675
782,781
782,783
611,414
611,810
1581,543
1581,674
394,417
394,1178
394,591
374,397
374,484
397,398
397,420
484,485
484,505
484,507
398,399
398,421
399,400
399,422
400,401
400,423
401,402
401,424
402,403
402,425
403,404
404,405
404,427
426,449
426,645
426,1211
383,1103
383,754
514,491
514,537
1103,560
1103,1104
754,537
754,731
754,753
385,386
385,1255
385,538
1013,534
1255,407
1255,1257
1255,1277
538,602
538,971
538,1210
500,629
389,521
521,477
479,502
393,416
393,852
393,719
634,416
634,657
634,854
416,439
416,783
852,851
852,853
852,875
719,786
719,805
417,418
417,1090
417,1025
1178,1177
1178,1179
1178,1159
591,568
591,592
591,742
396,419
396,1221
396,1350
419,418
419,420
419,442
1221,1220
1221,1222
1221,1244
1350,1349
1350,1373
420,421
420,443
421,422
421,444
422,423
422,445
423,424
423,446
424,425
424,447
425,470
425,601
405,406
405,491
405,971
427,1125
427,709
427,536
406,1188
491,468
491,490
971,970
971,972
407,1429
1429,518
1429,1408
1364,1342
1364,1365
1364,1386
1274,1294
1274,1298
410,1404
1404,518
434,784
434,827
434,545
519,604
519,1579
632,564
632,699
632,805
414,1026
414,433
1026,524
1026,1025
1026,1158
433,761
433,478
433,1579
438,439
438,461
438,743
439,418
439,440
783,544
418,441
1090,480
1090,547
1090,1070
1025,1002
1025,1068
441,442
441,464
442,443
442,465
443,444
443,466
444,445
444,467
445,446
445,468
446,447
446,469
447,448
447,580
470,471
470,1124
470,733
601,578
601,1061
601,1210
449,450
645,644
645,1322
645,777
1211,1190
1211,1212
1211,1213
1125,1038
1125,1148
1125,1123
709,686
709,708
709,732
536,448
536,755
536,1234
647,450
647,603
647,757
1253,1232
1253,1252
429,1190
429,1493
429,1056
1190,535
1493,560
1493,1495
1056,1057
431,1408
1408,475
1408,1409
478,436
1579,562
1579,1560
784,503
827,826
545,480
545,828
545,1046
435,983
435,805
983,982
983,985
983,1004
436,437
436,459
436,1027
437,460
437,481
437,918
459,635
1027,503
1027,982
460,1111
460,720
481,458
481,504
481,1048
918,917
918,919
918,941
461,440
461,462
461,809
743,742
743,744
743,722
440,463
440,1135
463,462
463,464
463,486
1135,636
1135,1246
464,465
464,487
465,466
465,488
466,467
466,489
467,468
467,490
468,469
469,492
469,513
448,1016
580,451
580,471
580,557
1016,993
1016,1039
1016,1014
450,537
537,1322
451,539
451,1407
451,669
1407,1387
669,1236
669,691
669,1300
457,808
457,850
808,807
808,831
808,1158
850,633
850,851
850,1046
458,763
763,764
635,612
635,658
635,961
1111,483
1111,1109
720,477
720,543
462,483
462,485
809,786
809,810
483,678
485,486
485,508
486,487
486,509
487,488
487,510
488,489
488,511
489,490
490,513
492,799
492,599
513,578
471,755
1124,1123
1124,1126
733,732
733,756
755,732
755,1171
472,1386
472,1015
472,1298
1386,668
1386,1365
1015,557
1015,992
1015,1038
1298,1299
1298,1320
475,584
584,1430
542,671
542,1560
502,525
502,807
502,958
480,1156
480,675
1156,1133
1156,1155
1156,1179
675,674
504,527
504,547
504,1179
1048,1029
1048,1049
1048,1050
505,1071
678,677
678,679
678,698
507,506
507,508
507,530
508,509
508,531
509,510
509,532
510,511
510,533
511,534
799,776
799,822
799,1060
599,576
599,598
493,711
493,1278
493,1169
711,623
711,1193
711,1344
1278,756
1278,1299
1278,1280
1169,667
1169,1149
1169,1150
494,948
494,1210
948,925
948,947
948,949
1254,1191
1254,1277
1059,1057
1059,1060
1059,1078
582,558
582,1431
629,561
629,1474
525,526
525,548
525,788
807,830
958,935
958,957
503,526
503,698
526,527
526,549
698,699
698,700
527,506
527,528
547,570
547,766
1179,614
1071,1070
1071,1072
1071,1073
506,529
506,1333
529,528
529,530
529,552
1333,723
1333,1310
1333,1506
530,531
530,553
531,532
531,554
532,533
532,555
533,534
533,556
534,557
578,555
578,577
558,690
558,777
1319,671
1319,1320
1148,1171
1148,1149
734,668
734,671
734,712
518,1472
1472,626
1472,1495
604,1365
522,1003
522,721
1003,569
1003,613
1003,1002
721,524
984,961
984,1007
984,964
524,1046
524,1180
1046,1069
1180,1160
1180,1181
1180,1182
548,549
548,571
548,1158
788,765
788,787
788,789
549,550
549,1398
528,551
528,1311
551,550
551,552
551,574
1311,1288
1311,1310
1311,1334
552,553
552,575
553,554
553,576
554,555
554,577
555,556
556,557
556,579
535,995
535,1147
995,972
995,994
995,1018
1147,560
1147,1126
1147,1127
1234,624
1234,1233
1234,1257
1322,1279
1322,1299
602,579
602,625
602,798
1321,1342
1321,1343
1321,1344
671,1323
544,826
544,828
544,960
826,825
828,851
960,937
960,961
546,569
546,656
546,871
569,570
569,592
656,657
656,679
656,1091
871,848
871,870
871,872
570,571
570,593
766,612
766,765
766,767
571,550
571,572
1158,1157
550,573
1398,1378
1398,1379
1398,1399
573,572
573,574
573,596
574,575
574,597
575,576
575,598
576,577
577,600
579,1213
579,819
690,689
690,691
690,692
777,776
777,778
1191,581
1191,1062
1079,1078
1079,1080
1279,1256
1279,1542
561,714
561,1387
714,581
714,1474
1387,1365
1387,1388
562,691
562,1320
562,1277
691,689
1320,1343
1277,1300
583,692
583,1233
568,916
568,655
916,915
916,917
916,939
655,1047
655,1202
655,1157
592,593
592,615
593,572
593,594
572,595
595,594
595,596
595,618
596,597
596,619
597,598
597,620
598,621
600,623
600,689
1213,670
1213,1040
819,796
819,818
819,842
581,1039
581,1081
1039,1040
1039,1062
1081,1104
1081,1256
1431,1194
1431,1430
692,712
1233,1232
1233,1235
1430,1410
699,633
1047,1028
742,765
742,1068
615,594
615,614
615,616
594,617
617,616
617,618
617,640
618,619
618,641
619,620
619,642
620,621
620,643
621,644
623,624
689,688
1061,1038
1061,1084
625,624
798,775
798,797
798,821
603,1037
603,605
603,1366
1037,1014
1037,1060
1037,1057
605,1410
605,778
1366,627
1366,1343
1366,1389
1410,1409
1410,1432
778,779
778,758
810,811
810,812
612,613
612,1268
613,614
613,872
1268,1245
1268,1269
1268,1248
614,637
637,616
637,636
637,638
616,639
639,638
639,640
639,662
640,641
640,663
641,642
641,664
642,643
642,665
643,644
643,666
644,1082
624,1256
1256,1237
626,800
626,1301
626,1192
800,668
800,801
800,820
1301,1194
1301,1302
1301,1324
1192,646
1192,1038
1192,1323
627,648
627,1518
627,735
648,1474
648,735
648,758
1518,1541
1518,1497
735,713
801,802
801,781
633,941
633,1091
941,832
941,940
1091,1092
1091,1093
657,658
657,680
854,853
854,855
854,834
658,659
658,681
961,938
636,659
636,789
659,638
659,660
789,790
789,787
638,661
661,660
661,662
661,684
662,663
662,685
663,664
663,686
664,665
664,687
665,666
665,688
666,667
666,1212
1082,1105
1082,1080
1082,1083
646,1388
646,1168
1388,1389
1388,1411
1168,1149
1168,1167
1168,1170
757,670
757,713
758,670
1300,1323
896,919
896,875
677,700
831,830
831,832
1202,1201
1202,1203
1202,1204
1157,1136
1157,1159
679,680
679,702
680,681
681,660
681,682
660,683
683,684
683,706
684,685
684,707
685,686
685,708
686,687
687,688
688,1235
667,1017
1212,1214
1212,1232
1017,994
1017,1040
1017,1018
668,1345
1345,1170
1345,1368
1345,1346
1236,1235
1236,1237
670,1167
1323,1324
890,867
890,889
700,723
700,701
702,725
702,853
702,701
682,705
682,901
682,1462
705,704
705,706
705,728
901,925
901,1551
1462,1461
1462,1551
1462,1441
706,707
706,729
707,708
707,730
708,731
1235,1215
723,746
723,722
701,724
701,722
724,725
724,747
724,1117
725,704
725,726
853,830
704,727
727,726
727,728
727,750
728,729
728,751
729,730
729,752
730,731
730,753
731,732
1193,1216
1193,1173
1193,1195
1344,1367
1344,1342
746,745
746,747
746,769
747,726
747,748
1117,1400
1117,1116
726,749
749,748
749,750
749,772
750,751
750,773
751,752
751,774
752,753
752,775
753,776
756,779
756,1170
764,765
764,787
1068,1069
744,745
744,722
744,767
745,768
745,787
768,767
768,769
768,791
769,748
769,770
748,771
771,770
771,772
771,794
772,773
772,795
773,774
773,796
774,775
774,797
775,776
1171,1172
1171,1194
779,802
1170,1172
767,790
790,791
790,813
791,770
791,792
770,793
793,792
793,794
793,816
794,795
794,817
795,796
795,818
796,797
797,820
802,803
802,825
781,803
813,792
813,812
813,814
792,815
815,814
815,816
815,838
816,817
816,839
817,818
817,840
818,841
820,821
820,843
821,822
821,844
822,823
822,845
1060,1083
803,823
825,848
811,812
811,832
811,833
812,833
814,835
814,837
835,834
835,877
837,838
837,860
838,839
838,861
839,840
839,862
840,841
840,863
841,842
841,864
842,843
842,865
843,844
843,866
844,845
844,867
823,845
845,846
851,874
832,833
833,834
834,857
857,856
859,860
859,882
860,861
860,883
861,862
861,884
862,863
862,885
863,864
863,886
864,865
864,887
865,866
865,888
866,867
866,889
846,869
869,870
869,892
874,875
874,897
875,876
855,856
855,1334
856,1053
856,1442
1334,1357
1334,1313
1053,1051
1053,1052
1442,1419
1442,1441
1442,1444
882,881
882,883
882,905
883,884
883,906
884,885
884,907
885,886
885,908
886,887
886,909
887,888
887,910
888,889
888,911
889,912
892,915
897,920
897,876
897,898
876,877
876,1246
1246,1245
1246,1247
881,904
903,902
903,904
903,926
924,925
924,947
904,905
904,927
905,906
905,928
906,907
906,929
907,908
907,930
908,909
908,931
909,910
909,932
910,911
910,933
911,912
911,934
912,935
914,915
914,937
915,938
917,940
919,920
919,898
920,921
923,902
923,922
925,926
1551,1530
902,922
902,1011
922,921
922,1400
1011,1010
926,927
926,949
927,928
927,950
928,929
928,951
929,930
929,952
930,931
930,953
931,932
931,954
932,933
932,955
933,934
933,956
934,935
934,957
937,938
938,939
939,940
939,962
940,963
921,944
944,967
1400,1377
1400,1399
947,946
947,970
949,950
949,972
950,951
950,973
951,952
951,974
952,953
952,975
953,954
953,976
954,955
954,977
955,956
955,978
956,957
956,979
962,985
962,1069
962,942
963,986
963,1223
963,942
966,967
966,1120
966,1485
967,946
946,969
969,970
969,992
970,993
972,973
973,996
973,974
974,975
974,997
975,976
975,998
976,977
976,999
977,978
977,1000
978,979
978,1001
979,1002
985,986
985,1008
1069,1023
986,987
1223,1200
1223,1222
1223,1224
1120,1121
1485,1484
1485,1549
1485,1486
991,992
991,1014
992,993
993,994
996,997
996,1019
996,994
997,998
997,1020
998,999
998,1021
999,1000
999,1022
1000,1001
1001,1002
1133,1155
1007,1030
1007,988
1007,1005
1008,988
1008,1006
987,1443
1443,1420
1443,1466
1443,1441
1358,1335
1358,1357
1014,1035
1018,1019
1018,1041
1019,1020
1019,1042
1020,1021
1020,1043
1021,1022
1022,1023
1030,1028
1030,1029
1010,988
1040,1041
1041,1042
1042,1043
1042,1065
1043,1066
1023,1086
1086,1215
1086,1106
1086,1109
1062,1085
1062,1258
1065,1066
1065,1240
1066,1282
1083,1084
1083,1106
1084,1085
1258,1238
1214,1105
1214,1195
1240,1217
1240,1263
1240,1346
1282,1281
1282,1305
1198,1200
1104,1127
1105,1128
1105,1106
1215,1238
1215,1216
1239,1129
1239,1216
1239,1262
1121,1119
1121,1140
1127,1150
1127,1126
1128,1129
1128,1151
1128,1109
1119,1269
1119,1098
1269,1270
1269,1271
1150,1151
1150,1149
1129,1152
1129,1109
1151,1257
1152,1304
1153,1176
1153,1197
1153,1172
1154,1155
1154,1177
1154,1196
1241,1218
1241,1242
1241,1264
1155,1134
1139,1312
1139,1137
1139,1138
1312,1289
1312,1335
1312,1290
1140,1466
1140,1138
1466,1465
1257,1238
1304,1281
1304,1303
1304,1305
1176,1177
1176,1309
1197,1220
1197,1195
1177,1200
1196,1173
1196,1219
1196,1328
1172,1173
1194,1217
1309,1308
1309,1310
1309,1332
1216,1217
1217,1218
1195,1218
1218,1219
1219,1220
1219,1242
1328,1305
1328,1329
1220,1243
1222,1245
1238,1237
1242,1243
1242,1265
1243,1244
1243,1266
1244,1245
1244,1267
1224,1225
1224,1201
1224,1226
1225,1226
1225,1206
1226,1206
1403,1380
1403,1401
1403,1402
1262,1263
1262,1285
1263,1264
1263,1286
1346,1347
1346,1367
1264,1265
1264,1287
1265,1266
1265,1288
1266,1267
1266,1289
1267,1247
1267,1248
1247,1248
1285,1284
1285,1286
1285,1308
1286,1287
1286,1505
1287,1288
1287,1310
1288,1289
1289,1290
1299,1280
1542,1519
1542,1543
1280,1281
1280,1302
1281,1519
1305,1306
1284,1307
1307,1306
1307,1308
1307,1330
1308,1331
1505,1482
1505,1504
1505,1506
1302,1303
1302,1325
1324,1325
1324,1347
1303,1326
1326,1325
1326,1349
1306,1329
1306,1348
1329,1330
1329,1352
1330,1331
1330,1353
1331,1332
1331,1354
1332,1355
1343,1342
1325,1348
1347,1348
1347,1370
1348,1349
1349,1372
1352,1353
1352,1375
1353,1354
1353,1376
1354,1355
1354,1377
1355,1356
1355,1375
1506,1507
1506,1529
1357,1356
1357,1380
1367,1368
1367,1390
1368,1391
1370,1371
1370,1393
1372,1371
1372,1373
1372,1395
1373,1374
1373,1396
1374,1375
1374,1397
1375,1376
1376,1377
1376,1356
1377,1356
1380,1378
1389,1390
1389,1412
1390,1391
1390,1413
1391,1392
1391,1414
1392,1393
1392,1415
1371,1394
1371,1416
1393,1394
1393,1416
1395,1394
1395,1396
1395,1418
1396,1419
1397,1420
1397,1378
1411,1412
1411,1434
1411,1409
1412,1413
1412,1435
1413,1414
1413,1436
1414,1415
1414,1437
1415,1416
1415,1438
1394,1417
1416,1417
1418,1417
1418,1419
1418,1420
1419,1420
1409,1432
1432,1433
1432,1455
1434,1433
1434,1435
1434,1457
1435,1436
1435,1458
1436,1437
1436,1459
1437,1438
1437,1460
1438,1461
1433,1456
1433,1453
1455,1456
1455,1478
1456,1457
1456,1479
1457,1458
1457,1480
1458,1459
1458,1481
1459,1460
1459,1482
1460,1461
1460,1483
1461,1484
1440,1421
1440,1441
1477,1476
1477,1478
1477,1500
1478,1479
1478,1501
1479,1480
1479,1502
1480,1481
1480,1503
1481,1482
1481,1504
1482,1483
1483,1484
1483,1528
1495,1497
1498,1499
1498,1521
1498,1497
1476,1499
1476,1453
1499,1500
1499,1522
1500,1501
1500,1523
1501,1502
1501,1524
1502,1503
1502,1525
1503,1504
1503,1526
1504,1527
1528,1527
1528,1508
1528,1529
1549,1526
1549,1548
1521,1522
1521,1544
1522,1523
1522,1545
1523,1524
1523,1546
1524,1525
1524,1547
1525,1526
1525,1548
1526,1527
1507,1508
1507,1486
1529,1552
1529,1530
1508,1510
1510,1511
1510,1489
1511,1512
1511,1489
1543,1544
1544,1545
1545,1546
1546,1547
1547,1548
1552,1553
712,713
942,964
982,1004
982,1005
1004,1005
1004,1006
1005,1006
1006,1028
1028,1029
1029,1049
1049,1050
1049,1051
1050,1051
1050,1052
1051,1052
1057,1077
1070,1072
1072,1073
1073,1075
1075,1077
1077,1078
1078,1080
1092,1093
1092,1094
1092,1113
1093,1094
1093,1095
1094,1095
1094,1096
1095,1096
1095,1115
1096,1098
1096,1116
1113,1114
1113,1115
1113,1134
1114,1115
1114,1116
1114,1134
1115,1116
1134,1136
1136,1137
1136,1138
1137,1138
1159,1160
1159,1161
1160,1161
1160,1162
1161,1162
1161,1163
1162,1163
1163,1182
1181,1182
1181,1183
1181,1201
1182,1183
1201,1203
1203,1204
1203,1205
1204,1205
1205,1206
1270,1271
1271,1291
1271,1292
1290,1291
1290,1292
1291,1292
1294,1313
1294,1314
1294,1315
1313,1314
1313,1315
1314,1315
1378,1379
1379,1399
1399,1401
1401,1402
1401,1421
1402,1422
1402,1423
1421,1422
1421,1423
1422,1423
1426,1445
1444,1445
1445,1465
1465,1467
1467,1486
1467,1488
1486,1488
1488,1489
1553,1555
1555,1556
