0,1496
0,85
0,738
0,22
1,715
1,935
1,955
1,979
2,1301
2,1217
2,68
2,1001
3,114
3,1218
3,1415
3,934
4,49
4,1260
4,111
4,1479
5,399
5,1438
5,49
5,1413
6,333
6,203
6,1461
6,420
7,397
7,310
7,400
7,550
8,532
8,595
8,96
8,226
9,573
9,1571
9,314
9,225
10,640
10,443
10,54
10,1506
11,922
11,596
11,228
11,120
12,1077
12,1485
12,1206
12,1553
13,32
13,208
13,966
13,770
14,1291
14,1338
14,1486
14,1576
15,1339
15,1445
15,1467
15,146
16,321
16,81
16,1340
16,1162
17,1447
17,1579
17,1471
17,1426
18,1404
18,278
18,413
18,347
19,432
19,173
19,1473
19,300
20,563
20,736
20,585
20,431
21,606
21,237
21,849
21,260
22,801
22,760
22,1453
23,1151
23,1215
23,1107
23,1217
24,92
24,90
24,69
24,1261
25,46
25,1501
25,1326
25,1258
26,1128
26,222
26,1215
26,1305
27,113
27,1417
27,269
27,70
28,1567
28,310
28,441
28,1479
29,1548
29,72
29,684
29,596
30,1529
30,685
30,292
30,1441
31,530
31,661
31,185
31,118
32,859
32,1010
32,925
33,187
33,902
33,858
33,1442
34,1485
34,119
34,101
34,79
35,1422
35,101
35,1140
35,1574
36,1248
36,1052
36,168
36,1098
37,168
37,1361
37,1491
37,124
38,1468
38,1253
38,1227
38,60
39,366
39,1534
39,104
39,456
40,282
40,1557
40,587
40,652
41,433
41,607
41,1493
41,564
42,259
42,218
42,130
42,824
43,608
43,542
43,605
43,826
44,1517
44,262
44,867
44,672
45,780
45,1496
45,779
45,979
46,263
46,1261
46,1022
47,1020
47,1498
47,1501
47,1436
48,1132
48,71
48,1216
48,353
49,355
49,1394
50,510
50,331
50,1351
50,1526
51,159
51,511
51,268
51,73
52,443
52,1416
52,336
52,246
53,597
53,1482
53,75
53,836
54,1462
54,163
54,117
55,1052
55,619
55,1441
55,207
56,1270
56,164
56,210
56,1118
57,1252
57,1205
57,1403
57,1380
58,147
58,1052
58,1075
58,1357
59,1274
59,1270
59,146
59,1074
60,1491
60,1293
60,127
61,542
61,1425
61,299
61,1207
62,412
62,1535
62,192
62,279
63,259
63,170
63,609
63,1452
64,564
64,543
64,238
64,151
65,197
65,1474
65,1539
65,584
66,759
66,1540
66,1042
66,153
67,1065
67,1435
67,155
67,889
68,134
68,1109
68,219
69,1110
69,1521
69,1566
70,91
70,353
70,1087
71,183
71,1435
71,222
72,442
72,358
72,1436
73,1528
73,290
73,268
74,467
74,357
74,684
74,76
75,638
75,230
75,489
76,902
76,144
76,186
77,790
77,273
77,682
77,252
78,102
78,925
78,1207
78,1185
79,1051
79,1206
79,879
80,1226
80,1336
80,192
80,233
81,1183
81,1471
81,1579
82,410
82,408
82,367
82,1406
83,541
83,389
83,695
83,260
84,717
84,390
84,1559
84,148
85,847
85,282
85,455
86,1473
86,653
86,1519
86,107
87,871
87,716
87,762
87,671
88,1543
88,845
88,1064
88,307
89,1172
89,1521
89,1175
89,891
90,1434
90,1368
90,1001
91,1369
91,202
91,1458
92,1328
92,1325
92,1564
93,1478
93,1350
93,375
93,94
94,335
94,441
94,1438
95,291
95,204
95,575
95,138
96,443
96,422
96,749
97,381
97,639
97,336
97,598
98,966
98,880
98,1549
98,552
99,120
99,685
99,749
99,163
100,748
100,921
100,145
100,1466
101,252
101,1511
102,1095
102,1444
102,319
103,320
103,1252
103,1534
103,1208
104,320
104,211
104,343
105,322
105,194
105,386
105,565
106,1383
106,365
106,540
106,431
107,671
107,347
107,345
108,325
108,109
108,566
108,519
109,739
109,1517
109,827
110,176
110,1066
110,198
110,937
111,306
111,1109
111,997
112,1371
112,1349
112,1306
112,1259
113,1371
113,1197
113,1238
114,1130
114,1478
114,1460
115,331
115,335
115,334
115,1329
116,1372
116,1458
116,1503
116,248
117,490
117,1418
117,726
118,835
118,468
118,160
119,903
119,230
119,881
120,991
120,791
121,901
121,294
121,339
121,166
122,1488
122,1205
122,901
122,1490
123,1469
123,276
123,1034
123,1467
124,234
124,1096
124,1010
125,237
125,213
125,411
125,1361
126,303
126,343
126,1273
126,146
127,258
127,608
127,346
128,544
128,782
128,236
128,610
129,303
129,216
129,153
129,826
130,328
130,631
130,500
131,869
131,652
131,1539
131,1043
132,1562
132,178
132,1542
132,199
133,179
133,870
133,1544
133,221
134,1132
134,1349
134,1456
135,1175
135,1565
135,266
135,1043
136,421
136,419
136,158
136,1305
137,1219
137,1439
137,1391
137,1394
138,465
138,270
138,377
139,1568
139,533
139,269
139,359
140,486
140,836
140,1507
140,752
141,904
141,838
141,531
141,272
142,944
142,881
142,1013
142,706
143,946
143,206
143,750
143,837
144,189
144,1380
144,1250
145,256
145,1013
145,1576
146,1142
147,343
147,1513
147,453
148,364
148,149
148,430
149,391
149,1472
149,388
150,675
150,629
150,1561
150,563
151,741
151,783
151,784
152,1562
152,741
152,479
152,912
153,1043
153,372
154,978
154,329
154,200
154,1544
155,285
155,1347
155,1414
156,998
156,1456
156,1196
156,1435
157,1372
157,331
157,287
157,1478
158,1480
158,399
158,1370
159,1328
159,464
159,1503
160,1481
160,355
160,487
161,729
161,534
161,597
161,794
162,881
162,665
162,946
162,1551
163,577
163,227
164,924
164,1575
164,1572
165,1488
165,1531
165,188
165,794
166,252
166,295
166,297
167,1576
167,188
167,1293
167,1532
168,385
168,1207
169,1489
169,281
169,1141
169,258
170,1294
170,1580
170,544
171,628
171,257
171,1428
171,368
172,1581
172,1583
172,412
172,762
173,697
173,414
173,216
174,176
174,695
174,521
174,458
175,1111
175,695
175,957
175,221
176,870
176,959
177,869
177,352
177,935
177,870
178,1520
178,397
178,1108
179,1416
179,267
179,246
180,1286
180,1544
180,200
180,330
181,532
181,1459
181,289
181,445
182,1550
182,442
182,398
182,598
183,1460
183,551
183,663
184,663
184,860
184,1572
184,204
185,924
185,1528
185,642
186,793
186,882
186,296
187,233
187,988
187,1033
188,1250
188,1272
189,1513
189,1470
189,1118
190,1577
190,1467
190,1490
190,1272
191,301
191,1318
191,1469
191,1319
192,193
192,1448
193,390
193,346
193,1383
194,1579
194,304
194,520
195,436
195,1561
195,783
195,825
196,543
196,694
196,630
196,302
197,762
197,934
197,478
198,999
198,937
198,1262
199,1286
199,998
199,352
200,1022
200,1045
201,485
201,374
201,312
201,1330
202,1392
202,1526
202,1501
203,1373
203,1525
203,335
204,399
204,533
205,640
205,574
205,683
205,752
206,903
206,923
206,402
207,231
207,749
207,359
208,448
208,1120
208,1012
209,923
209,341
209,1184
209,1119
210,1427
210,342
210,385
211,1274
211,1448
211,1229
212,1450
212,1319
212,343
212,1384
213,1316
213,1381
213,344
214,1578
214,453
214,652
214,454
215,696
215,1535
215,497
215,1450
216,606
216,458
217,672
217,370
217,958
217,563
218,543
218,326
218,567
219,1065
219,1542
219,806
220,308
220,1131
220,1218
220,439
221,1523
221,395
222,1434
222,1392
223,243
223,1264
223,1502
223,418
224,420
224,1240
224,1264
224,1374
225,529
225,422
225,486
226,1504
226,467
226,1393
227,618
227,1548
227,815
228,600
228,447
228,552
229,576
229,991
229,381
229,556
230,384
230,513
231,1121
231,1143
231,902
232,1577
232,384
232,903
232,1055
233,1253
233,1337
234,256
234,1577
234,1385
235,365
235,433
235,1449
235,1558
236,1425
236,347
236,1360
237,283
237,650
238,562
238,737
238,323
239,847
239,631
239,371
239,783
240,717
240,480
240,307
240,938
241,329
241,957
241,610
241,437
242,1025
242,396
242,1239
242,1003
243,1088
243,419
243,1457
244,1545
244,1395
244,439
244,1502
245,1154
245,397
245,1437
245,1567
246,463
246,1437
247,1571
247,1481
247,354
247,1568
248,618
248,509
248,402
249,250
249,380
249,360
249,447
250,379
250,992
250,293
251,905
251,727
251,317
251,1121
252,339
253,1164
253,427
253,318
253,1078
254,1382
254,1384
254,1315
254,989
255,1271
255,1471
255,1140
255,452
256,1340
256,1403
257,1577
257,300
257,1514
258,630
258,1450
259,522
259,499
260,347
260,367
261,782
261,1045
261,478
261,480
262,393
262,676
262,868
263,912
263,396
263,371
264,1067
264,938
264,1284
264,1023
265,394
265,1565
265,1110
265,1348
266,398
266,1352
266,1265
267,356
267,1522
267,1546
268,1546
268,1374
269,1395
269,617
270,487
270,507
270,1527
271,334
271,466
271,599
271,530
272,532
272,619
272,405
273,339
273,315
273,707
274,1187
274,1033
274,990
274,859
275,1189
275,1166
275,1122
275,338
276,1098
276,473
276,1273
277,1209
277,1361
277,1120
277,388
278,1426
278,1425
278,408
279,280
279,1339
279,474
280,608
280,299
280,324
281,387
281,477
281,302
282,456
282,760
283,957
283,502
283,458
284,717
284,394
284,808
284,393
285,938
285,1068
285,956
286,419
286,1307
286,481
286,1285
287,485
287,1304
287,1221
288,1177
288,356
288,1176
288,1152
289,1566
289,531
289,464
290,465
290,313
290,1437
291,663
291,598
291,1546
292,727
292,313
292,620
293,553
293,858
293,317
294,1036
294,1035
294,728
295,600
295,406
295,884
296,451
296,1143
296,968
297,1014
297,1254
297,1057
298,1426
298,1512
298,1100
298,1340
299,539
299,1360
300,411
300,321
301,1560
301,1404
301,1493
302,499
302,413
303,345
303,304
304,785
304,873
305,1045
305,501
305,587
305,1046
306,718
306,739
306,394
307,440
307,372
308,978
308,328
308,892
309,1351
309,461
309,395
309,352
310,1111
310,1287
311,1503
311,1348
311,1524
311,1285
312,1571
312,551
312,1372
313,664
313,685
314,796
314,598
314,750
315,639
315,706
315,596
316,425
316,884
316,927
316,991
317,817
317,793
318,1122
318,1057
318,753
319,514
319,1276
319,990
320,473
320,1470
321,1099
321,1339
322,518
322,1382
322,1556
323,1429
323,1559
323,1536
324,674
324,1427
324,454
325,392
325,804
325,1558
326,914
326,849
326,873
327,433
327,894
327,586
327,372
328,350
328,761
329,980
329,913
330,1155
330,1001
330,1262
331,1329
332,421
332,443
332,352
332,571
333,1435
333,1308
333,1348
334,1416
334,640
335,771
336,599
336,446
337,796
337,643
337,405
337,751
338,1013
338,579
338,427
339,1077
340,883
340,1034
340,559
340,1059
341,926
341,1079
341,1251
342,1121
342,1490
342,1383
344,607
344,367
344,1535
345,1494
345,650
346,522
346,674
348,651
348,958
348,785
348,895
349,392
349,546
349,741
349,675
350,1156
350,807
350,763
351,1197
351,570
351,1200
351,1089
353,355
353,505
354,1392
354,1417
354,1198
355,1375
356,358
356,1569
357,664
357,621
357,1505
358,576
358,552
359,380
359,511
360,684
360,554
360,445
361,949
361,751
361,1099
361,687
362,491
362,1297
362,667
362,1276
363,949
363,970
363,1142
363,969
364,1253
364,1338
364,1447
365,1338
365,432
366,368
366,1534
366,1579
367,517
368,674
368,782
369,502
369,498
369,454
369,611
370,804
370,632
370,740
371,915
371,481
372,525
373,914
373,548
373,1068
373,611
374,1461
374,527
374,1199
375,1178
375,506
375,594
376,1374
376,1436
376,1525
376,483
377,379
377,1349
377,1417
378,1570
378,683
378,551
378,728
379,684
379,686
380,774
380,445
381,577
381,710
382,577
382,471
382,645
382,599
383,1168
383,1188
383,818
383,1078
384,1231
384,1189
385,1036
385,1275
386,1230
386,1295
386,1251
387,1272
387,451
387,1317
388,1363
388,1318
389,1470
389,409
389,1538
390,608
390,807
391,871
391,654
391,698
392,588
392,982
393,939
393,435
394,958
395,1025
395,1111
396,1175
396,529
397,1547
398,637
398,550
399,1523
400,1440
400,421
400,1568
401,709
401,466
401,662
401,771
402,710
402,423
403,492
403,597
403,947
403,990
404,470
404,990
404,859
404,556
405,645
405,558
406,1186
406,1254
406,1034
407,1166
407,1101
407,1165
407,1056
408,1187
408,1580
409,1386
409,454
409,516
410,476
410,1561
410,1296
411,629
411,1581
412,585
412,586
413,546
413,653
414,501
414,742
414,1003
415,805
415,850
415,1069
415,1004
416,698
416,545
416,1222
416,612
417,960
417,613
417,1112
417,1023
418,1349
418,1374
418,1309
419,1504
420,1419
420,530
421,638
422,708
422,1483
423,508
423,837
423,665
424,488
424,839
424,448
424,729
425,819
425,510
425,773
426,667
426,559
426,666
426,925
427,904
427,643
428,1274
428,452
428,430
428,1187
429,1124
429,603
429,1361
429,517
430,1382
430,540
431,1385
431,1342
432,434
432,476
433,566
434,696
434,850
434,520
435,982
435,480
435,804
436,981
436,610
436,1070
437,961
437,1069
437,980
438,1176
438,546
438,440
438,484
439,1330
439,916
440,505
440,1200
441,1437
441,1484
442,1244
442,1243
444,664
444,507
444,445
444,486
446,642
446,773
446,947
447,840
447,707
448,621
448,555
449,1144
449,994
449,557
449,666
450,1385
450,1057
450,603
450,950
451,473
451,646
452,1360
452,670
453,1537
453,474
455,474
455,477
455,1448
456,521
456,565
457,500
457,629
457,740
457,522
458,1048
459,914
459,765
459,1156
459,826
460,1088
460,918
460,1044
460,808
461,809
461,1045
461,635
462,637
462,1154
462,1393
462,1547
463,1263
463,1483
463,1375
464,1527
464,617
465,1506
465,508
466,595
466,838
467,662
467,511
468,643
468,906
468,688
469,489
469,970
469,709
469,948
470,886
470,839
470,537
471,623
471,1233
471,777
472,1253
472,1231
472,1363
472,1100
473,1190
474,541
475,520
475,1558
475,1559
475,561
476,737
476,673
477,1515
477,740
478,609
478,697
479,983
479,742
479,1046
480,1048
481,547
481,700
482,679
482,939
482,828
482,1002
483,1397
483,1069
483,635
484,703
484,1420
484,635
485,1507
485,1198
486,682
487,1462
487,704
488,553
488,1550
488,682
489,772
489,511
490,601
490,510
490,860
491,816
491,577
491,708
492,536
492,666
492,775
493,1059
493,495
493,864
493,1122
494,1298
494,1275
494,601
494,1277
495,1255
495,1408
495,1124
496,1318
496,582
496,1296
496,1362
497,1232
497,694
497,1342
498,585
498,1472
498,715
499,716
499,544
500,521
500,632
501,981
501,827
502,655
502,524
503,851
503,569
503,675
503,984
504,1154
504,786
504,548
504,1091
505,1329
505,765
506,1242
506,1396
506,1440
507,1264
507,1243
508,1372
508,641
509,574
509,594
509,728
510,622
512,1035
512,947
512,794
512,754
513,755
513,840
513,686
514,599
514,820
514,796
515,689
515,1231
515,755
515,1125
516,1341
516,1014
516,582
517,669
517,1188
518,1495
518,605
518,714
519,1560
519,1495
519,607
520,564
521,589
522,915
523,546
523,918
523,569
523,829
524,1028
524,590
524,676
525,940
525,589
525,829
526,1113
526,1025
526,1308
526,765
527,1417
527,1180
527,1156
528,592
528,681
528,1548
528,1309
529,1463
529,1397
530,770
531,1550
531,1505
532,1570
533,554
533,578
534,971
534,773
534,991
535,1037
535,816
535,1102
535,732
536,864
536,1081
536,647
537,1254
537,1210
537,1146
538,688
538,1318
538,1211
538,1430
539,560
539,691
539,733
540,1405
540,1583
541,1453
541,1321
542,627
542,584
543,763
544,828
545,784
545,786
545,677
547,984
547,961
547,699
548,981
548,1133
549,1308
549,1027
549,722
549,1155
550,618
550,1178
551,1569
552,772
553,1482
553,1460
554,793
554,1570
555,774
555,752
555,710
556,558
556,1016
557,622
557,951
557,817
558,1079
558,1126
559,1080
559,863
560,715
560,1365
560,1538
561,1299
561,670
561,1341
562,1581
562,1276
562,1514
563,1450
564,628
565,914
565,631
566,718
566,630
567,940
567,590
567,917
568,850
568,764
568,678
568,985
569,615
569,851
570,1047
570,616
570,1375
571,1395
571,1224
571,788
572,1352
572,1438
572,703
572,1463
573,616
573,790
573,1308
574,1416
574,1549
575,686
575,663
575,1461
576,730
576,705
578,686
578,1080
578,642
579,863
579,973
579,687
580,1125
580,1235
580,1081
580,995
581,927
581,754
581,1015
581,1126
582,1407
582,1037
583,1494
583,1580
583,649
583,1191
584,1580
584,1408
585,1429
586,1536
586,1492
587,894
587,763
588,696
588,762
588,830
589,871
589,983
590,962
590,1223
591,1049
591,742
591,698
591,1243
592,768
592,634
592,1068
593,746
593,1135
593,768
593,1071
594,681
594,1266
595,641
595,1419
596,1505
597,792
600,886
600,731
601,861
601,1083
602,1299
602,1212
602,861
602,995
603,1407
603,758
604,780
604,1431
604,1103
604,1191
605,1365
605,1342
606,1407
606,1320
607,1515
609,894
609,895
610,1092
611,764
611,720
612,1093
612,915
612,721
613,723
613,1092
613,1352
614,1026
614,1420
614,1050
614,876
615,1286
615,724
615,1290
616,856
616,1483
617,835
617,1484
618,729
619,1482
619,795
620,1569
620,796
620,862
621,623
621,795
622,969
622,624
623,798
623,775
624,908
624,644
624,734
625,884
625,951
625,971
625,1017
626,973
626,715
626,1472
626,886
627,1276
627,781
627,1475
628,714
628,1497
629,780
630,1538
631,761
632,784
632,719
633,719
633,893
633,853
633,697
634,963
634,809
634,1245
635,1331
636,1396
636,1264
636,873
636,746
637,1312
637,877
638,1439
638,1398
639,1504
639,835
640,683
641,816
641,858
642,643
644,773
644,1123
644,729
645,1015
645,862
646,1036
646,668
646,1300
647,667
647,712
647,1167
648,1321
648,759
648,758
648,1233
649,673
649,801
649,1256
650,846
650,804
651,847
651,1537
651,1539
652,805
653,826
653,872
654,981
654,849
654,852
655,1135
655,1092
655,962
656,942
656,1090
656,831
656,1002
657,810
657,1291
657,1399
657,983
658,1354
658,1377
658,1332
658,899
659,705
659,1549
659,792
659,856
660,813
660,1288
660,1333
660,1268
661,1485
661,1332
661,900
662,705
662,1551
664,884
665,795
665,776
666,904
667,689
668,1364
668,1191
668,800
669,1232
669,866
669,1451
670,1345
670,1323
671,825
671,1233
672,781
672,848
673,1516
673,1517
674,1560
675,851
676,785
676,1048
677,1049
677,744
677,1050
678,916
678,1225
678,895
679,1334
679,702
679,1310
680,1201
680,856
680,1421
680,1181
681,1179
681,1549
682,769
683,1571
685,970
687,1104
687,841
688,843
688,1147
689,907
689,778
690,1145
690,1147
690,888
690,754
691,1561
691,1518
691,1343
692,1407
692,1255
692,911
692,1406
693,738
693,891
693,910
693,761
694,1472
694,1408
695,717
696,937
697,1024
698,1046
699,787
699,1112
699,852
700,920
700,939
700,1115
701,896
701,831
701,1113
701,812
702,1179
702,1397
702,1422
703,1550
703,1486
704,837
704,1506
704,726
705,1572
706,1529
706,708
707,814
707,905
709,905
709,907
710,1101
711,1035
711,1147
711,1102
711,1171
712,993
712,974
712,953
713,1451
713,1323
713,1018
713,776
714,1298
714,908
716,1582
716,1429
718,782
718,740
719,848
719,872
720,1026
720,830
720,894
721,809
721,1245
721,1114
722,852
722,853
722,985
723,1244
723,1181
723,1005
724,1422
724,965
724,787
725,1269
725,1334
725,987
725,1465
726,834
726,791
727,1570
727,750
728,967
730,860
730,970
730,972
731,994
731,883
731,841
732,753
732,778
732,733
733,953
733,1431
734,993
734,1235
734,974
735,1237
735,1475
735,802
735,1301
736,760
736,823
736,955
737,1542
737,955
738,759
738,848
739,936
739,806
741,743
742,810
743,916
743,896
743,1047
744,808
744,920
744,1313
745,834
745,1398
745,940
745,1027
746,897
746,963
747,1487
747,899
747,1311
747,814
748,1573
748,1442
748,988
749,770
750,947
751,838
751,794
752,993
753,772
753,994
754,799
755,1106
755,1019
756,778
756,1364
756,1454
756,1408
757,910
757,1170
757,1302
757,803
758,1499
758,975
759,847
760,868
761,892
763,849
764,961
764,853
765,919
766,986
766,1093
766,920
766,895
767,1026
767,1074
767,769
767,963
768,1332
768,857
769,1031
769,1442
770,1484
771,772
771,989
774,883
774,1081
775,1257
775,992
776,1302
776,821
777,823
777,1280
777,975
778,1041
779,1214
779,912
779,1299
780,1343
781,956
781,1541
783,892
784,959
785,1047
786,1157
786,1136
787,1378
787,1268
788,875
788,1442
788,1006
789,1244
789,1399
789,1311
789,896
790,1399
790,1160
791,1487
792,1574
792,1355
793,882
795,992
797,928
797,882
797,1104
797,818
798,949
798,819
798,1082
799,974
799,928
799,1367
800,1106
800,1038
800,1477
801,890
801,1432
802,911
802,933
802,1388
803,1563
803,979
803,935
805,916
805,1024
806,873
806,825
807,874
807,1113
808,959
809,1003
810,1070
810,940
811,1292
811,1136
811,1463
811,1224
812,878
812,942
812,1401
813,1379
813,835
813,1466
814,836
814,880
815,901
815,968
815,1011
816,1011
817,929
817,837
818,838
818,951
819,904
819,907
820,1368
820,1388
820,1235
821,952
821,1103
821,1082
822,1541
822,1451
822,1105
822,1434
823,1477
823,865
824,1388
824,1454
824,1452
825,1021
827,1047
827,959
828,939
828,936
829,1114
829,1068
830,1225
830,941
831,960
831,1203
832,1530
832,1005
832,1095
832,1334
833,1030
833,1529
833,1009
833,943
834,1421
834,964
836,1552
839,950
839,1015
840,1146
840,969
841,995
841,1037
842,1146
842,1322
842,1343
842,930
843,1256
843,1147
843,1299
844,845
844,1390
844,1277
844,1038
845,1149
845,1169
846,1323
846,1499
846,869
848,867
850,961
851,871
852,1005
853,1160
854,1048
854,1094
854,1178
854,1179
855,1377
855,1334
855,921
855,1114
856,1119
857,1400
857,1443
857,878
858,1486
859,1012
860,1014
861,863
861,862
862,906
863,1190
864,1168
864,1236
865,1037
865,1061
865,1367
866,997
866,1126
866,931
867,1474
867,1213
868,1022
868,1433
869,977
870,1024
872,1133
872,960
874,1223
874,1135
874,1311
875,1116
875,1201
875,1288
876,1289
876,1378
876,1249
877,1159
877,1424
877,1116
878,1397
878,1031
879,1528
879,964
879,968
880,1055
880,1531
881,1573
882,993
883,1146
885,1234
885,927
885,994
885,1058
886,1063
887,1474
887,1279
887,953
887,1083
888,1562
888,1430
888,1260
889,1041
889,1300
889,1280
890,1152
890,934
890,912
891,1455
891,1477
892,1563
893,980
893,1066
893,1044
896,1204
897,1074
897,1161
897,1157
898,1312
898,1183
898,1353
898,985
899,1093
899,1245
900,1159
900,1289
900,1574
901,1184
902,926
903,925
905,906
906,972
907,1189
908,1475
908,930
909,1104
909,1323
909,1260
909,1499
910,1564
910,1086
911,1000
911,1281
913,999
913,1042
913,1066
915,1002
917,1049
917,962
917,1267
918,1289
918,1027
919,1096
919,1376
919,1183
920,1245
921,1489
921,1007
922,1162
922,1204
922,1054
923,1099
923,1077
924,1076
924,1143
926,968
926,1166
927,1123
928,1189
928,1170
929,1103
929,1016
929,1040
930,950
930,1082
931,1281
931,1064
931,1389
932,1213
932,974
932,1325
932,1170
933,1194
933,1063
933,954
934,1110
935,936
936,956
937,1134
938,984
941,1312
941,1137
941,964
942,1096
942,1204
943,1289
943,1488
943,1552
944,1203
944,1010
944,1141
945,1423
945,1445
945,1055
945,1555
946,1101
946,1053
948,1016
948,1144
948,1080
949,971
950,1018
951,1365
952,1409
952,1321
952,1039
953,1278
954,1543
954,999
954,1085
955,1216
956,1023
957,1109
958,982
960,1004
962,1158
963,1181
964,1509
965,1314
965,1227
965,1377
966,1032
966,1529
967,1140
967,1010
967,1076
969,1058
971,1060
972,1192
972,1167
973,1411
973,1367
975,1017
975,1518
976,1086
976,1410
976,1304
976,1019
977,1324
977,1583
977,979
978,1456
978,1217
980,1090
982,1157
983,1071
984,1182
985,1400
986,1183
986,1269
986,1575
987,1315
987,1554
987,1354
988,1009
988,1464
989,1271
989,1142
992,1013
995,1278
996,1083
996,1234
996,1236
996,1282
997,1150
997,1042
998,1237
998,1520
999,1566
1000,1087
1000,1154
1000,1044
1001,1089
1002,1067
1003,1090
1004,1006
1004,1265
1005,1026
1006,1072
1006,1357
1007,1116
1007,1509
1007,1399
1008,1446
1008,1555
1008,1224
1008,1359
1009,1402
1009,1030
1011,1076
1011,1033
1012,1058
1012,1035
1014,1145
1015,1124
1016,1059
1017,1433
1017,1365
1018,1190
1018,1347
1019,1457
1019,1216
1020,1151
1020,1344
1020,1345
1021,1303
1021,1218
1021,1237
1022,1455
1023,1196
1024,1200
1025,1199
1027,1158
1028,1158
1028,1095
1028,1073
1029,1489
1029,1509
1029,1443
1029,1072
1030,1202
1030,1425
1031,1098
1031,1203
1032,1380
1032,1532
1032,1424
1033,1075
1034,1185
1036,1100
1038,1039
1038,1167
1039,1476
1039,1259
1040,1149
1040,1171
1040,1389
1041,1214
1041,1497
1042,1433
1043,1241
1044,1174
1046,1176
1049,1222
1050,1313
1050,1421
1051,1379
1051,1139
1051,1511
1052,1532
1053,1403
1053,1531
1053,1401
1054,1359
1054,1422
1054,1249
1055,1511
1056,1078
1056,1165
1057,1167
1058,1101
1059,1211
1060,1388
1060,1277
1060,1171
1061,1168
1061,1259
1061,1169
1062,1106
1062,1497
1062,1128
1062,1171
1063,1366
1063,1346
1064,1086
1064,1153
1065,1371
1065,1197
1066,1133
1067,1306
1067,1284
1069,1157
1070,1091
1070,1309
1071,1265
1071,1137
1072,1115
1073,1356
1073,1093
1073,1311
1074,1160
1075,1161
1075,1555
1076,1533
1077,1446
1078,1233
1079,1297
1079,1100
1080,1102
1081,1280
1082,1259
1083,1150
1084,1520
1084,1194
1084,1542
1084,1215
1085,1105
1085,1434
1085,1153
1086,1193
1087,1174
1087,1433
1088,1155
1088,1134
1089,1133
1089,1090
1091,1137
1091,1246
1092,1223
1094,1510
1094,1267
1094,1336
1095,1292
1096,1226
1097,1251
1097,1292
1097,1447
1097,1445
1098,1402
1099,1164
1102,1210
1103,1213
1104,1191
1105,1282
1105,1498
1106,1303
1107,1457
1107,1412
1107,1151
1108,1502
1108,1566
1108,1127
1109,1455
1110,1350
1111,1112
1112,1199
1113,1266
1114,1158
1115,1161
1115,1420
1116,1357
1117,1379
1117,1552
1117,1205
1117,1530
1118,1424
1118,1465
1119,1578
1119,1358
1120,1553
1120,1226
1121,1316
1122,1254
1123,1232
1123,1143
1124,1298
1125,1366
1125,1210
1126,1194
1127,1173
1127,1522
1127,1300
1128,1170
1128,1479
1129,1391
1129,1239
1129,1564
1129,1478
1130,1219
1130,1436
1130,1263
1131,1480
1131,1261
1131,1241
1132,1221
1132,1287
1134,1202
1134,1180
1135,1246
1136,1335
1136,1244
1137,1464
1138,1202
1138,1358
1138,1182
1138,1508
1139,1533
1139,1508
1139,1423
1140,1468
1141,1315
1141,1337
1142,1186
1144,1209
1144,1232
1145,1166
1145,1186
1148,1255
1148,1278
1148,1236
1148,1386
1149,1543
1149,1260
1150,1454
1150,1173
1151,1476
1152,1326
1152,1196
1153,1283
1153,1305
1155,1331
1156,1375
1159,1400
1159,1226
1160,1553
1161,1290
1162,1312
1163,1557
1163,1249
1163,1165
1163,1512
1164,1510
1164,1423
1165,1228
1168,1298
1169,1389
1169,1367
1172,1217
1172,1237
1172,1565
1173,1415
1173,1258
1174,1414
1174,1220
1175,1371
1176,1221
1177,1198
1177,1243
1177,1288
1178,1179
1180,1333
1180,1202
1181,1376
1182,1467
1182,1268
1184,1530
1184,1339
1185,1359
1185,1272
1186,1512
1187,1275
1188,1234
1188,1406
1190,1322
1192,1278
1192,1345
1192,1214
1193,1369
1193,1213
1193,1195
1194,1519
1195,1346
1195,1301
1195,1458
1197,1391
1198,1220
1199,1266
1201,1333
1201,1355
1203,1269
1204,1249
1205,1534
1206,1578
1206,1554
1207,1250
1208,1294
1208,1512
1208,1209
1209,1556
1210,1320
1211,1430
1211,1363
1212,1319
1212,1430
1212,1343
1214,1432
1215,1326
1216,1498
1218,1348
1219,1415
1219,1306
1220,1330
1220,1221
1222,1330
1222,1351
1223,1396
1224,1441
1225,1398
1225,1333
1227,1488
1227,1469
1228,1466
1228,1296
1228,1292
1229,1314
1229,1294
1229,1293
1230,1252
1230,1468
1230,1449
1231,1514
1234,1320
1235,1346
1236,1520
1238,1563
1238,1410
1238,1413
1239,1328
1239,1324
1240,1262
1240,1350
1240,1481
1241,1567
1241,1545
1242,1523
1242,1261
1242,1309
1246,1267
1246,1310
1247,1358
1247,1378
1247,1465
1247,1553
1248,1424
1248,1271
1248,1381
1250,1381
1251,1532
1252,1449
1255,1387
1256,1322
1256,1344
1257,1321
1257,1342
1257,1475
1258,1346
1258,1279
1262,1350
1263,1414
1263,1327
1265,1351
1266,1439
1267,1440
1268,1510
1269,1444
1270,1444
1270,1358
1271,1401
1273,1341
1273,1490
1274,1557
1275,1386
1277,1516
1279,1453
1279,1302
1280,1344
1281,1521
1281,1497
1282,1412
1282,1432
1283,1368
1283,1415
1283,1459
1284,1394
1284,1524
1285,1548
1285,1331
1286,1482
1287,1438
1287,1484
1288,1353
1290,1335
1290,1441
1291,1354
1291,1489
1293,1465
1294,1448
1295,1380
1295,1405
1295,1514
1296,1317
1297,1557
1297,1578
1300,1519
1301,1564
1302,1411
1303,1410
1303,1500
1304,1325
1304,1545
1305,1545
1306,1393
1307,1480
1307,1459
1307,1352
1310,1464
1310,1507
1313,1377
1313,1464
1314,1335
1314,1423
1315,1335
1316,1382
1316,1555
1317,1404
1317,1383
1319,1364
1320,1453
1322,1431
1324,1369
1324,1410
1325,1344
1326,1413
1327,1392
1327,1522
1327,1347
1328,1565
1329,1373
1331,1332
1336,1402
1336,1446
1337,1402
1337,1491
1338,1533
1340,1405
1341,1428
1345,1522
1347,1524
1353,1483
1353,1506
1354,1356
1355,1573
1355,1357
1356,1552
1356,1576
1359,1401
1360,1384
1362,1494
1362,1495
1362,1471
1363,1473
1364,1366
1366,1583
1368,1562
1369,1501
1370,1502
1370,1477
1370,1546
1373,1394
1373,1419
1376,1486
1376,1551
1378,1510
1379,1533
1381,1575
1384,1428
1385,1558
1386,1409
1387,1432
1387,1540
1387,1499
1389,1500
1390,1500
1390,1498
1390,1521
1391,1476
1393,1567
1395,1527
1396,1418
1398,1508
1400,1554
1403,1556
1404,1515
1405,1556
1406,1581
1409,1582
1409,1454
1411,1496
1411,1431
1412,1500
1412,1563
1413,1479
1414,1547
1418,1525
1418,1547
1419,1504
1420,1527
1421,1551
1426,1446
1427,1470
1427,1560
1428,1582
1429,1582
1439,1524
1440,1528
1443,1466
1443,1487
1444,1531
1445,1447
1449,1451
1452,1540
1452,1518
1455,1519
1456,1544
1457,1503
1458,1523
1459,1525
1460,1481
1461,1462
1462,1485
1463,1507
1468,1513
1469,1491
1473,1474
1476,1541
1480,1526
1487,1511
1492,1536
1493,1517
1493,1539
1494,1538
1495,1518
1496,1516
1505,1526
1508,1530
1509,1572
1513,1535
1515,1537
1516,1540
1537,1559
1541,1543
1554,1575
1568,1569
1573,1574
