0,2
0,760
0,1499
0,672
1,67
1,218
1,90
1,1020
2,1218
2,1367
2,1023
3,1195
3,954
3,1566
3,1129
4,1106
4,1108
4,1173
4,265
5,1196
5,1504
5,223
5,1151
6,223
6,1174
6,1217
6,268
7,53
7,354
7,291
7,1374
8,419
8,1394
8,399
8,1528
9,247
9,53
9,835
9,1440
10,706
10,1396
10,160
10,771
11,1510
11,1399
11,1378
11,1031
12,1117
12,1550
12,920
12,57
13,881
13,1576
13,1336
13,967
14,1382
14,1426
14,1272
14,1379
15,1339
15,1469
15,1338
15,1359
16,411
16,191
16,1120
16,148
17,520
17,1469
17,1185
17,299
18,1536
18,172
18,1492
18,1360
19,343
19,195
19,693
19,454
20,496
20,1385
20,649
20,1560
21,173
21,175
21,1539
21,1519
22,692
22,1066
22,1043
22,822
23,1281
23,935
23,1042
23,1174
24,44
24,91
24,933
24,1262
25,1042
25,1282
25,1522
25,267
26,1173
26,156
26,1303
26,159
27,48
27,245
27,1216
27,400
28,1286
28,245
28,270
28,401
29,1329
29,271
29,402
29,246
30,52
30,293
30,463
30,703
31,551
31,813
31,1418
31,792
32,293
32,164
32,1464
32,790
33,1098
33,944
33,1464
33,921
34,747
34,1422
34,122
34,922
35,901
35,1011
35,231
35,1121
36,253
36,1292
36,1514
36,1269
37,189
37,1403
37,1140
37,83
38,1511
38,83
38,1383
38,453
39,255
39,518
39,124
39,1426
40,107
40,1341
40,367
40,1579
41,1473
41,280
41,627
41,1384
42,826
42,802
42,849
42,173
43,823
43,1517
43,650
43,1495
44,153
44,714
44,1455
45,1562
45,218
45,1521
45,1153
46,1523
46,975
46,1541
46,1456
47,179
47,1020
47,1216
47,956
48,286
48,1413
48,201
49,180
49,1286
49,1480
49,1174
50,420
50,335
50,423
50,1415
51,574
51,311
51,315
51,663
52,272
52,357
52,466
53,705
53,55
54,207
54,227
54,249
54,401
55,1574
55,1509
55,1442
56,208
56,1423
56,856
56,1228
57,1422
57,209
57,167
58,60
58,1163
58,964
58,1400
59,145
59,1535
59,1467
59,1379
60,103
60,1253
60,1186
61,1446
61,431
61,388
61,256
62,520
62,1448
62,1407
62,409
63,782
63,193
63,214
63,84
64,238
64,1472
64,500
64,826
65,1410
65,870
65,325
65,651
66,912
66,781
66,1456
66,1412
67,179
67,1197
67,1044
68,1328
68,177
68,1390
68,1043
69,998
69,155
69,133
69,198
70,377
70,1327
70,1392
70,1284
71,1372
71,1262
71,1197
71,509
72,136
72,443
72,507
72,510
73,750
73,400
73,137
73,185
74,640
74,378
74,727
74,748
75,1550
75,161
75,925
75,358
76,272
76,252
76,815
76,878
77,1009
77,1076
77,143
77,1140
78,142
78,143
78,1486
78,1164
79,232
79,1382
79,189
79,1248
80,1055
80,1052
80,1009
80,82
81,193
81,254
81,1511
81,1401
82,498
82,325
82,190
83,255
83,1427
84,170
84,258
84,236
85,282
85,127
85,196
85,498
86,325
86,784
86,824
86,1563
87,630
87,910
87,283
87,1022
88,718
88,758
88,868
88,1474
89,1413
89,825
89,264
89,1478
90,1065
90,1567
90,1349
91,1021
91,1568
91,1372
92,1176
92,1370
92,1521
92,398
93,1304
93,1349
93,1482
93,1504
94,376
94,551
94,1306
94,419
95,180
95,1460
95,1417
95,1462
96,183
96,268
96,163
96,140
97,901
97,620
97,683
97,162
98,1032
98,773
98,230
98,1509
99,922
99,1097
99,187
99,228
100,1055
100,1315
100,880
100,1401
101,211
101,1295
101,1054
101,1270
102,253
102,1118
102,300
102,1163
103,321
103,1317
103,1555
104,277
104,170
104,148
104,149
105,1534
105,302
105,322
105,237
106,674
106,411
106,1579
106,1472
107,366
107,414
107,499
108,477
108,1560
108,261
108,151
109,1583
109,871
109,913
109,194
110,1564
110,803
110,132
110,243
111,847
111,222
111,1152
111,1239
112,1326
112,1349
112,177
112,157
113,1305
113,268
113,1285
113,1085
114,1566
114,1330
114,399
114,1217
115,161
115,1240
115,335
115,331
116,292
116,202
116,402
116,355
117,1503
117,248
117,508
117,530
118,161
118,881
118,640
118,573
119,338
119,252
119,185
119,793
120,1053
120,747
120,663
120,360
121,187
121,1508
121,923
121,1228
122,1466
122,232
122,1488
123,1294
123,232
123,1357
123,1512
124,365
124,1337
124,1536
125,411
125,210
125,1359
125,344
126,519
126,1535
126,412
126,1580
127,150
127,1361
127,279
128,584
128,454
128,457
128,716
129,149
129,541
129,412
129,606
130,737
130,867
130,780
130,501
131,716
131,1022
131,307
131,827
132,780
132,155
132,827
133,935
133,329
133,1542
134,934
134,1392
134,1544
134,220
135,308
135,978
135,154
135,1503
136,181
136,1110
136,332
137,1348
137,331
137,465
138,157
138,530
138,533
138,205
139,553
139,442
139,621
139,227
140,294
140,596
140,359
141,967
141,554
141,857
141,575
142,748
142,727
142,317
143,228
143,858
144,1120
144,858
144,1337
144,1010
145,1144
145,1510
145,1034
146,1380
146,1469
146,1470
146,1274
147,1446
147,387
147,1183
147,1558
148,257
148,1207
149,386
149,607
150,518
150,432
150,605
151,826
151,587
151,1517
152,934
152,719
152,868
152,652
153,763
153,846
153,347
154,1130
154,937
154,219
155,374
155,308
156,1477
156,289
156,1042
157,1524
157,1218
158,291
158,1414
158,287
158,201
159,333
159,573
159,1285
160,203
160,596
160,685
161,421
162,510
162,490
162,184
163,795
163,880
163,924
164,383
164,793
164,297
165,990
165,319
165,1056
165,1251
166,1445
166,296
166,1207
166,363
167,277
167,1231
167,278
168,1467
168,1558
168,1275
168,1449
169,1341
169,1557
169,476
169,1228
170,1490
170,1384
171,632
171,588
171,543
171,1383
172,565
172,523
172,782
173,828
173,502
174,262
174,586
174,304
174,980
175,177
175,891
175,260
176,805
176,393
176,959
176,760
177,331
178,1434
178,1045
178,1068
178,199
179,1438
179,1238
180,1458
180,200
181,288
181,357
181,443
182,1569
182,205
182,639
182,529
183,1550
183,487
183,424
184,861
184,663
184,552
185,814
185,858
186,426
186,816
186,837
186,1054
187,837
187,250
188,1271
188,1035
188,1056
188,298
189,1144
189,209
190,279
190,1294
190,388
191,1164
191,1534
191,453
192,499
192,521
192,518
192,476
193,521
193,1559
194,651
194,346
194,609
195,389
195,869
195,305
196,459
196,915
196,412
197,436
197,457
197,282
197,959
198,956
198,847
198,1044
199,1000
199,1434
199,1350
200,1328
200,1503
200,224
201,1327
201,1129
202,1570
202,226
202,378
203,1504
203,684
203,489
204,1506
204,663
204,1482
204,248
205,576
205,577
206,839
206,815
206,574
206,792
207,273
207,969
207,597
208,1165
208,449
208,316
209,1274
209,1012
210,296
210,1119
210,1076
211,319
211,1271
211,1577
212,1275
212,1142
212,1339
212,1318
213,1533
213,299
213,1493
213,455
214,389
214,1447
214,215
215,652
215,368
215,1494
216,390
216,259
216,433
216,413
217,785
217,825
217,240
217,718
218,956
218,1046
219,978
219,305
219,349
220,1131
220,934
220,221
221,1564
221,1370
221,913
222,351
222,1327
222,1216
223,443
223,1504
224,313
224,1198
224,1479
225,1416
225,310
225,596
225,509
226,1547
226,662
227,622
227,1547
228,380
228,490
229,750
229,772
229,511
229,903
230,273
230,772
230,708
231,276
231,340
231,883
232,1098
233,1469
233,320
233,1470
233,968
234,1098
234,497
234,342
234,451
235,1230
235,1185
235,1490
235,1186
236,1405
236,388
236,280
237,431
237,324
237,323
238,327
238,589
238,434
239,324
239,262
239,345
239,737
240,326
240,566
240,936
241,351
241,460
241,459
241,417
242,1131
242,329
242,1043
242,396
243,1197
243,1177
243,1175
244,1219
244,1130
244,1087
244,1545
245,1326
245,1437
246,575
246,270
246,1284
247,446
247,1394
247,1482
248,618
248,468
249,487
249,356
249,752
250,338
250,578
250,621
251,1013
251,555
251,817
251,404
252,836
252,298
253,947
253,1010
254,1209
254,1208
254,968
255,320
255,1383
256,1558
256,474
256,1362
257,1404
257,430
257,564
258,1581
258,1582
258,1560
259,369
259,783
259,324
260,850
260,738
260,672
261,741
261,565
261,369
262,958
262,414
263,957
263,395
263,783
263,1109
264,980
264,913
264,396
265,1220
265,1025
265,1327
266,1241
266,1522
266,1457
266,1088
267,1415
267,332
267,1283
268,507
269,531
269,422
269,595
269,420
270,358
270,1524
271,552
271,487
271,337
272,402
272,491
273,446
273,991
274,945
274,1122
274,947
274,363
275,428
275,1209
275,1143
275,450
276,1188
276,1381
276,1556
277,296
277,1033
278,1382
278,1232
278,366
279,1580
279,342
280,1471
280,674
281,523
281,457
281,606
281,697
282,676
282,762
283,326
283,370
283,608
284,611
284,480
284,434
284,308
285,417
285,1000
285,915
285,979
286,1088
286,1373
286,1132
287,333
287,482
287,354
288,1220
288,1261
288,506
289,506
289,1460
289,1241
290,1306
290,1436
290,464
290,662
291,1549
291,444
292,1525
292,1547
292,575
293,751
293,554
294,708
294,423
294,360
295,1165
295,751
295,1077
295,555
296,884
297,342
297,1251
297,1254
298,1512
298,1294
299,407
299,1447
300,517
300,1340
300,1425
301,1425
301,412
301,652
301,629
302,783
302,456
302,304
303,458
303,367
303,763
303,1582
304,586
304,718
305,477
305,677
306,871
306,739
306,1087
306,351
307,439
307,1218
307,1067
308,913
309,1178
309,1438
309,482
309,1416
310,333
310,1567
310,1221
311,1481
311,1348
311,1306
312,1374
312,1416
312,1501
312,314
313,511
313,1569
313,443
314,381
314,491
314,662
315,337
315,488
315,574
316,1036
316,641
316,924
317,1012
317,447
317,620
318,449
318,491
318,1078
318,687
319,968
319,1229
320,1359
320,515
321,1471
321,452
321,1101
322,389
322,343
322,1533
323,541
323,1384
323,434
324,497
325,696
326,1581
326,437
327,372
327,414
327,651
328,849
328,983
328,482
328,1111
329,849
329,502
330,440
330,1242
330,1219
330,525
331,1331
332,444
332,550
333,507
334,423
334,1459
334,1547
334,1418
335,684
335,445
336,513
336,686
336,731
336,1549
337,990
337,509
338,424
338,576
339,472
339,1057
339,795
339,664
340,448
340,884
340,492
341,515
341,1014
341,1144
341,1319
342,1404
343,1251
343,1294
344,1557
344,1296
344,1536
345,1339
345,675
345,367
346,456
346,1579
346,607
347,371
347,804
347,391
348,917
348,806
348,1047
348,869
349,1003
349,1026
349,545
350,1089
350,653
350,698
350,741
351,981
352,394
352,592
352,1352
352,505
353,442
353,1241
353,461
353,1546
354,1244
354,1307
355,485
355,1482
355,594
356,1437
356,1461
356,594
357,1481
357,1570
358,379
358,904
359,382
359,688
359,644
360,1014
360,729
361,774
361,514
361,1121
361,383
362,709
362,406
362,902
362,972
363,429
363,969
364,517
364,1099
364,1318
364,1362
365,366
365,454
365,1559
366,1297
367,368
368,478
368,1448
369,848
369,784
370,850
370,416
370,521
371,609
371,870
371,544
372,461
372,392
372,478
373,567
373,1177
373,397
373,440
374,1287
374,529
374,1439
375,1111
375,1112
375,1175
375,439
376,1480
376,399
376,617
377,1440
377,1393
377,1417
378,1350
378,466
379,662
379,727
379,599
380,750
380,618
380,707
381,753
381,534
381,968
382,598
382,578
382,903
383,469
383,729
384,928
384,515
384,1101
384,472
385,603
385,1404
385,427
385,1102
386,1363
386,450
386,1429
387,389
387,408
387,1408
388,1383
390,805
390,478
390,543
391,914
391,696
391,873
392,610
392,829
392,761
393,1002
393,1044
393,786
394,743
394,1156
394,917
395,1200
395,957
395,1176
396,1396
396,1351
397,1200
397,1352
397,614
398,1525
398,1395
398,1418
399,1371
400,1481
400,485
401,617
401,683
402,512
403,949
403,468
403,623
403,818
404,1081
404,557
404,489
405,708
405,470
405,447
405,819
406,472
406,1035
406,971
407,1101
407,1255
407,1058
408,1297
408,584
408,1429
409,560
409,582
409,561
410,1403
410,1451
410,1448
410,561
411,562
413,477
413,959
413,655
414,433
415,699
415,762
415,1048
415,1001
416,1000
416,938
416,483
417,656
417,1001
418,1046
418,1069
418,504
418,507
419,1307
419,1397
420,532
420,1523
421,1461
421,1481
421,617
422,597
422,1505
422,1571
423,882
424,1015
424,752
425,534
425,598
425,925
425,815
426,926
426,796
426,1103
427,603
427,753
427,451
428,1016
428,471
428,1210
429,1516
429,626
429,1188
430,1405
430,563
430,1493
431,540
431,1253
432,476
432,542
432,1472
433,475
433,1472
434,650
435,914
435,676
435,499
435,695
436,587
436,894
436,830
437,853
437,653
437,741
438,1003
438,480
438,548
438,1024
439,960
439,1090
440,1375
440,1070
441,551
441,1415
441,1526
441,595
442,1526
442,508
444,706
444,683
445,883
445,707
445,1505
446,706
446,642
447,665
447,992
448,818
448,1080
448,970
449,776
449,537
450,1190
450,1296
451,537
451,1298
452,626
452,560
452,1255
453,1539
453,1426
454,671
455,1470
455,474
455,1473
456,1579
456,633
457,721
458,918
458,1090
458,566
459,787
459,851
460,1244
460,1245
460,1004
461,960
461,612
462,1438
462,550
462,1091
462,659
463,1528
463,1375
463,1546
464,1461
464,1503
464,484
465,1527
465,641
465,1526
466,665
466,708
467,883
467,772
467,796
467,643
468,905
468,992
469,775
469,581
469,969
470,492
470,1080
470,1060
471,994
471,560
471,1277
472,1386
473,1449
473,1452
473,605
473,1212
474,628
474,1427
475,540
475,1406
475,499
476,522
477,501
478,721
479,915
479,1005
479,895
479,851
480,808
480,591
481,810
481,827
481,1157
481,1221
482,484
483,1267
483,1154
483,1135
484,1441
484,1112
485,1308
485,1394
486,1460
486,1396
486,572
486,1264
487,1352
488,815
488,1571
488,533
489,687
489,600
490,904
490,838
491,667
492,642
492,732
493,1234
493,733
493,906
493,1187
494,1146
494,1078
494,1056
494,732
495,1274
495,559
495,1278
495,669
496,1299
496,1166
496,1404
497,1471
497,563
498,1581
498,1450
500,632
500,586
500,629
501,981
501,784
502,1134
502,635
503,1245
503,657
503,655
503,962
504,569
504,1005
504,960
505,659
505,524
505,592
506,1243
506,1113
508,1373
508,552
509,638
510,861
510,639
511,728
511,599
512,859
512,884
512,666
513,775
513,817
513,514
514,730
514,1122
515,538
516,1037
516,1405
516,1015
516,1212
517,1102
517,1319
518,672
519,585
519,631
519,1581
520,566
520,760
521,695
522,542
522,782
522,564
523,894
523,1048
524,914
524,1135
524,567
525,1289
525,1003
525,916
526,615
526,1308
526,1092
526,788
527,1158
527,635
527,1004
527,1027
528,637
528,661
528,1178
528,1286
529,1286
529,1461
530,1569
530,1528
531,576
531,682
531,642
532,598
532,773
532,621
533,927
533,905
534,860
534,775
535,904
535,752
535,950
535,1082
536,753
536,1122
536,538
536,773
537,1190
537,583
538,1235
538,928
539,757
539,1211
539,581
539,1209
540,1299
540,715
541,1470
541,561
542,1452
542,1583
543,586
543,827
544,892
544,959
544,805
545,742
545,547
545,829
546,699
546,589
546,1002
546,719
547,1135
547,1134
547,765
548,1330
548,1354
548,1111
549,982
549,1377
549,636
549,637
550,683
550,1548
551,1265
552,639
553,685
553,707
553,682
554,686
554,1548
555,688
555,860
556,752
556,820
556,928
556,862
557,796
557,1166
557,1167
558,731
558,644
558,951
558,666
559,645
559,583
559,1362
560,692
561,1515
562,1538
562,1406
562,1408
563,1540
563,1427
564,607
564,673
565,587
565,609
566,677
567,764
567,740
568,914
568,850
568,893
568,1072
569,1136
569,1047
569,894
570,679
570,1178
570,635
570,612
571,1092
571,1331
571,1199
572,613
572,1355
572,637
573,1310
573,1309
574,661
575,705
576,750
577,773
577,793
577,883
578,797
578,665
579,971
579,622
579,1082
579,1213
580,1016
580,1254
580,1235
580,906
581,930
581,862
582,1322
582,1232
582,1363
583,1366
583,625
584,1496
584,1495
585,631
585,1580
585,695
587,697
588,610
588,938
588,590
589,674
589,766
590,720
590,676
590,700
591,1006
591,611
591,613
592,1396
592,855
593,724
593,1354
593,1333
593,1419
594,682
594,727
595,1420
595,1463
596,772
597,641
597,1525
598,861
599,973
599,664
600,685
600,1145
600,1168
601,1036
601,1213
601,1188
601,972
602,1103
602,1145
602,713
602,799
603,778
603,1279
604,845
604,1428
604,1344
604,1431
605,1410
605,1364
606,1449
606,673
607,696
608,717
608,654
608,718
609,762
610,983
610,634
611,852
611,897
612,719
612,894
613,766
613,1398
614,634
614,1243
614,1091
615,1330
615,660
615,1287
616,770
616,702
616,811
616,1308
617,1508
618,729
618,814
619,726
619,1570
619,749
619,1572
620,947
620,860
621,970
622,774
622,732
623,1256
623,1102
623,1189
624,885
624,1235
624,863
624,929
625,819
625,994
625,930
626,1192
626,1256
627,693
627,1516
627,672
628,1451
628,1537
628,1493
629,674
629,1537
630,675
630,848
630,739
631,675
631,719
632,741
632,743
633,1113
633,808
633,1071
634,807
634,871
635,1244
636,660
636,702
636,1115
637,899
638,1552
638,726
638,833
639,681
640,1507
640,1439
641,839
642,841
643,711
643,838
643,753
644,841
644,799
645,1343
645,1103
645,756
646,1386
646,1364
646,818
646,757
647,1474
647,1213
647,648
647,931
648,1407
648,1189
648,734
649,1537
649,1473
649,717
650,1540
650,758
651,870
652,892
653,804
653,698
654,1028
654,764
654,962
655,940
655,721
656,828
656,875
656,1177
657,986
657,1114
657,1180
658,1463
658,834
658,1156
658,899
659,811
659,1309
660,726
660,1288
661,1484
661,856
664,728
664,861
665,925
666,842
666,1060
667,774
667,1255
667,690
668,1145
668,690
668,757
668,798
669,887
669,993
669,1191
670,1126
670,1538
670,931
670,1518
671,735
671,1363
671,1255
673,1541
673,1430
675,825
676,806
677,1006
677,722
678,1047
678,1179
678,766
678,810
679,876
679,789
679,833
680,1440
680,961
680,1137
680,1399
681,986
681,792
681,703
682,900
684,793
684,838
685,970
686,862
686,817
687,730
687,1037
688,711
688,1169
689,1343
689,1342
689,1277
689,1236
690,974
690,1061
691,1124
691,974
691,1453
691,1301
692,865
692,1454
693,891
693,847
694,716
694,759
694,1537
694,739
695,891
696,915
697,742
697,873
698,720
698,809
699,723
699,785
700,898
700,899
700,940
701,1159
701,1157
701,790
701,744
702,1374
702,1268
703,899
703,1312
704,1529
704,1441
704,878
704,877
705,1572
705,1507
706,1462
707,858
709,755
709,1125
709,730
710,1079
710,972
710,951
710,1058
711,796
711,1168
712,1258
712,1058
712,906
712,887
713,1387
713,889
713,1365
714,1450
714,1323
714,1409
715,911
715,1519
715,1497
716,892
717,868
717,761
720,1090
720,895
721,1070
722,1025
722,1222
722,1070
723,1182
723,1160
723,808
724,1311
724,1506
724,1354
725,1029
725,788
725,770
725,1116
726,1551
728,771
728,859
729,816
730,731
731,1059
732,1104
733,1106
733,1234
733,843
734,866
735,1342
735,932
735,1430
736,1519
736,1299
736,1429
736,1455
737,1342
737,1387
738,1561
738,761
738,758
739,937
740,982
740,849
740,782
742,786
742,809
743,1201
743,872
744,851
744,789
744,1376
745,1335
745,1353
745,1027
745,900
746,1072
746,1375
746,1355
746,1353
747,834
747,1550
748,1570
748,768
749,795
749,1484
749,1419
751,971
751,1014
754,996
754,1079
754,1015
754,973
755,844
755,1123
755,1016
756,1320
756,1038
756,1146
757,1298
758,934
759,1582
759,1497
759,1345
760,1516
761,912
762,785
763,939
763,1047
764,893
764,875
765,807
765,1266
765,1247
766,964
767,788
767,1161
767,789
767,920
768,1573
768,1309
768,1572
769,814
769,1551
769,834
769,1074
770,901
770,1464
771,1572
771,902
774,884
775,1016
776,1236
776,1124
776,1233
777,1018
777,1081
777,1169
777,1257
778,1324
778,1149
778,1041
779,1563
779,1386
779,1061
779,930
780,1432
780,976
781,1475
781,935
781,1366
783,872
784,916
785,805
786,1201
786,1202
787,1157
787,1182
787,807
788,1182
789,1246
790,1357
790,1485
791,837
791,1462
791,1312
791,1376
792,1465
794,903
794,905
795,837
797,1057
797,1059
797,798
798,1083
798,904
799,1193
799,951
800,1321
800,844
800,1324
800,1542
801,1237
801,1321
801,1300
801,996
802,1582
802,1386
802,1366
803,1454
803,1540
803,979
804,806
804,958
806,1046
807,872
808,1002
809,939
809,961
810,1137
810,1136
811,1160
811,1529
812,1487
812,833
812,944
812,1465
813,1224
813,1531
813,857
814,860
816,946
816,1035
817,948
818,863
819,1148
819,1083
820,842
820,1039
820,1367
821,885
821,1453
821,1454
821,1214
822,907
822,1390
822,1455
823,976
823,1477
823,1541
824,1041
824,1562
824,1366
825,1539
826,872
828,870
828,1004
829,831
829,1026
830,1289
830,962
830,1134
831,853
831,1332
831,1095
832,1314
832,896
832,1157
832,1313
833,1204
834,1398
835,1442
835,879
835,1074
836,1554
836,1574
836,1012
838,923
839,1079
839,991
840,950
840,907
840,1123
840,1147
841,926
841,991
842,975
842,908
843,864
843,1127
843,1365
844,1543
844,1126
845,1191
845,1408
845,1430
846,1452
846,865
846,999
847,1499
848,1045
848,1561
850,916
851,1115
852,1026
852,1156
852,960
853,1377
853,1203
854,1246
854,1030
854,987
854,1310
855,1290
855,1397
855,944
856,1119
856,1575
857,1031
857,1247
859,1011
859,924
862,993
863,1126
863,948
864,1301
864,1104
864,1040
865,977
865,1453
866,999
866,1215
866,1495
867,1149
867,1192
867,1583
868,1409
869,978
869,1109
871,1068
873,1028
874,1334
874,1137
874,1311
874,1007
875,1223
875,1356
876,1398
876,1397
876,1378
877,1530
877,1441
877,1379
878,1400
878,920
879,988
879,1076
879,966
880,1528
880,1575
881,945
881,1010
882,1013
882,993
882,928
885,1079
885,994
886,1194
886,908
886,1346
886,1257
887,1542
887,1365
888,1084
888,1108
888,1540
888,1018
889,1347
889,1043
889,1497
890,1301
890,1498
890,1496
890,1280
891,1067
892,1023
893,980
893,1024
895,1049
895,983
896,938
896,939
896,1181
897,1180
897,1290
897,940
898,1138
898,1465
898,1159
900,1466
900,1489
901,1097
902,1100
902,1553
903,946
905,1017
906,992
907,1345
907,1017
908,1476
908,1321
909,1389
909,1126
909,1062
909,1064
910,1257
910,953
910,1172
911,1065
911,1367
911,1563
912,1562
912,1088
916,1135
917,985
917,1222
918,1268
918,1222
918,1136
919,1378
919,1203
919,1288
919,1114
920,1313
921,1289
921,1117
921,1050
922,1030
922,1334
923,965
923,1033
924,1100
925,989
926,1101
926,946
927,991
927,1060
927,1081
929,1040
929,1301
929,1127
930,1212
931,994
931,1037
932,1303
932,1521
932,1325
933,1324
933,1170
933,955
935,1067
936,1003
936,979
936,980
937,1089
937,957
938,1071
939,1004
940,942
941,1092
941,1074
941,1487
941,1400
942,1138
942,1443
942,1201
943,1093
943,1271
943,1138
943,1532
944,1008
945,1031
945,1206
946,1122
947,1123
948,1100
948,1167
949,1034
949,1013
949,1017
950,1036
950,993
951,972
952,975
952,1082
952,995
952,1455
953,1148
953,1564
953,1085
954,1432
954,1150
954,1151
955,1041
955,1457
955,1474
956,979
957,1024
958,1176
958,1091
961,1050
961,1179
962,1399
963,1310
963,1049
963,1377
963,1246
964,1049
964,1358
965,1512
965,1576
965,1464
966,989
966,1269
966,1533
967,1011
967,1573
969,1057
970,1187
971,990
973,1278
973,1323
974,1106
974,1346
975,1259
976,1107
976,1217
977,1172
977,1541
977,1565
978,1411
981,1027
981,1048
982,1222
982,1133
983,1006
984,1202
984,1288
984,1226
984,1356
985,1007
985,1050
985,1266
986,1334
986,1424
987,1356
987,1355
987,1094
988,1530
988,1033
988,1094
989,1229
989,1270
990,1014
992,1147
995,1150
995,1211
995,1147
996,1260
996,1346
997,1107
997,1258
997,1544
997,1387
998,1128
998,1063
998,1044
999,1435
999,1237
1000,1198
1001,1066
1001,1199
1002,1069
1005,1311
1005,1116
1006,1093
1007,1314
1007,1183
1008,1116
1008,1529
1008,1490
1009,1033
1009,1226
1010,1249
1011,1251
1012,1231
1013,1078
1015,1278
1017,1211
1018,1300
1018,1106
1019,1105
1019,1149
1019,1543
1019,1194
1020,1281
1020,1543
1021,1023
1021,1302
1021,1154
1022,1477
1022,1435
1023,1220
1024,1111
1025,1113
1025,1112
1026,1071
1027,1071
1028,1158
1028,1311
1029,1049
1029,1224
1029,1488
1030,1202
1030,1555
1031,1531
1032,1316
1032,1335
1032,1098
1034,1210
1034,1186
1035,1080
1036,1278
1037,1256
1038,1105
1038,1168
1038,1388
1039,1520
1039,1193
1039,1281
1040,1238
1040,1064
1041,1476
1042,1454
1045,1285
1045,1178
1046,1110
1048,1266
1050,1269
1051,1180
1051,1377
1051,1552
1051,1270
1052,1137
1052,1445
1052,1291
1053,1295
1053,1554
1053,1055
1054,1272
1054,1118
1055,1187
1056,1207
1057,1059
1058,1189
1059,1232
1060,1257
1061,1125
1061,1124
1062,1367
1062,1434
1062,1326
1063,1498
1063,1475
1063,1522
1064,1170
1064,1478
1065,1543
1065,1283
1066,1261
1066,1112
1067,1113
1068,1114
1068,1155
1069,1132
1069,1133
1070,1223
1072,1423
1072,1486
1073,1468
1073,1093
1073,1314
1073,1158
1074,1225
1075,1140
1075,1291
1075,1094
1075,1334
1076,1248
1077,1230
1077,1253
1077,1187
1078,1167
1080,1148
1081,1387
1082,1389
1083,1256
1083,1260
1084,1152
1084,1169
1084,1431
1085,1412
1085,1325
1086,1172
1086,1433
1086,1390
1086,1216
1087,1393
1087,1501
1088,1565
1089,1156
1089,1265
1090,1155
1091,1266
1092,1134
1093,1443
1094,1159
1095,1576
1095,1421
1095,1489
1096,1142
1096,1380
1096,1293
1096,1205
1097,1513
1097,1574
1099,1166
1099,1184
1099,1210
1100,1143
1102,1210
1103,1191
1104,1146
1104,1167
1105,1432
1105,1542
1107,1193
1107,1413
1108,1566
1108,1281
1109,1369
1109,1304
1110,1436
1110,1239
1114,1116
1115,1200
1115,1399
1117,1358
1117,1268
1118,1509
1118,1338
1119,1337
1119,1295
1120,1488
1120,1510
1121,1273
1123,1125
1124,1277
1125,1299
1127,1279
1127,1195
1128,1411
1128,1412
1128,1239
1129,1258
1129,1173
1130,1391
1130,1433
1131,1437
1131,1199
1132,1351
1133,1200
1133,1351
1136,1309
1138,1205
1139,1141
1139,1335
1139,1140
1139,1402
1141,1423
1141,1250
1141,1317
1142,1468
1142,1424
1143,1273
1143,1296
1144,1298
1145,1212
1146,1233
1147,1279
1148,1475
1149,1343
1150,1304
1150,1522
1151,1546
1151,1500
1152,1370
1152,1219
1153,1391
1153,1371
1153,1524
1154,1263
1154,1155
1155,1352
1158,1243
1159,1180
1160,1486
1160,1532
1161,1162
1161,1489
1161,1402
1162,1185
1162,1424
1162,1336
1163,1444
1163,1205
1164,1314
1164,1208
1165,1425
1165,1232
1166,1318
1168,1343
1169,1236
1170,1171
1170,1282
1171,1414
1171,1195
1171,1478
1172,1370
1173,1545
1174,1329
1175,1458
1175,1221
1176,1265
1177,1264
1179,1398
1179,1181
1181,1289
1181,1225
1182,1508
1183,1316
1183,1554
1184,1487
1184,1535
1184,1553
1185,1272
1186,1512
1188,1362
1189,1254
1190,1300
1190,1254
1191,1279
1192,1321
1192,1388
1193,1259
1194,1283
1194,1502
1195,1261
1196,1240
1196,1284
1196,1371
1197,1198
1198,1241
1199,1332
1201,1420
1202,1419
1203,1443
1203,1333
1204,1467
1204,1247
1204,1313
1206,1226
1206,1443
1206,1227
1207,1488
1208,1228
1208,1359
1209,1577
1211,1318
1213,1298
1214,1215
1214,1409
1214,1500
1215,1498
1215,1477
1217,1240
1218,1347
1219,1239
1220,1243
1221,1288
1223,1244
1223,1308
1224,1442
1224,1420
1225,1292
1225,1336
1226,1269
1227,1424
1227,1250
1227,1554
1229,1297
1229,1384
1230,1361
1230,1315
1231,1407
1231,1273
1233,1322
1233,1234
1234,1363
1235,1342
1236,1237
1237,1410
1238,1456
1238,1325
1240,1259
1242,1349
1242,1525
1242,1328
1245,1265
1245,1267
1246,1486
1247,1442
1248,1312
1248,1530
1249,1509
1249,1491
1249,1291
1250,1466
1250,1491
1252,1275
1252,1339
1252,1515
1252,1558
1253,1534
1258,1280
1259,1302
1260,1434
1260,1328
1261,1565
1262,1502
1262,1568
1263,1418
1263,1373
1263,1459
1264,1350
1264,1287
1267,1421
1267,1312
1268,1310
1270,1466
1271,1338
1272,1556
1273,1293
1274,1276
1275,1515
1276,1320
1276,1405
1276,1317
1277,1473
1280,1282
1280,1391
1282,1432
1283,1302
1284,1369
1285,1372
1287,1307
1290,1531
1290,1463
1291,1423
1292,1381
1292,1575
1293,1553
1293,1360
1295,1445
1296,1536
1297,1361
1300,1520
1302,1499
1303,1305
1303,1546
1304,1368
1305,1567
1305,1480
1306,1415
1307,1502
1313,1401
1315,1532
1315,1400
1316,1381
1316,1577
1317,1385
1319,1340
1319,1580
1320,1471
1320,1495
1322,1368
1322,1408
1323,1388
1323,1410
1324,1544
1325,1523
1326,1459
1329,1501
1329,1395
1330,1332
1331,1463
1331,1526
1332,1354
1333,1335
1333,1422
1336,1468
1337,1578
1338,1401
1340,1534
1340,1428
1341,1429
1341,1450
1344,1520
1344,1475
1344,1412
1345,1389
1345,1368
1346,1431
1347,1476
1347,1348
1348,1501
1350,1435
1351,1353
1353,1395
1355,1356
1357,1402
1357,1358
1358,1465
1360,1578
1360,1446
1361,1559
1364,1430
1364,1452
1365,1562
1368,1453
1369,1502
1369,1433
1371,1545
1372,1417
1373,1417
1374,1506
1375,1551
1376,1573
1376,1571
1378,1511
1379,1421
1380,1510
1380,1491
1381,1578
1382,1513
1385,1494
1385,1406
1388,1521
1389,1457
1390,1478
1391,1498
1392,1568
1392,1523
1393,1460
1393,1436
1394,1567
1395,1439
1397,1483
1402,1513
1403,1448
1403,1555
1406,1451
1407,1518
1409,1561
1411,1518
1411,1474
1413,1563
1414,1479
1414,1568
1416,1527
1419,1552
1420,1506
1421,1444
1422,1508
1425,1447
1426,1491
1427,1535
1428,1450
1428,1492
1431,1519
1433,1518
1435,1479
1436,1565
1437,1569
1438,1527
1439,1441
1440,1484
1444,1576
1444,1489
1445,1447
1446,1468
1449,1517
1451,1516
1456,1458
1457,1564
1458,1480
1459,1479
1462,1485
1467,1556
1476,1520
1483,1549
1483,1571
1483,1529
1484,1507
1485,1527
1485,1553
1487,1573
1490,1577
1492,1557
1492,1494
1493,1517
1494,1515
1496,1539
1496,1497
1499,1500
1500,1545
1505,1524
1505,1548
1507,1574
1511,1533
1513,1557
1514,1560
1514,1559
1514,1578
1530,1551
1531,1552
1532,1556
1538,1561
1538,1583
1544,1566
1548,1549
1555,1575
