0,955
0,1020
0,956
0,867
1,109
1,738
1,1455
1,1562
2,825
2,1544
2,1413
2,1566
3,1193
3,1411
3,1327
3,1368
4,1414
4,1172
4,24
4,1568
5,1109
5,90
5,1131
5,243
6,1305
6,1175
6,443
6,204
7,26
7,223
7,96
7,1567
8,420
8,400
8,1395
8,750
9,685
9,747
9,141
9,1352
10,1506
10,1485
10,1440
10,140
11,640
11,1442
11,57
11,1441
12,57
12,877
12,922
12,1399
13,1359
13,1314
13,187
13,833
14,1165
14,1292
14,1466
14,924
15,989
15,1337
15,1383
15,168
16,38
16,146
16,1162
16,431
17,1446
17,124
17,1273
17,477
18,540
18,1538
18,255
18,1363
19,235
19,499
19,1535
19,152
20,41
20,409
20,129
20,280
21,368
21,521
21,150
21,86
22,911
22,932
22,218
22,999
23,1217
23,912
23,1260
23,1302
24,1128
24,1152
24,1283
25,178
25,1239
25,49
25,975
26,1259
26,1129
26,1478
27,1286
27,356
27,1395
27,1328
28,202
28,377
28,486
28,200
29,617
29,488
29,204
29,53
30,202
30,378
30,250
30,54
31,160
31,227
31,529
31,659
32,1570
32,639
32,1397
32,163
33,144
33,1032
33,725
33,747
34,102
34,1204
34,1139
34,1228
35,1098
35,921
35,167
35,1138
36,254
36,1207
36,1535
36,1470
37,211
37,101
37,145
37,1209
38,280
38,1163
38,1515
39,1470
39,194
39,1534
39,216
40,475
40,717
40,105
40,1429
41,107
41,1496
41,128
42,848
42,432
42,805
42,390
43,1582
43,628
43,759
43,803
44,89
44,1454
44,1453
44,956
45,976
45,846
45,845
45,1131
46,933
46,153
46,1021
46,976
47,199
47,201
47,1044
47,1369
48,156
48,333
48,999
48,1565
49,1238
49,243
49,71
50,1502
50,358
50,443
50,463
51,507
51,401
51,594
51,249
52,97
52,203
52,227
52,770
53,532
53,466
53,1506
54,206
54,530
54,924
55,1464
55,208
55,725
55,749
56,815
56,838
56,1510
56,923
57,880
57,210
58,1578
58,1184
58,1206
58,1317
59,1141
59,1488
59,1163
59,144
60,102
60,1472
60,1383
60,276
61,543
61,124
61,104
61,343
62,1427
62,412
62,1495
62,587
63,1448
63,501
63,258
63,587
64,565
64,1562
64,173
64,174
65,848
65,284
65,955
65,369
66,131
66,782
66,1042
66,1456
67,1132
67,1565
67,1304
67,1518
68,1152
68,1477
68,1412
68,177
69,221
69,1415
69,1154
69,133
70,1174
70,1086
70,1567
70,1327
71,93
71,1242
71,290
72,73
72,1438
72,1306
72,158
73,575
73,1484
73,771
74,467
74,747
74,204
74,139
75,662
75,638
75,316
75,1574
76,685
76,1571
76,1550
76,1572
77,792
77,100
77,967
77,1054
78,1402
78,1118
78,1337
78,1095
79,945
79,1336
79,921
79,1509
80,278
80,1099
80,1097
80,1490
81,1489
81,1251
81,1142
81,255
82,1427
82,192
82,1337
82,408
83,564
83,1425
83,1403
83,1449
84,1515
84,1470
84,281
84,476
85,608
85,740
85,344
85,1430
86,957
86,1516
86,194
87,910
87,1539
87,241
87,740
88,783
88,1432
88,264
88,110
89,781
89,1023
89,130
90,911
90,136
90,1303
91,1303
91,1022
91,1368
91,1350
92,114
92,1437
92,155
92,1329
93,1565
93,1525
93,94
94,157
94,1392
94,114
95,270
95,507
95,1416
95,577
96,227
96,380
96,727
97,464
97,552
97,770
98,619
98,773
98,229
98,620
99,296
99,1054
99,166
99,275
100,791
100,1098
100,1487
101,1139
101,212
101,167
102,1097
102,988
103,1469
103,1295
103,1120
103,1575
104,171
104,433
104,237
105,279
105,630
105,171
106,1428
106,279
106,1471
106,237
107,500
107,1429
107,1582
108,368
108,542
108,1453
108,825
109,606
109,261
109,936
110,1152
110,1065
110,1000
111,914
111,957
111,979
111,1238
112,223
112,288
112,180
112,1044
113,181
113,1219
113,1174
113,1176
114,181
114,1218
115,596
115,1458
115,375
115,136
116,1481
116,379
116,245
116,1505
117,685
117,464
117,773
117,272
118,1570
118,487
118,682
118,120
119,489
119,488
119,598
119,641
120,381
120,791
120,881
121,1551
121,1467
121,1078
121,123
122,1205
122,1512
122,879
123,1553
123,320
123,252
124,257
124,1339
125,1578
125,367
125,299
125,170
126,172
126,234
126,191
126,147
127,651
127,1470
127,433
127,718
128,325
128,475
128,1559
129,195
129,849
129,325
130,1541
130,650
130,520
131,958
131,153
131,327
132,739
132,782
132,329
132,869
133,1043
133,1065
133,242
134,1001
134,285
134,1456
134,198
135,1456
135,1372
135,220
135,1547
136,1416
136,1284
137,401
137,311
137,158
137,1391
138,1504
138,576
138,444
138,1306
139,1460
139,683
140,661
140,730
140,334
141,662
141,447
141,621
142,336
142,926
142,424
142,966
143,1099
143,1010
143,1510
143,189
144,296
144,965
145,1118
145,1316
145,1229
146,1185
146,1381
146,1253
147,1336
147,1183
147,169
148,343
148,456
148,1296
148,386
149,457
149,302
149,345
149,1340
150,1579
150,238
150,215
151,280
151,870
151,589
151,522
152,1474
152,979
152,937
153,760
153,1001
154,240
154,1111
154,264
155,935
155,1023
155,1521
156,1154
156,286
156,1434
157,200
157,1325
157,1503
158,488
158,1195
159,1459
159,1482
159,334
159,422
160,206
160,267
160,1418
161,661
161,748
161,617
161,577
162,532
162,553
162,729
162,730
163,708
163,815
163,752
164,210
164,814
164,425
164,1121
165,1100
165,1013
165,814
165,835
166,253
166,903
166,364
167,1447
167,1404
168,1183
168,1163
168,430
169,190
169,1426
169,1536
170,411
170,1494
170,1472
171,475
171,518
172,716
172,541
172,804
173,1517
173,259
173,306
174,1563
174,1022
174,303
175,458
175,392
175,328
175,825
176,1087
176,327
176,1541
176,178
177,1241
177,913
177,893
178,1347
178,1478
179,420
179,398
179,1195
179,1329
180,226
180,310
180,444
181,445
181,1479
182,377
182,620
182,1418
182,490
183,772
183,205
183,294
183,1547
184,293
184,663
184,641
184,595
185,793
185,339
185,858
185,555
186,274
186,991
186,296
186,273
187,1554
187,1100
187,1078
188,990
188,1230
188,1229
188,1510
189,275
189,1401
189,1295
190,1445
190,1428
190,1424
191,1296
191,1341
191,1229
192,1359
192,1402
192,1535
193,1406
193,1494
193,366
193,1538
194,213
194,1473
195,610
195,892
195,368
196,607
196,696
196,545
196,608
197,502
197,416
197,1025
197,347
198,284
198,1132
198,285
199,1435
199,1436
199,285
200,310
200,309
201,1348
201,203
201,1416
202,226
202,266
203,1526
203,399
204,466
205,597
205,400
205,337
206,574
206,596
207,252
207,1054
207,816
207,469
208,837
208,448
208,948
209,1057
209,1231
209,296
209,1077
210,1557
210,1011
211,1274
211,254
211,1492
212,1296
212,1315
212,214
213,1556
213,1515
213,257
214,323
214,301
214,389
215,348
215,238
215,347
216,720
216,672
216,1516
217,633
217,305
217,763
217,219
218,370
218,369
218,304
219,1130
219,263
219,784
220,958
220,893
220,1153
221,979
221,913
221,1046
222,439
222,1326
222,1151
222,1218
223,1501
223,1417
224,1351
224,1197
224,1241
224,1522
225,355
225,246
225,573
225,1414
226,313
226,332
227,816
228,466
228,468
228,619
228,272
229,879
229,600
229,836
230,297
230,664
230,251
230,947
231,1034
231,1273
231,968
231,385
232,1361
232,429
232,1426
232,1360
233,298
233,1188
233,1208
233,1532
234,1558
234,1316
234,1185
235,563
235,279
235,1536
236,434
236,1536
236,1490
236,255
237,479
237,630
238,326
238,389
239,981
239,544
239,325
239,434
240,502
240,392
240,1067
241,523
241,459
241,890
242,352
242,1154
242,394
243,1221
243,352
244,333
244,1392
244,1417
244,1307
245,1391
245,1304
245,309
246,1415
246,442
246,576
247,729
247,617
247,356
247,574
248,358
248,381
248,446
248,444
249,683
249,709
249,770
250,491
250,295
250,881
251,839
251,427
251,924
252,771
252,859
253,274
253,385
253,254
254,1122
255,431
256,1360
256,517
256,408
256,433
257,1315
257,1581
258,476
258,629
258,278
259,542
259,325
259,1493
260,455
260,546
260,520
260,652
261,479
261,522
261,980
262,459
262,870
262,435
262,895
263,806
263,1111
263,1046
264,306
264,349
265,397
265,1262
265,308
265,1241
266,1218
266,1307
266,307
267,309
267,443
267,269
268,334
268,1548
268,1349
268,1416
269,446
269,1459
269,1436
270,531
270,640
270,1526
271,293
271,728
271,752
271,883
272,509
272,684
273,880
273,317
273,295
274,1208
274,664
275,1274
275,923
276,1338
276,1556
276,1230
277,321
277,1449
277,1098
277,1272
278,1516
278,1491
279,1407
280,367
281,763
281,608
281,478
282,760
282,892
282,301
282,498
283,958
283,524
283,391
283,477
284,653
284,934
285,348
286,1088
286,526
286,329
287,1088
287,440
287,1134
287,461
288,530
288,1330
288,1348
289,290
289,1197
289,487
289,1480
290,533
290,554
291,1483
291,468
291,401
291,1524
292,424
292,816
292,444
292,421
293,488
293,686
294,993
294,710
294,902
295,710
295,363
297,1011
297,452
297,1058
298,322
298,1428
298,1426
299,1184
299,1493
299,519
300,1403
300,1340
300,430
300,1557
301,1494
301,346
302,500
302,606
302,409
303,1581
303,716
303,392
304,982
304,957
304,673
305,981
305,564
305,438
306,523
306,742
307,892
307,915
307,851
308,1305
308,549
308,1241
309,1087
310,1458
310,1196
311,440
311,443
311,1546
312,445
312,1548
312,335
312,1436
313,553
313,620
313,640
314,378
314,860
314,402
314,687
315,575
315,533
315,970
315,949
316,362
316,535
316,970
317,927
317,1123
317,972
318,338
318,558
318,925
318,1142
319,1080
319,382
319,1189
319,881
320,342
320,1513
320,1228
321,1232
321,341
321,1210
322,1319
322,366
322,364
323,607
323,386
323,1384
324,1579
324,563
324,387
324,344
326,652
326,609
326,739
327,370
327,869
328,1089
328,1111
328,783
329,1110
329,938
330,1088
330,1349
330,571
330,350
331,1240
331,1439
331,1045
331,463
332,1503
332,1286
332,1459
333,1502
333,1504
334,511
335,706
335,422
335,1547
336,421
336,1569
336,904
337,817
337,688
337,532
338,902
338,598
338,686
339,1186
339,837
339,492
340,1186
340,1297
340,948
340,1144
341,1210
341,452
341,384
342,1208
342,1341
342,497
343,498
344,539
344,1582
345,478
345,520
345,1557
346,410
346,673
346,566
347,850
347,369
348,458
348,939
349,350
349,956
349,589
350,436
350,417
351,1177
351,1220
351,936
351,568
352,1350
352,482
353,1460
353,417
353,1046
353,397
354,486
354,528
354,1414
355,485
355,1261
355,1480
356,1568
356,1306
357,423
357,665
357,1462
357,1480
358,904
358,774
359,946
359,902
359,706
359,426
360,1036
360,731
360,425
360,925
361,1123
361,840
361,426
361,425
362,363
362,491
362,472
363,1277
363,427
364,1272
364,1449
365,1469
365,451
365,367
365,1363
366,1251
366,1362
367,455
368,587
369,389
370,786
370,913
371,501
371,762
371,480
371,414
372,850
372,1066
372,610
372,1089
373,567
373,1264
373,527
373,981
374,1221
374,1066
374,1047
374,529
375,1306
375,1524
375,1353
376,1567
376,572
376,418
376,398
377,1483
377,1372
378,424
378,1438
379,530
379,1525
379,749
380,511
380,400
380,664
381,863
381,466
382,795
382,730
382,493
383,1232
383,450
383,838
383,512
384,1099
384,1079
384,971
385,1101
385,1385
386,1580
386,541
387,1186
387,1557
387,1538
388,410
388,1581
388,517
388,565
389,1450
390,826
390,872
390,566
391,587
391,939
391,586
392,982
393,940
393,395
393,1045
393,939
394,959
394,871
394,1024
395,1089
395,983
395,851
396,1243
396,441
396,1198
396,1135
397,1133
397,1288
398,1545
398,441
399,1393
399,1482
399,441
400,683
401,1526
402,643
402,794
402,596
403,706
403,469
403,1014
403,928
404,1056
404,772
404,750
404,751
405,1145
405,994
405,1100
405,731
406,883
406,1143
406,581
406,668
407,1189
407,1015
407,1144
407,408
408,1472
409,1534
409,538
410,1274
410,630
411,1473
411,696
411,1560
412,654
412,827
412,784
413,546
413,456
413,499
413,938
414,1003
414,697
414,938
415,893
415,436
415,544
415,675
416,1070
416,830
416,504
417,1178
417,959
418,1177
418,442
418,1090
419,1568
419,1415
419,1394
419,615
420,550
420,1480
421,1569
421,594
422,1524
422,1482
423,707
423,730
423,859
424,448
425,969
426,471
426,754
427,862
427,1080
428,1013
428,1321
428,583
428,1166
429,1318
429,1384
429,473
430,648
430,1473
431,585
431,1491
432,1539
432,564
432,1534
433,1559
434,1559
434,563
435,501
435,651
435,564
436,761
436,874
437,720
437,544
437,894
437,1113
438,1158
438,871
438,1091
439,1332
439,1047
439,482
440,1374
440,550
441,1197
442,1571
442,1286
445,578
445,1505
446,708
446,970
447,903
447,579
447,597
448,467
448,1102
449,668
449,1167
449,667
449,512
450,1254
450,947
450,1362
451,1080
451,1056
451,604
452,518
452,1230
453,540
453,1537
453,1320
453,1513
454,606
454,1514
454,583
454,1318
455,478
455,1558
456,695
456,672
457,785
457,697
457,981
458,591
458,1027
459,697
459,805
460,504
460,632
460,873
460,502
461,1158
461,527
461,1002
462,485
462,506
462,1394
462,507
463,1264
463,552
464,552
464,1263
465,1547
465,1550
465,1373
465,1374
467,795
467,598
468,905
468,645
469,819
469,776
470,1081
470,1190
470,839
470,646
471,1057
471,539
471,558
472,1059
472,1408
472,582
473,496
473,493
473,1100
474,1492
474,559
474,1430
474,627
475,716
476,543
476,1537
477,720
477,826
478,545
479,720
479,980
480,961
480,939
480,762
481,1049
481,808
481,786
481,483
482,701
482,1135
483,1350
483,616
483,612
484,1155
484,1132
484,1461
484,1352
485,1505
485,702
486,531
486,1287
487,1481
487,573
489,774
489,815
489,534
490,837
490,969
490,662
491,772
491,707
492,841
492,752
492,992
493,883
493,756
494,646
494,513
494,1256
494,644
495,1317
495,560
495,1059
495,605
496,1428
496,1253
496,650
497,1539
497,1582
497,562
498,696
498,1491
499,674
499,1536
500,610
500,519
501,586
502,852
503,654
503,611
503,808
503,699
504,767
504,657
505,529
505,788
505,1418
505,1049
506,1221
506,1353
506,704
507,1572
508,1525
508,509
508,704
508,705
509,533
509,1571
510,685
510,665
510,1549
510,512
511,620
511,644
512,971
513,710
513,796
513,1147
514,799
514,712
514,861
514,1276
515,971
515,1277
515,516
515,582
516,1144
516,584
516,580
517,1580
517,627
518,1558
518,519
519,541
520,541
521,783
521,1580
521,694
522,568
522,740
523,895
523,740
524,765
524,653
524,719
525,1220
525,1155
525,1113
525,984
526,1045
526,680
526,959
527,1484
527,592
528,767
528,1112
528,615
529,1419
530,639
531,661
531,553
532,749
533,905
534,708
534,1037
534,881
535,969
535,1057
535,536
536,1278
536,882
536,842
537,1017
537,579
537,557
537,995
538,1278
538,1254
538,929
539,1276
539,1255
540,1495
540,714
542,671
542,1561
543,608
543,783
544,697
545,653
545,1003
546,1156
546,590
547,676
547,655
547,658
547,915
548,1178
548,1004
548,810
548,785
549,1354
549,1244
549,1176
550,551
550,1551
551,1570
551,552
551,572
553,838
554,816
554,903
554,727
555,686
555,728
555,579
556,1147
556,641
556,667
556,1036
557,729
557,929
557,864
558,1190
558,1321
559,1406
559,1188
559,1366
560,648
560,1125
560,1366
561,581
561,1319
561,1495
561,1321
562,694
562,585
562,607
563,1583
565,806
565,698
566,674
566,936
567,631
567,918
567,1024
568,742
568,1049
569,1050
569,1200
569,1246
569,787
570,1418
570,1419
570,940
570,917
571,724
571,1223
571,594
572,747
572,703
573,1310
573,1529
574,771
574,616
575,706
575,838
576,642
576,664
577,622
577,859
578,776
578,906
578,798
579,1058
580,777
580,800
580,926
581,1323
581,623
582,1166
582,691
583,1407
583,1364
584,1493
584,738
584,1385
585,629
585,1581
586,694
586,631
588,695
588,718
588,848
588,1002
589,940
589,830
590,784
590,1112
590,677
591,1245
591,1265
591,915
592,746
592,1092
592,1133
593,746
593,635
593,1246
593,704
594,749
595,683
595,1462
595,1508
596,1506
597,684
597,618
598,707
599,818
599,621
599,773
599,929
600,777
600,927
600,710
601,885
601,732
601,1124
601,621
602,774
602,797
602,1365
602,798
603,1211
603,1275
603,1235
603,647
604,1343
604,689
604,1496
605,1493
605,802
605,1474
606,1539
607,824
609,937
609,675
609,631
610,806
611,1005
611,1136
611,763
612,984
612,764
612,871
613,1091
613,743
613,1311
613,1115
614,1028
614,831
614,723
614,1200
615,1134
615,1288
616,639
616,1351
617,1419
618,793
618,726
618,682
619,1548
619,858
621,684
622,903
622,885
622,1017
623,733
623,906
623,949
624,1191
624,1214
624,1083
624,1170
625,732
625,865
625,1231
625,1365
626,973
626,1278
626,1454
626,1257
627,1210
627,1385
628,1541
628,1298
628,1408
629,695
629,1540
630,631
632,739
632,826
632,980
633,1026
633,1003
633,1090
634,961
634,676
634,1112
634,1180
635,1202
635,1071
635,1137
636,1266
636,1159
636,1027
636,1375
637,942
637,1181
637,1333
637,1072
638,1550
638,856
638,1569
639,1419
640,858
641,753
642,991
642,796
642,687
643,731
643,840
643,667
644,1015
644,709
645,712
645,884
645,774
646,1279
646,1061
647,1235
647,1496
647,1429
648,1279
648,1540
649,1363
649,1300
649,670
649,1410
650,671
650,1453
651,760
651,675
652,893
652,915
653,850
654,1003
654,827
655,1180
655,1070
655,766
656,916
656,810
656,745
656,1310
657,788
657,1201
657,1113
658,853
658,789
658,1005
659,1308
659,1441
659,1482
660,1265
660,1375
660,1440
660,1288
661,1570
662,750
663,728
663,861
663,748
665,885
665,1079
666,819
666,973
666,731
666,799
667,1234
668,1059
668,1387
669,1388
669,1343
669,754
669,1189
670,1038
670,756
670,715
671,802
671,758
672,1407
672,1342
673,693
673,1560
674,696
674,1538
675,958
676,1004
676,918
677,787
677,719
677,854
678,1203
678,1007
678,937
678,1179
679,1244
679,787
679,919
679,1243
680,768
680,1507
680,1309
681,1007
681,1160
681,1396
681,1508
682,1526
682,705
684,704
686,728
687,799
687,1035
688,863
688,860
688,796
689,950
689,1105
689,843
690,1146
690,779
690,974
690,1451
691,1081
691,1019
691,692
692,1407
692,734
692,1366
693,737
693,1517
693,1561
694,1474
695,1561
698,1113
698,743
698,1071
699,941
699,1222
699,1005
700,920
700,1202
700,917
700,1290
701,874
701,789
701,812
702,1203
702,1334
702,943
703,944
703,813
703,1527
705,1376
705,1375
707,729
708,885
709,883
711,1255
711,951
711,886
711,1193
712,1342
712,1322
713,1104
713,1016
713,1255
713,1476
714,952
714,1280
714,1583
715,1299
715,1298
715,1367
716,867
717,738
717,1517
717,781
718,828
718,871
719,1026
719,869
721,1047
721,1068
721,1245
721,854
722,872
722,764
722,873
722,1047
723,1070
723,983
723,1310
724,853
724,1049
724,789
725,1420
725,1224
726,1333
726,769
726,748
727,795
727,1530
732,821
732,820
733,1168
733,1083
733,928
734,1410
734,972
734,844
735,778
735,821
735,930
735,1193
736,955
736,1388
736,780
736,1431
737,826
737,1451
737,803
738,957
739,1560
741,1046
741,809
741,807
741,853
742,1025
742,1050
743,765
743,1050
744,1289
744,829
744,1376
744,830
745,790
745,1440
745,1507
746,1204
746,1030
748,1528
750,967
751,753
751,840
751,992
752,994
753,755
753,991
754,1124
754,798
755,1146
755,1367
755,1235
756,931
756,887
757,1386
757,974
757,1213
757,867
758,1433
758,1497
758,974
759,977
759,1430
759,822
760,806
761,827
761,1496
761,849
762,891
762,808
763,1045
764,894
764,1048
765,1289
765,985
766,1332
766,1135
766,896
767,1334
767,984
768,877
768,831
768,1224
769,1549
769,1463
769,964
770,1552
771,946
772,817
773,1036
775,817
775,864
775,908
775,818
776,1168
776,1062
777,1259
777,1191
778,1146
778,823
778,1451
779,932
779,1583
779,1540
780,1452
780,1494
780,1499
781,824
781,1520
782,914
782,1561
784,982
785,962
785,916
786,874
786,1069
787,963
788,1094
788,1265
789,942
790,1553
790,1138
790,1442
791,1008
791,1465
792,1573
792,813
792,1463
793,1528
793,967
794,1033
794,1012
794,926
795,861
796,907
797,1039
797,1234
797,1015
798,930
799,951
800,1322
800,1040
800,1386
801,1126
801,847
801,1456
801,1518
802,847
802,1364
803,891
803,1409
804,1517
804,846
804,870
805,828
805,936
807,1026
807,960
807,870
808,1202
809,828
809,1137
809,898
810,920
810,1310
811,831
811,1093
811,985
811,1051
812,1441
812,919
812,1051
813,1161
813,1572
814,1012
814,836
815,1529
817,840
818,1082
818,1102
819,1211
819,1148
820,1061
820,950
820,949
821,1017
821,993
822,1497
822,1498
822,1563
823,1237
823,996
823,890
824,1520
824,1519
825,1001
827,935
828,961
829,918
829,895
829,1002
830,1028
831,1222
832,900
832,1095
832,1050
832,898
833,944
833,1509
833,1092
834,1009
834,1353
834,966
834,901
835,1335
835,1464
835,1032
836,1031
836,1053
837,902
839,862
839,858
841,952
841,1079
841,993
842,1302
842,861
842,862
843,1018
843,1149
843,1301
844,1063
844,1168
844,889
845,1387
845,1368
845,1302
846,1040
846,978
847,1411
847,1000
848,999
849,1068
849,1067
850,894
851,1178
851,914
852,1180
852,1134
852,1092
853,1268
854,1378
854,1006
855,1245
855,1162
855,1398
855,899
856,920
856,1507
856,1511
857,1096
857,966
857,1030
857,1486
859,927
860,882
860,905
862,930
863,906
863,1149
864,1258
864,1084
865,1213
865,1060
865,1389
866,1495
866,1212
866,1128
866,1500
867,935
868,1564
868,1066
868,1518
868,1433
869,1542
872,1068
872,873
873,875
874,916
875,1157
875,1008
875,1248
876,1530
876,1028
876,1529
876,1095
877,1028
877,900
878,1398
878,963
878,1074
878,987
879,1420
879,880
880,1488
882,1012
882,1077
884,993
884,1080
884,886
886,1367
886,1190
887,1150
887,1126
887,1107
888,1108
888,1386
888,1518
888,1521
889,1324
889,1281
889,1280
890,1563
890,1498
891,1477
891,914
892,979
894,1092
895,1223
896,1311
896,983
896,1136
897,1161
897,916
897,1069
897,1029
898,986
898,899
899,1009
899,1465
900,1270
900,1139
901,1074
901,1400
901,924
904,972
904,1016
905,1082
906,927
907,909
907,973
907,1366
908,1390
908,1124
908,1278
909,1127
909,1195
909,977
910,1258
910,1215
910,1238
911,1087
911,976
912,1540
912,1021
912,1151
913,1042
917,1004
917,1289
918,986
919,1027
919,1466
920,1576
921,1007
921,1225
922,1358
922,1486
922,1033
923,1488
923,1121
925,1034
925,1099
926,1056
928,973
928,1078
929,1106
930,1169
931,1149
931,1214
931,1478
932,1457
932,1038
933,1170
933,1043
933,1107
934,998
934,1108
934,1260
935,1110
937,1022
938,1201
940,1246
941,1074
941,1071
941,1094
942,1031
942,1377
943,987
943,1312
943,986
944,1268
944,1337
945,1270
945,1444
945,1162
946,1165
946,1164
947,1123
947,1187
948,1143
948,994
949,1079
950,1060
950,1101
951,953
951,1343
952,1300
952,1126
953,1125
953,1347
953,1543
954,1583
954,1455
954,1061
954,1434
955,1087
956,1109
959,1091
960,1025
960,1090
960,1002
961,1204
962,1203
962,1313
962,1357
963,1075
963,1510
964,1117
964,1182
964,1246
965,1551
965,1335
965,1094
966,1424
967,1554
968,1573
968,1014
968,1531
969,1120
970,1013
971,1191
972,1081
974,1279
975,1370
975,1084
975,1063
976,1063
977,1044
977,1475
978,1454
978,1194
978,1434
980,1131
982,1025
983,1156
984,1203
985,1181
985,1159
986,1315
987,1269
987,1183
988,1532
988,1356
988,1552
989,1096
989,1207
989,1294
990,1141
990,1032
990,1055
991,1166
992,1143
992,1059
994,1345
995,1037
995,1303
995,1277
996,1323
996,1281
996,1192
997,1345
997,1039
997,1148
997,1194
998,1499
998,1195
998,1062
999,1281
1000,1001
1000,1543
1004,1112
1005,1073
1006,1314
1006,1335
1006,1380
1007,1442
1008,1334
1008,1489
1009,1355
1009,1444
1010,1052
1010,1270
1010,1468
1011,1206
1011,1187
1012,1273
1013,1231
1014,1102
1014,1253
1015,1256
1016,1189
1016,1167
1017,1346
1018,1085
1018,1521
1018,1041
1019,1475
1019,1085
1019,1281
1020,1369
1020,1279
1020,1128
1021,1324
1021,1065
1022,1109
1023,1240
1023,1131
1024,1176
1024,1067
1026,1200
1027,1156
1029,1095
1029,1467
1029,1293
1030,1268
1030,1378
1031,1268
1031,1556
1032,1336
1033,1187
1033,1532
1034,1141
1034,1253
1035,1147
1035,1122
1035,1103
1036,1038
1037,1299
1037,1232
1038,1148
1039,1104
1039,1236
1040,1150
1040,1501
1041,1148
1041,1344
1041,1562
1042,1129
1042,1043
1043,1174
1044,1064
1048,1115
1048,1114
1051,1097
1051,1311
1052,1271
1052,1377
1052,1446
1053,1467
1053,1359
1053,1357
1054,1183
1055,1140
1055,1187
1055,1206
1056,1164
1057,1058
1058,1276
1060,1167
1060,1299
1061,1104
1062,1520
1062,1542
1063,1414
1064,1282
1064,1280
1064,1128
1065,1239
1066,1327
1067,1198
1068,1069
1069,1114
1070,1115
1071,1267
1072,1313
1072,1314
1072,1226
1073,1182
1073,1249
1073,1575
1074,1137
1075,1119
1075,1184
1075,1295
1076,1165
1076,1423
1076,1249
1076,1489
1077,1382
1077,1122
1078,1101
1081,1212
1082,1126
1082,1169
1083,1388
1083,1150
1084,1085
1084,1521
1085,1435
1086,1458
1086,1345
1086,1154
1088,1262
1089,1176
1090,1202
1091,1155
1093,1161
1093,1114
1093,1201
1094,1271
1096,1465
1096,1576
1097,1578
1098,1122
1101,1208
1102,1210
1103,1213
1103,1188
1103,1233
1104,1258
1105,1431
1105,1237
1105,1410
1106,1479
1106,1237
1106,1216
1107,1236
1107,1368
1108,1219
1108,1303
1109,1412
1110,1261
1110,1199
1111,1308
1114,1243
1115,1376
1116,1158
1116,1355
1116,1467
1116,1420
1117,1184
1117,1511
1117,1136
1118,1378
1118,1425
1119,1423
1119,1357
1119,1228
1120,1512
1120,1404
1121,1230
1121,1381
1123,1143
1124,1145
1125,1213
1125,1343
1127,1150
1127,1257
1127,1212
1129,1240
1129,1392
1130,1522
1130,1543
1130,1544
1132,1218
1133,1175
1133,1199
1134,1244
1135,1267
1136,1420
1137,1157
1138,1354
1138,1358
1139,1399
1140,1423
1140,1292
1140,1271
1141,1400
1142,1533
1142,1448
1144,1362
1145,1146
1145,1167
1147,1342
1149,1326
1151,1412
1151,1280
1152,1370
1153,1197
1153,1477
1153,1284
1155,1329
1156,1220
1157,1397
1157,1179
1158,1287
1159,1398
1159,1291
1160,1292
1160,1333
1160,1290
1161,1400
1162,1379
1163,1577
1164,1231
1164,1338
1165,1405
1166,1299
1168,1257
1169,1367
1169,1409
1170,1432
1170,1215
1171,1300
1171,1217
1171,1173
1171,1519
1172,1541
1172,1261
1172,1196
1173,1523
1173,1393
1173,1370
1174,1522
1175,1219
1175,1261
1177,1244
1177,1266
1178,1267
1179,1331
1179,1376
1180,1225
1181,1486
1181,1358
1182,1250
1182,1399
1185,1446
1185,1513
1186,1275
1188,1233
1190,1297
1191,1388
1192,1386
1192,1409
1192,1255
1193,1476
1194,1564
1194,1302
1196,1347
1196,1437
1198,1503
1198,1479
1199,1285
1199,1393
1200,1351
1201,1288
1204,1248
1205,1511
1205,1444
1205,1424
1206,1228
1207,1556
1207,1380
1209,1382
1209,1447
1209,1363
1211,1276
1211,1233
1212,1322
1214,1519
1214,1391
1215,1413
1215,1391
1216,1499
1216,1304
1217,1458
1217,1433
1219,1481
1220,1417
1221,1289
1222,1440
1222,1224
1223,1378
1223,1396
1224,1225
1225,1377
1226,1445
1226,1380
1226,1511
1227,1574
1227,1292
1227,1577
1227,1315
1229,1293
1232,1361
1233,1473
1234,1320
1234,1474
1235,1409
1236,1259
1236,1346
1237,1390
1238,1283
1239,1437
1239,1260
1240,1436
1242,1328
1242,1349
1242,1504
1243,1330
1245,1397
1247,1332
1247,1574
1247,1269
1247,1267
1248,1294
1248,1490
1249,1421
1249,1269
1250,1335
1250,1361
1250,1381
1251,1401
1251,1447
1252,1555
1252,1512
1252,1404
1252,1402
1254,1406
1254,1450
1256,1364
1256,1320
1257,1475
1258,1323
1259,1389
1260,1502
1262,1283
1262,1371
1263,1330
1263,1525
1263,1523
1264,1350
1264,1505
1265,1483
1266,1331
1266,1464
1269,1291
1270,1312
1271,1404
1272,1379
1272,1534
1273,1318
1274,1427
1275,1448
1275,1298
1277,1431
1282,1455
1282,1325
1282,1566
1283,1542
1284,1457
1284,1544
1285,1544
1285,1461
1285,1308
1286,1483
1287,1439
1287,1373
1290,1422
1290,1377
1291,1485
1291,1441
1293,1445
1293,1490
1294,1380
1294,1579
1295,1405
1296,1555
1297,1339
1297,1451
1298,1387
1300,1320
1301,1387
1301,1562
1301,1410
1304,1372
1305,1371
1305,1325
1307,1438
1307,1545
1308,1503
1309,1373
1309,1330
1309,1311
1312,1575
1312,1422
1313,1422
1313,1381
1314,1533
1316,1383
1316,1577
1317,1360
1317,1362
1318,1491
1319,1452
1319,1408
1321,1341
1322,1365
1323,1564
1324,1453
1324,1344
1325,1389
1326,1501
1326,1370
1327,1371
1328,1395
1328,1524
1329,1461
1331,1548
1331,1528
1332,1508
1333,1552
1334,1574
1336,1552
1338,1448
1338,1340
1339,1471
1339,1468
1340,1405
1341,1385
1342,1450
1344,1497
1344,1452
1345,1519
1346,1348
1346,1390
1347,1546
1348,1545
1349,1373
1351,1484
1352,1549
1352,1462
1353,1398
1354,1487
1354,1484
1355,1356
1355,1400
1356,1465
1356,1509
1357,1530
1358,1555
1359,1423
1360,1535
1361,1450
1364,1537
1365,1516
1369,1567
1369,1433
1371,1394
1372,1374
1374,1438
1375,1460
1379,1425
1379,1422
1382,1579
1382,1576
1383,1471
1384,1426
1384,1492
1389,1457
1390,1523
1392,1435
1393,1478
1394,1569
1395,1396
1396,1551
1397,1549
1399,1421
1401,1487
1401,1469
1402,1533
1403,1514
1403,1558
1405,1425
1406,1449
1408,1537
1411,1500
1411,1522
1412,1500
1413,1476
1413,1545
1415,1546
1417,1506
1421,1508
1421,1443
1424,1443
1427,1446
1429,1430
1431,1432
1432,1498
1434,1563
1435,1543
1437,1481
1439,1463
1439,1528
1442,1462
1443,1576
1443,1445
1444,1487
1447,1471
1452,1560
1454,1565
1455,1497
1457,1566
1459,1546
1460,1566
1461,1571
1463,1509
1464,1553
1466,1554
1466,1489
1468,1577
1468,1513
1469,1554
1472,1580
1475,1498
1476,1542
1477,1479
1485,1486
1485,1507
1488,1555
1492,1559
1499,1500
1501,1568
1502,1523
1504,1527
1512,1531
1514,1578
1514,1515
1520,1564
1527,1550
1527,1573
1529,1531
1530,1575
1531,1553
1532,1533
1572,1573
