0,890
0,805
0,44
0,1042
1,2
1,88
1,1019
1,1452
2,1215
2,1084
2,1260
3,23
3,1563
3,1303
3,1476
4,1153
4,1263
4,1195
4,67
5,92
5,1482
5,245
5,1521
6,268
6,1566
6,1544
7,49
7,248
7,507
7,139
8,159
8,1439
8,54
8,27
9,140
9,615
9,529
9,72
10,1484
10,1398
10,423
10,228
11,794
11,684
11,1550
11,900
12,835
12,790
12,924
12,1077
13,1467
13,1446
13,945
13,1312
14,1490
14,233
14,1554
14,1118
15,35
15,210
15,1358
15,320
16,190
16,1270
16,386
16,1533
17,1446
17,60
17,18
17,1471
18,1384
18,323
18,1406
19,608
19,497
19,738
19,282
20,172
20,347
20,1559
20,388
21,174
21,153
21,237
21,824
22,1542
22,803
22,802
22,1043
23,1388
23,1389
23,760
24,1411
24,1109
24,1215
24,1303
25,1022
25,1108
25,1324
25,220
26,1456
26,1240
26,265
26,1329
27,267
27,1391
27,420
28,246
28,509
28,378
28,50
29,355
29,421
29,596
29,443
30,639
30,533
30,160
30,315
31,1463
31,729
31,182
31,334
32,663
32,99
32,747
32,52
33,792
33,55
33,944
33,34
34,1555
34,989
34,80
35,1292
35,146
35,1138
36,1444
36,1488
36,1337
36,1578
37,145
37,1357
37,1295
37,257
38,1557
38,254
38,124
38,104
39,452
39,1469
39,128
39,500
40,1449
40,1448
40,324
40,630
41,1559
41,653
41,475
41,804
42,1582
42,391
42,347
42,521
43,195
43,1498
43,240
43,88
44,129
44,936
44,1433
45,867
45,1195
45,1022
45,980
46,178
46,1434
46,1045
46,1194
47,1326
47,1545
47,1154
47,932
48,1347
48,333
48,1501
48,1129
49,1284
49,70
49,50
50,575
50,1370
51,1395
51,420
51,1418
51,334
52,289
52,71
52,333
53,750
53,771
53,312
53,705
54,1549
54,186
54,594
55,100
55,1572
55,140
56,1098
56,1508
56,1445
56,1510
57,1378
57,1292
57,1444
57,1272
58,101
58,1509
58,943
58,1532
59,1228
59,1491
59,1424
59,1249
60,388
60,1227
60,1362
61,1425
61,388
61,410
61,1337
62,1382
62,81
62,1405
62,695
63,259
63,413
63,323
63,629
64,1562
64,892
64,217
64,475
65,130
65,802
65,826
65,327
66,261
66,86
66,1431
66,1042
67,1218
67,999
67,781
68,114
68,222
68,1197
68,1151
69,1458
69,202
69,268
69,1132
70,200
70,309
70,1283
71,290
71,94
71,201
72,1547
72,1548
72,1503
73,661
73,74
73,596
73,464
74,94
74,859
74,641
75,400
75,272
75,161
75,837
76,945
76,990
76,1443
76,661
77,726
77,78
77,142
77,1379
78,1142
78,1163
78,835
79,1400
79,122
79,1095
79,1295
80,1535
80,1227
80,166
81,1360
81,1405
81,149
82,386
82,410
82,171
82,83
83,1339
83,628
83,477
84,1471
84,453
84,343
84,1407
85,283
85,194
85,348
85,388
86,587
86,1496
86,455
87,737
87,977
87,849
87,216
88,1475
88,910
89,1325
89,1173
89,958
89,134
90,1063
90,1128
90,935
90,1217
91,114
91,1565
91,998
91,199
92,1437
92,1415
92,1219
93,203
93,464
93,225
93,310
94,200
94,246
95,488
95,1547
95,335
95,249
96,1570
96,442
96,708
96,683
97,793
97,401
97,313
97,140
98,664
98,1552
98,682
98,1464
99,293
99,1009
99,295
100,1422
100,1400
100,859
101,1207
101,1360
101,967
102,1251
102,1143
102,1469
102,365
103,1318
103,167
103,253
103,1338
104,279
104,322
104,1471
105,1577
105,565
105,1404
105,434
106,169
106,518
106,216
106,761
107,475
107,283
107,1581
107,193
108,173
108,478
108,432
108,542
109,175
109,759
109,758
109,1560
110,153
110,329
110,111
110,131
111,1174
111,1520
111,1086
112,263
112,1086
112,1021
112,156
113,179
113,1346
113,1499
113,1107
114,399
114,160
115,1546
115,1284
115,310
115,331
116,315
116,161
116,180
116,486
117,289
117,336
117,574
117,727
118,229
118,444
118,619
118,271
119,120
119,248
119,838
119,860
120,209
120,969
120,184
121,1206
121,1551
121,1250
121,1552
122,1205
122,1554
122,1008
123,147
123,1383
123,1098
123,1056
124,1534
124,1270
124,210
125,1209
125,1380
125,1228
125,278
126,1229
126,1512
126,300
126,1579
127,1469
127,1494
127,673
127,631
128,541
128,325
128,540
129,780
129,1561
129,718
130,260
130,609
130,911
131,761
131,696
131,1065
132,328
132,177
132,958
132,936
133,1108
133,241
133,219
133,936
134,156
134,1262
134,1085
135,201
135,1172
135,311
135,1155
136,1565
136,1417
136,182
136,1372
137,1395
137,420
137,1547
137,269
138,357
138,204
138,312
138,356
139,1549
139,225
139,226
140,509
141,271
141,487
141,706
141,1571
142,489
142,187
142,425
143,749
143,188
143,252
143,1164
144,145
144,1573
144,211
144,189
145,1099
145,252
146,344
146,233
146,1097
147,167
147,212
147,409
148,1447
148,1426
148,455
148,257
149,652
149,387
149,540
150,587
150,1428
150,391
150,566
151,238
151,347
151,501
151,1582
152,346
152,368
152,543
152,893
153,846
153,1497
154,1130
154,219
154,847
154,1152
155,1132
155,1131
155,1393
155,1220
156,352
156,1414
157,399
157,1241
157,289
157,1216
158,1241
158,1565
158,401
158,181
159,1436
159,292
159,444
160,1483
160,442
161,534
161,268
162,421
162,204
162,445
162,382
163,773
163,205
163,729
163,251
164,970
164,209
164,817
164,903
165,878
165,772
165,1184
165,1075
166,1140
166,234
166,299
167,188
167,256
168,1360
168,1449
168,1316
168,1119
169,1385
169,235
169,453
170,191
170,587
170,1317
170,301
171,783
171,542
171,215
172,870
172,174
172,628
173,415
173,1518
173,762
174,239
174,955
175,740
175,784
175,1541
176,784
176,222
176,869
176,1088
177,1500
177,223
177,957
178,439
178,1021
178,1217
179,1131
179,268
179,1413
180,1461
180,226
180,398
181,357
181,311
181,551
182,1570
182,1546
183,229
183,507
183,248
183,465
184,250
184,421
184,228
185,858
185,335
185,640
185,317
186,621
186,359
186,424
187,1553
187,296
187,252
188,924
188,1034
189,1253
189,1318
189,1183
190,1405
190,1402
190,1099
191,1470
191,1230
191,1294
192,1359
192,1316
192,1274
192,1516
193,1537
193,260
193,1516
194,697
194,412
194,1515
195,563
195,825
195,675
196,784
196,390
196,1024
196,741
197,868
197,869
197,479
197,847
198,1305
198,417
198,394
198,1218
199,373
199,1478
199,219
200,307
200,1282
201,265
201,1087
202,1395
202,466
202,1504
203,1502
203,1328
203,1418
204,773
204,551
205,357
205,839
205,642
206,424
206,836
206,728
206,818
207,249
207,620
207,336
207,1014
208,1185
208,1076
208,425
208,295
209,815
209,229
210,1556
210,925
211,1207
211,1362
211,1404
212,276
212,214
212,454
213,1535
213,1271
213,1296
213,496
214,1582
214,521
214,454
215,697
215,652
215,279
216,827
216,760
217,675
217,872
217,238
218,373
218,1562
218,544
218,478
219,806
220,825
220,416
220,438
221,1457
221,1260
221,1129
221,914
222,1021
222,1240
223,1327
223,1198
223,1239
224,1393
224,1373
224,356
224,1242
225,1438
225,1547
226,289
226,486
227,575
227,490
227,709
227,334
228,902
228,771
229,1012
230,232
230,318
230,577
230,817
231,1014
231,1253
231,449
231,1119
232,1381
232,365
232,1013
233,1492
233,407
234,1141
234,1472
234,342
235,368
235,1489
235,1361
236,369
236,1492
236,1428
236,629
237,454
237,610
237,608
238,435
238,738
239,892
239,717
239,563
240,369
240,760
240,413
241,916
241,674
241,632
242,1066
242,1001
242,1264
242,262
243,1304
243,1219
243,1326
243,1239
244,1567
244,1306
244,1153
244,1110
245,1435
245,1349
245,376
246,1351
246,266
247,618
247,1480
247,1548
247,596
248,729
249,1527
249,664
250,512
250,274
250,707
251,533
251,1056
251,577
252,838
253,449
253,1340
253,317
254,968
254,298
254,1187
255,1054
255,1276
255,278
255,1578
256,1492
256,1579
256,1337
257,280
257,259
258,1557
258,453
258,300
258,1517
259,499
259,413
260,915
260,672
261,566
261,501
261,891
262,934
262,652
262,1068
263,1066
263,394
263,264
264,1152
264,284
264,1197
265,1392
265,1132
266,354
266,1522
266,1326
267,1437
267,1394
267,1481
269,1393
269,354
269,1415
270,639
270,816
270,510
270,1568
271,316
271,465
272,990
272,619
272,926
273,730
273,925
273,989
273,923
274,513
274,295
274,450
275,971
275,1274
275,319
275,1297
276,1383
276,1577
276,1339
277,1120
277,1186
277,1447
277,1384
278,1383
278,1273
279,1295
279,1558
280,282
280,1447
280,301
281,324
281,588
281,783
281,650
282,284
282,521
283,546
283,916
284,826
284,891
285,828
285,697
285,306
285,957
286,1175
286,1373
286,1349
286,913
287,1392
287,1175
287,1220
287,1044
288,1219
288,1198
288,1481
288,507
290,617
290,336
290,1459
291,1394
291,293
291,662
291,1482
292,466
292,686
292,512
293,578
293,361
294,296
294,881
294,598
294,467
295,450
296,884
296,320
297,1033
297,1338
297,1230
297,1274
298,340
298,1098
298,1229
299,1533
299,519
299,495
300,364
300,346
301,1559
301,1296
302,739
302,718
302,650
302,344
303,479
303,543
303,345
303,782
304,698
304,326
304,630
304,695
305,894
305,959
305,477
305,1003
306,393
306,547
306,458
307,1285
307,308
307,351
308,525
308,1067
308,1264
309,526
309,332
309,1305
310,395
310,1370
311,1307
311,422
312,465
312,1523
313,1567
313,661
313,554
314,1527
314,444
314,618
314,360
315,576
315,882
316,904
316,751
316,860
317,816
317,752
318,403
318,339
318,341
319,1013
319,1210
319,429
320,1231
320,496
321,432
321,494
321,1188
321,538
322,343
322,1359
322,1186
323,386
323,412
324,390
324,367
325,520
325,694
325,785
326,393
326,328
326,783
327,522
327,524
327,765
328,393
328,370
329,1043
329,373
329,785
330,1133
330,1241
330,1372
330,485
331,1131
331,1112
331,1417
332,352
332,1349
332,508
333,1506
333,462
334,1416
335,379
335,336
337,402
337,578
337,902
337,466
338,771
338,622
338,446
338,818
339,665
339,666
339,341
340,1254
340,946
340,426
341,430
341,1164
342,428
342,344
342,1188
343,1515
343,367
344,1319
345,456
345,1449
345,652
346,1494
346,432
347,456
348,350
348,392
348,806
349,740
349,959
349,479
349,1067
350,850
350,1220
350,1000
351,937
351,1024
351,1067
352,354
352,1112
353,439
353,1418
353,1396
353,571
354,1308
355,1526
355,1415
355,594
356,618
356,465
357,486
358,555
358,794
358,530
358,708
359,882
359,619
359,511
360,532
360,837
360,512
361,861
361,446
361,471
362,906
362,753
362,1143
362,384
363,1058
363,408
363,515
363,1011
364,1448
364,1077
364,408
365,498
365,1580
366,586
366,1537
366,1319
366,1472
367,1448
367,695
368,674
368,564
369,433
369,520
370,740
370,611
370,608
371,525
371,738
371,634
371,961
372,1089
372,435
372,1134
372,609
373,1026
374,1240
374,572
374,1069
374,571
375,1154
375,1375
375,1178
375,1525
376,552
376,464
376,1440
377,532
377,397
377,1286
377,1440
378,510
378,1570
378,1480
379,556
379,707
379,1504
380,727
380,971
380,575
380,775
381,533
381,424
381,383
381,598
382,535
382,1057
382,774
383,818
383,494
383,403
384,494
384,1165
384,1015
385,427
385,1252
385,1427
385,1233
386,1233
387,1429
387,429
387,1535
389,606
389,653
389,1579
389,762
390,477
390,804
391,826
391,785
392,896
392,500
392,394
393,894
394,1048
395,1156
395,1153
395,1003
396,1133
396,981
396,982
396,526
397,1438
397,1222
397,1480
398,1352
398,506
398,439
399,528
399,574
400,1525
400,1483
400,443
401,816
401,750
402,706
402,445
402,708
403,664
403,643
404,536
404,514
404,1016
404,555
405,991
405,557
405,1012
405,1101
406,1059
406,473
406,840
406,1099
407,1103
407,1056
407,1015
408,562
408,1253
409,1516
409,626
409,494
410,1535
410,476
411,431
411,1406
411,453
411,673
412,414
412,541
413,434
414,458
414,742
414,564
415,565
415,675
415,1092
416,480
416,827
416,1027
417,677
417,981
417,1046
418,1091
418,1306
418,463
418,1134
419,1417
419,441
419,1459
419,1200
420,463
421,510
422,552
422,1526
422,508
423,837
423,882
423,793
424,731
425,969
425,707
426,622
426,928
426,1058
427,687
427,840
427,1012
428,1122
428,624
428,1142
429,1188
429,581
430,1339
430,605
430,1342
431,433
431,1450
431,1428
432,474
433,1557
433,585
434,763
434,676
435,436
435,851
436,870
436,782
436,895
437,917
437,1134
437,871
437,457
438,1024
438,1265
438,785
439,1157
440,1244
440,482
440,1157
440,1266
441,1460
441,487
441,1266
442,1286
442,462
443,1569
443,1503
444,573
445,643
445,1505
446,662
446,554
447,620
447,1034
447,709
447,554
448,450
448,752
448,1144
448,1034
449,603
449,950
450,514
451,1211
451,1059
451,1013
451,625
452,1275
452,1514
452,671
454,1406
455,1580
455,609
456,478
456,585
457,848
457,502
457,697
458,870
458,544
459,896
459,678
459,807
459,526
460,914
460,592
460,765
460,764
461,1374
461,851
461,1155
461,939
462,485
462,1176
463,1439
463,1329
464,1419
466,795
467,797
467,1569
467,730
468,511
468,641
468,492
468,839
469,555
469,1038
469,883
469,925
470,599
470,472
470,1211
470,842
471,1035
471,948
471,516
472,1363
472,1080
472,1186
473,1342
473,1078
473,1273
474,1254
474,1321
474,1362
475,1320
476,499
476,500
476,1580
477,654
478,872
479,589
480,546
480,1092
481,523
481,569
481,592
481,764
482,1004
482,1025
482,915
483,766
483,593
483,1154
483,1373
484,1375
484,703
484,1114
484,1176
485,1289
485,1353
486,1351
487,1419
487,1439
488,621
488,705
488,1438
489,686
489,815
489,1549
490,600
490,512
490,753
491,663
491,686
491,970
491,1014
492,493
492,1125
492,733
493,756
493,906
493,993
495,625
495,1385
495,1495
496,1361
496,585
497,519
497,1320
497,1450
498,716
498,1495
498,1515
499,588
499,520
500,519
501,610
501,673
502,718
502,547
502,721
503,743
503,958
503,762
503,849
504,1154
504,830
504,1048
504,896
505,917
505,615
505,874
505,1155
506,572
506,571
506,1242
507,1354
508,1330
508,553
509,641
509,751
510,728
511,841
511,622
513,642
513,535
513,558
514,773
514,1104
515,777
515,1148
515,646
516,1386
516,558
516,670
517,559
517,628
517,583
517,1296
518,1232
518,672
518,1317
519,1536
520,719
521,588
522,871
522,873
522,851
523,677
523,674
523,741
524,1069
524,677
524,961
525,961
525,679
526,1246
527,766
527,1441
527,1155
527,1201
528,1464
528,616
528,1485
529,1310
529,1221
529,1463
530,1353
530,1506
530,1440
531,683
531,597
531,1572
531,1460
532,1482
532,663
533,926
534,772
534,641
534,580
535,730
535,711
536,840
536,710
536,555
537,558
537,1034
537,559
537,1364
538,689
538,1274
538,1232
539,1384
539,1453
539,603
539,1319
540,1517
540,759
541,629
541,607
542,1514
542,1408
543,737
543,610
544,673
544,632
545,739
545,1005
545,634
545,852
546,961
546,1093
547,613
547,658
548,916
548,1045
548,1311
548,635
549,1398
549,810
549,1418
549,1049
550,1375
550,1571
550,1223
550,1397
551,769
551,617
552,748
552,772
553,1568
553,574
553,1462
554,642
556,991
556,731
556,883
557,1167
557,907
557,974
558,861
559,1125
559,581
560,604
560,580
560,1340
560,1539
561,1431
561,1496
561,1580
561,779
562,1450
562,606
562,1493
563,649
563,631
564,675
564,782
565,808
565,741
566,568
566,721
567,938
567,984
567,1068
567,722
568,985
568,722
568,1027
569,743
569,612
569,854
570,1221
570,1048
570,940
570,1286
571,1507
572,1352
572,1355
573,1354
573,660
573,1506
574,749
575,619
576,664
576,684
576,883
577,622
577,686
578,992
578,904
579,886
579,862
579,1123
579,752
580,774
580,1166
581,1081
581,993
582,647
582,1016
582,1276
582,1366
583,1342
583,1167
583,1583
584,1427
584,1319
584,1297
584,1277
585,651
586,607
587,825
588,608
589,1003
589,982
589,827
590,828
590,874
590,1072
590,1028
591,1181
591,1050
591,1311
591,1135
592,1133
592,1181
593,787
593,657
593,743
594,1525
594,1549
595,1484
595,791
595,1460
595,1439
596,748
597,816
597,706
597,1570
598,685
598,881
599,819
599,663
599,907
600,1212
600,1125
600,775
601,687
601,886
601,971
601,885
602,1082
602,1105
602,800
602,886
603,973
603,1079
604,865
604,1429
604,1518
605,1343
605,715
605,1515
606,1536
606,1581
607,804
609,1581
610,808
611,1069
611,830
611,808
612,767
612,852
612,699
613,766
613,1202
613,1289
614,1200
614,1484
614,746
614,874
615,1309
615,1267
616,791
616,1397
616,1334
617,1373
617,746
618,836
620,685
620,796
621,972
621,731
623,970
623,754
623,861
623,949
624,1298
624,927
624,800
625,1124
625,644
626,1167
626,1538
626,1561
627,1384
627,712
627,778
627,1276
628,1298
629,630
630,803
631,676
631,959
632,1002
632,936
633,696
633,634
633,938
633,762
634,1027
635,1265
635,959
635,1113
636,1114
636,656
636,1334
636,789
637,1529
637,788
637,1224
637,704
638,1485
638,1548
638,662
638,706
639,1376
639,1506
640,705
640,704
640,1462
642,728
643,838
643,839
644,1039
644,668
644,820
645,1057
645,1256
645,1257
645,1168
646,1080
646,1192
646,1257
647,844
647,1299
647,1278
648,779
648,1147
648,1538
648,867
649,803
649,1407
649,1473
650,1561
650,1494
651,1583
651,781
651,759
653,937
653,848
654,981
654,871
654,983
655,1050
655,678
655,985
655,786
656,962
656,1201
656,1138
657,659
657,1355
657,1160
658,1115
658,834
658,1160
659,1267
659,856
659,942
660,876
660,855
660,1290
661,1441
662,1569
665,861
665,948
665,950
666,947
666,798
666,1039
667,1279
667,992
667,1278
667,908
668,820
668,905
668,1409
669,888
669,1452
669,713
669,1386
670,1367
670,865
670,908
671,1410
671,1560
671,1472
672,738
672,1366
674,807
676,960
676,870
677,985
678,829
678,850
679,1204
679,1159
679,1287
680,786
680,1116
680,939
680,875
681,875
681,1223
681,1505
681,1572
682,1331
682,704
682,1572
683,726
683,814
684,685
684,815
685,773
687,995
687,951
688,1234
688,972
688,1278
688,820
689,974
689,1387
689,905
690,841
690,1039
690,1321
690,1322
691,1148
691,692
691,887
691,1320
692,736
692,1560
692,1255
693,912
693,715
693,1451
693,1430
694,779
694,1408
694,1559
695,850
696,957
696,914
698,984
698,872
698,897
699,1093
699,1290
699,1135
700,744
700,916
700,1289
700,1050
701,1223
701,963
701,1248
701,1352
702,767
702,1006
702,1309
702,1550
703,1332
703,922
703,813
704,1461
705,878
707,860
708,927
709,927
709,774
710,817
710,1145
710,732
711,1061
711,1277
712,996
712,1016
712,1189
713,1365
713,996
713,780
714,1407
714,1542
714,733
714,1385
715,1279
715,1452
716,890
716,1410
716,1560
717,760
717,782
717,893
718,913
719,720
719,829
719,1025
720,851
720,849
720,740
721,850
721,744
722,1265
722,1377
723,808
723,1332
723,1222
723,1225
724,1421
724,1287
724,1529
724,856
725,768
725,963
725,1072
725,941
726,922
727,1529
727,1508
728,967
729,906
730,885
731,994
732,948
732,1015
732,1062
733,1190
733,1171
734,843
734,1040
734,1277
734,976
735,1082
735,1106
735,1432
736,977
736,845
736,1300
737,1539
737,1430
739,915
739,761
741,1005
742,830
742,1179
742,897
743,811
744,1332
744,1158
745,855
745,898
745,1443
745,1051
746,1288
746,1179
747,1030
747,1527
747,879
748,813
748,965
749,902
749,1505
750,817
750,814
751,797
751,905
752,903
753,798
753,949
754,948
754,1014
754,1211
755,1126
755,995
755,1342
755,1083
756,1212
756,950
756,1324
757,1127
757,1237
757,1128
757,976
758,912
758,1538
758,931
759,805
761,1496
763,828
763,980
763,913
764,809
764,849
765,894
765,1028
766,1224
767,1290
767,832
768,1116
768,1528
768,792
769,899
769,1181
769,1573
770,790
770,946
770,1420
770,1483
771,792
772,815
774,1102
775,796
775,1146
776,862
776,797
776,1280
776,1212
777,1190
777,843
777,1037
778,1259
778,1408
778,1020
779,1455
780,1455
780,1409
781,1000
781,1473
783,892
784,960
786,985
786,893
787,833
787,1201
787,1399
788,1050
788,1180
788,1047
789,1115
789,1551
789,1266
790,878
790,1419
791,1032
791,921
792,987
793,880
793,923
794,991
794,968
795,1035
795,839
795,880
796,883
796,928
797,1104
798,885
798,842
799,1127
799,1322
799,1255
799,1237
800,1019
800,995
801,1149
801,1082
801,1539
801,953
802,869
802,1064
803,979
804,889
805,807
805,848
806,938
806,1069
807,827
809,1311
809,1247
809,1113
810,1312
810,1136
810,1114
811,1247
811,1181
811,1222
812,1487
812,1072
812,922
812,918
813,876
813,1053
814,1551
814,859
818,862
819,1213
819,1149
819,887
820,1147
821,1519
821,1191
821,993
821,1433
822,1194
822,843
822,1085
822,1518
823,1257
823,1583
823,1520
823,1452
824,1387
824,1366
824,1389
825,1474
826,1044
828,940
829,1136
829,1002
830,1178
831,1203
831,1049
831,852
831,1247
832,939
832,1311
832,965
833,944
833,1159
833,1486
834,1420
834,1138
834,1289
835,1076
835,1466
836,1422
836,1575
837,947
838,924
840,1125
841,1059
841,1081
842,1213
842,1279
843,1235
844,1170
844,1106
844,955
845,1172
845,1127
845,1477
846,933
846,1521
846,1454
847,1388
847,979
848,977
852,1202
853,919
853,1094
853,1095
853,1073
854,986
854,1071
854,1291
855,1205
855,966
856,1552
856,1467
857,878
857,1054
857,1574
857,1508
858,1550
858,859
858,926
860,1056
862,1082
863,973
863,1079
863,907
863,952
864,1365
864,1390
864,994
864,1236
865,1103
865,1194
866,1216
866,1302
866,1191
866,1412
867,1500
867,1346
868,999
868,954
868,1433
869,1087
871,956
872,1005
873,983
873,919
873,1002
874,940
875,1138
875,897
876,1201
876,1486
877,1314
877,1049
877,1031
877,1554
879,1010
879,1463
879,1466
880,882
880,968
881,1077
881,969
884,885
884,1080
884,929
886,1063
887,1323
887,1018
888,1063
888,1150
888,1171
889,1499
889,1258
889,975
890,1541
890,1543
891,1000
891,998
892,1583
893,1088
894,895
895,1112
895,1046
896,915
897,1268
898,1009
898,1441
898,1509
899,1030
899,1182
899,1529
900,924
900,988
900,1464
901,1008
901,1095
901,920
901,1161
902,989
903,904
904,990
905,1190
906,1123
907,1233
908,1213
908,1018
909,1062
909,1368
909,1347
909,1391
910,1540
910,1365
910,1065
911,1021
911,931
911,1237
912,1044
912,1455
913,1045
914,1067
917,960
917,1028
918,1332
918,986
918,942
919,1004
919,1137
920,1203
920,1205
920,1162
921,1291
921,1031
921,1051
922,1052
923,1442
923,1507
925,1010
926,1144
927,1124
928,1124
928,929
929,1018
929,1147
930,1193
930,1172
930,1301
930,1107
931,1037
931,1478
932,1409
932,1039
932,1038
933,1130
933,1368
933,1540
934,1259
934,1041
934,976
935,1000
935,1519
935,1498
937,1026
937,980
938,958
939,1002
940,1007
941,1073
941,1074
941,1268
942,1397
942,1293
943,1163
943,1052
943,1160
944,1465
944,1467
945,1574
945,1009
946,1185
946,967
947,1036
947,1035
949,1057
949,993
950,1146
951,1193
951,1191
951,1236
952,1191
952,1059
952,1170
953,1431
953,1344
953,996
954,1434
954,1196
954,1347
955,1174
955,1412
956,1541
956,1024
956,1476
957,1109
960,1048
962,1377
962,1115
962,1203
963,1075
963,1029
964,965
964,1423
964,1268
964,1010
965,1249
966,1424
966,1294
966,1532
967,1573
968,1552
969,1208
970,1231
971,1078
972,1017
972,1234
973,1102
973,992
974,1346
974,1147
975,1411
975,1060
975,1020
976,1151
977,1455
978,1131
978,1239
978,1498
978,1540
979,1130
979,1068
980,1044
981,1023
982,1136
982,1070
983,1288
983,1005
984,1310
984,1047
986,1009
986,1422
987,1031
987,1334
987,1293
988,1399
988,1249
988,1421
989,1576
990,1145
991,1036
992,1102
994,1255
994,1169
995,1128
996,1499
997,1303
997,1043
997,1521
997,1479
998,1543
998,1304
999,1020
999,1477
1001,1023
1001,1068
1001,1132
1003,1176
1004,1090
1004,1246
1006,1071
1006,1051
1006,1070
1007,1377
1007,1269
1007,1137
1008,1314
1008,1490
1010,1530
1011,1206
1011,1575
1011,1121
1012,1142
1013,1035
1015,1278
1016,1038
1017,1106
1017,1084
1017,1299
1018,1301
1019,1348
1019,1367
1020,1497
1022,1089
1022,1284
1023,1220
1023,1262
1025,1090
1025,1156
1026,1136
1026,1137
1027,1244
1028,1226
1029,1402
1029,1074
1029,1358
1030,1204
1030,1313
1031,1575
1032,1313
1032,1381
1032,1468
1033,1077
1033,1294
1033,1272
1036,1038
1036,1144
1037,1213
1037,1211
1040,1522
1040,1435
1040,1389
1041,1545
1041,1412
1041,1520
1042,1062
1042,1326
1043,1521
1045,1199
1046,1090
1046,1177
1047,1243
1047,1267
1049,1117
1051,1116
1052,1120
1052,1140
1053,1445
1053,1335
1053,1556
1054,1467
1054,1382
1055,1209
1055,1231
1055,1098
1055,1143
1057,1099
1058,1210
1058,1189
1060,1170
1060,1301
1060,1123
1061,1127
1061,1171
1061,1081
1062,1563
1063,1369
1064,1086
1064,1370
1064,1170
1065,1109
1065,1129
1066,1175
1066,1112
1070,1156
1070,1265
1071,1335
1071,1244
1072,1421
1073,1158
1073,1139
1074,1469
1074,1442
1075,1118
1075,1164
1076,1534
1076,1141
1078,1275
1078,1232
1079,1166
1079,1122
1080,1322
1081,1210
1083,1256
1083,1323
1083,1368
1084,1173
1084,1454
1085,1500
1085,1563
1086,1304
1087,1566
1087,1263
1088,1261
1088,1134
1089,1090
1089,1135
1091,1176
1091,1222
1091,1203
1092,1268
1092,1354
1093,1202
1093,1139
1094,1245
1094,1269
1094,1183
1095,1204
1096,1293
1096,1530
1096,1465
1096,1447
1097,1182
1097,1360
1097,1271
1100,1207
1100,1316
1100,1101
1100,1166
1101,1341
1101,1145
1102,1341
1103,1192
1103,1234
1104,1235
1104,1126
1105,1214
1105,1238
1105,1150
1106,1456
1107,1370
1107,1280
1108,1174
1108,1261
1109,1522
1110,1328
1110,1217
1110,1523
1111,1153
1111,1113
1111,1262
1111,1198
1113,1353
1114,1288
1115,1117
1116,1158
1117,1315
1117,1356
1118,1228
1118,1421
1119,1513
1119,1339
1120,1403
1120,1315
1121,1381
1121,1382
1121,1512
1122,1209
1122,1297
1123,1318
1124,1256
1126,1456
1126,1475
1128,1434
1129,1475
1130,1391
1133,1287
1135,1287
1137,1161
1139,1250
1139,1357
1140,1556
1140,1272
1141,1576
1141,1533
1142,1273
1143,1340
1144,1146
1145,1167
1146,1232
1148,1192
1148,1411
1149,1413
1149,1168
1150,1215
1150,1300
1151,1432
1151,1305
1152,1197
1152,1324
1156,1308
1157,1286
1157,1179
1158,1290
1159,1180
1159,1379
1160,1532
1161,1336
1161,1378
1162,1359
1162,1509
1162,1207
1163,1401
1163,1315
1164,1358
1165,1209
1165,1208
1165,1252
1166,1362
1168,1169
1168,1301
1169,1302
1169,1388
1171,1454
1172,1501
1173,1457
1173,1567
1174,1281
1175,1436
1177,1245
1177,1243
1177,1199
1178,1307
1178,1396
1179,1266
1180,1357
1180,1245
1182,1556
1182,1442
1183,1486
1183,1184
1184,1313
1184,1512
1185,1317
1185,1555
1186,1403
1187,1189
1187,1448
1187,1210
1188,1361
1189,1230
1190,1408
1192,1258
1193,1256
1193,1281
1194,1282
1195,1259
1195,1348
1196,1546
1196,1390
1196,1285
1197,1394
1198,1243
1199,1438
1200,1376
1200,1375
1202,1377
1204,1575
1205,1531
1206,1534
1206,1557
1208,1446
1208,1579
1212,1254
1214,1303
1214,1345
1214,1236
1215,1435
1216,1348
1216,1369
1217,1501
1218,1564
1218,1416
1219,1349
1221,1307
1221,1285
1223,1335
1224,1423
1224,1419
1225,1380
1225,1271
1225,1354
1226,1490
1226,1444
1226,1272
1227,1487
1227,1443
1228,1340
1229,1337
1229,1491
1230,1468
1231,1251
1233,1298
1234,1323
1235,1430
1235,1299
1236,1431
1237,1283
1238,1501
1238,1345
1238,1499
1239,1457
1240,1305
1241,1263
1242,1461
1242,1481
1243,1397
1244,1331
1245,1378
1246,1420
1246,1466
1247,1314
1248,1530
1248,1488
1248,1269
1249,1425
1250,1424
1250,1401
1251,1295
1251,1403
1252,1405
1252,1511
1253,1277
1254,1516
1255,1474
1257,1389
1258,1259
1258,1413
1260,1543
1260,1262
1261,1545
1261,1282
1263,1330
1264,1415
1264,1308
1267,1310
1269,1314
1270,1292
1270,1312
1271,1577
1273,1493
1275,1320
1275,1386
1276,1361
1279,1344
1280,1454
1280,1391
1281,1475
1281,1300
1282,1544
1283,1348
1283,1457
1284,1285
1288,1330
1291,1356
1291,1402
1292,1577
1293,1403
1294,1511
1296,1555
1297,1321
1298,1366
1299,1495
1300,1387
1302,1322
1302,1410
1304,1436
1306,1374
1306,1437
1307,1437
1308,1396
1309,1398
1309,1420
1310,1485
1312,1380
1313,1422
1315,1468
1316,1470
1317,1425
1318,1426
1321,1363
1323,1541
1324,1500
1325,1502
1325,1563
1325,1345
1327,1369
1327,1502
1327,1458
1328,1371
1328,1546
1329,1504
1329,1524
1330,1331
1331,1507
1333,1378
1333,1398
1333,1486
1333,1376
1335,1464
1336,1530
1336,1574
1336,1488
1338,1445
1338,1470
1341,1492
1341,1404
1343,1344
1343,1367
1343,1519
1344,1520
1345,1522
1346,1564
1347,1566
1350,1414
1350,1372
1350,1526
1350,1392
1351,1460
1351,1569
1352,1396
1353,1440
1355,1399
1355,1528
1356,1553
1356,1489
1357,1466
1358,1513
1359,1427
1363,1406
1363,1451
1364,1385
1364,1493
1364,1540
1365,1432
1367,1390
1368,1435
1369,1371
1371,1479
1371,1481
1372,1524
1374,1416
1374,1503
1376,1442
1379,1487
1379,1465
1380,1426
1381,1426
1382,1512
1383,1490
1386,1388
1387,1453
1390,1476
1392,1477
1393,1526
1394,1462
1395,1416
1399,1507
1400,1489
1400,1554
1401,1488
1401,1574
1402,1553
1404,1537
1407,1494
1409,1562
1410,1498
1411,1430
1412,1479
1413,1544
1414,1436
1414,1458
1417,1568
1423,1573
1423,1445
1424,1531
1427,1558
1428,1514
1429,1582
1429,1474
1432,1564
1433,1519
1434,1477
1441,1528
1443,1510
1444,1489
1446,1531
1449,1538
1450,1451
1451,1517
1453,1542
1453,1518
1456,1523
1458,1524
1459,1523
1459,1566
1461,1567
1462,1527
1463,1508
1465,1484
1468,1578
1470,1491
1471,1473
1472,1491
1473,1558
1474,1581
1476,1544
1478,1542
1478,1480
1479,1565
1482,1571
1483,1504
1485,1528
1487,1532
1493,1558
1495,1539
1496,1517
1497,1543
1497,1562
1502,1503
1505,1551
1509,1576
1510,1531
1510,1555
1511,1553
1511,1578
1513,1534
1513,1536
1514,1536
1524,1548
1525,1568
1533,1576
1537,1561
1545,1564
1550,1571
