0,671
0,108
0,173
0,1411
1,1043
1,954
1,1346
1,892
2,1106
2,46
2,1194
2,848
3,1456
3,45
3,1368
3,154
4,1282
4,1437
4,1566
4,6
5,1263
5,50
5,265
5,1479
6,1460
6,91
6,1260
7,1571
7,576
7,639
7,1395
8,119
8,485
8,180
8,638
9,1461
9,272
9,1438
9,314
10,99
10,944
10,55
10,707
11,706
11,812
11,835
11,31
12,880
12,1423
12,925
12,943
13,1446
13,32
13,1555
13,1533
14,1489
14,1248
14,123
14,81
15,1186
15,1468
15,1531
15,255
16,211
16,36
16,1292
16,258
17,1471
17,1253
17,212
17,474
18,1558
18,433
18,20
18,519
19,562
19,413
19,84
19,1580
20,648
20,498
20,301
21,390
21,281
21,717
21,411
22,68
22,694
22,933
22,715
23,1370
23,1260
23,132
23,1457
24,132
24,1020
24,1195
24,1000
25,1459
25,956
25,266
25,1020
26,1371
26,1307
26,136
26,1481
27,1240
27,1415
27,420
27,1369
28,442
28,1263
28,1329
28,158
29,138
29,727
29,487
29,313
30,1485
30,1570
30,1507
30,465
31,552
31,684
31,771
32,924
32,836
32,1506
33,640
33,206
33,166
33,1097
34,1163
34,900
34,1401
34,1533
35,1032
35,1269
35,1009
35,1357
36,1228
36,1295
36,1139
37,1447
37,367
37,1077
37,1513
38,1576
38,1316
38,1141
38,298
39,586
39,1538
39,1577
39,301
40,1405
40,389
40,192
40,693
41,1540
41,652
41,825
41,565
42,1562
42,652
42,825
42,129
43,64
43,978
43,780
43,648
44,240
44,284
44,197
44,1432
45,1475
45,1543
45,976
46,243
46,1564
46,1454
47,1284
47,1326
47,134
47,1368
48,355
48,977
48,1283
48,1260
49,1303
49,1456
49,267
49,1566
50,1240
50,156
50,1327
51,202
51,575
51,160
51,1372
52,489
52,467
52,511
52,463
53,423
53,293
53,464
53,531
54,187
54,423
54,792
54,96
55,880
55,1487
55,100
56,1118
56,771
56,1529
56,185
57,967
57,1250
57,296
57,968
58,1274
58,943
58,1271
58,81
59,1360
59,1488
59,1382
59,1313
60,126
60,1273
60,1472
60,1339
61,367
61,190
61,1578
61,1491
62,369
62,542
62,1318
62,1469
63,476
63,433
63,323
63,301
64,302
64,128
64,758
65,1562
65,66
65,542
65,1540
66,695
66,328
66,802
67,243
67,1346
67,976
67,1327
68,1542
68,1150
68,1500
69,1153
69,1108
69,1392
69,1477
70,399
70,334
70,1262
70,1347
71,113
71,442
71,247
71,178
72,205
72,597
72,157
72,118
73,1482
73,158
73,204
73,1440
74,139
74,618
74,619
74,314
75,838
75,594
75,249
75,663
76,316
76,816
76,1053
76,208
77,1162
77,1444
77,879
77,683
78,1118
78,967
78,1444
78,1400
79,946
79,1317
79,1207
79,164
80,1359
80,1490
80,1230
80,1340
81,1362
81,345
82,453
82,193
82,302
82,432
83,105
83,565
83,257
83,521
84,239
84,127
84,457
85,697
85,149
85,238
85,153
86,587
86,172
86,110
86,846
87,739
87,825
87,129
87,1001
88,1518
88,130
88,847
88,804
89,131
89,1063
89,110
89,1455
90,1306
90,1502
90,1240
90,1566
91,310
91,288
91,1259
92,202
92,1565
92,266
92,1305
93,1567
93,1350
93,1371
93,332
94,1527
94,531
94,117
94,443
95,227
95,315
95,181
95,553
96,1484
96,161
96,816
97,489
97,509
97,490
97,683
98,597
98,773
98,682
98,945
99,1486
99,791
99,252
100,121
100,1141
100,925
101,167
101,146
101,1074
101,1030
102,321
102,1336
102,1513
102,1490
103,1534
103,191
103,213
103,1402
104,1253
104,324
104,476
104,1445
105,256
105,278
105,606
106,194
106,128
106,1513
106,217
107,675
107,1561
107,629
107,628
108,412
108,584
108,759
109,259
109,869
109,261
109,980
110,219
110,1131
111,911
111,179
111,1064
111,914
112,978
112,1476
112,1523
112,1303
113,1390
113,242
113,1437
114,397
114,1414
114,356
114,269
115,333
115,1307
115,1524
115,552
116,641
116,1436
116,510
116,1570
117,555
117,137
117,598
118,748
118,1482
118,360
119,293
119,445
119,902
120,1055
120,661
120,1034
120,296
121,923
121,1012
121,1031
122,1032
122,1573
122,168
122,924
123,235
123,1403
123,1052
124,1534
124,342
124,1577
124,1557
125,171
125,1383
125,1185
125,1532
126,519
126,1403
126,368
127,1538
127,322
127,1384
128,238
128,174
129,1580
129,850
130,346
130,1583
130,152
131,307
131,826
131,915
132,285
132,134
133,1154
133,848
133,1000
133,1155
134,1479
134,308
135,1174
135,1434
135,397
135,1175
136,1197
136,353
136,286
137,488
137,1218
137,1523
138,358
138,1329
138,1393
139,445
139,638
139,421
140,315
140,707
140,380
140,465
141,836
141,575
141,946
141,402
142,988
142,402
142,882
142,339
143,189
143,816
143,878
143,835
144,902
144,1358
144,1359
144,1057
145,1357
145,210
145,944
145,945
146,1165
146,1142
146,1097
147,211
147,1406
147,320
147,1119
148,1494
148,191
148,1315
148,474
149,368
149,365
149,1492
150,217
150,563
150,1449
150,1560
151,390
151,782
151,282
151,194
152,673
152,543
152,324
153,937
153,912
153,653
154,1087
154,849
154,890
155,267
155,911
155,179
155,1085
156,1199
156,199
156,354
157,463
157,374
157,1347
158,204
158,400
159,247
159,1570
159,312
159,620
160,400
160,184
160,1480
161,1571
161,752
161,273
162,704
162,795
162,490
162,595
163,251
163,488
163,337
163,879
164,316
164,926
164,729
165,1574
165,816
165,1078
165,363
166,1510
166,1252
166,990
167,1423
167,363
167,253
168,1164
168,1231
168,1315
169,1491
169,213
169,298
169,1229
170,1385
170,387
170,213
171,370
171,587
171,1428
172,261
172,479
172,392
173,673
173,806
173,696
174,958
174,349
174,650
175,762
175,824
175,1498
175,306
176,416
176,1198
176,1173
176,803
177,1154
177,956
177,306
177,1435
178,935
178,331
178,1023
179,352
179,1481
180,444
180,1373
180,1348
181,1370
181,224
181,203
182,336
182,1503
182,227
182,467
183,727
183,486
183,1460
183,729
184,727
184,335
184,861
185,881
185,402
185,796
186,274
186,512
186,1121
186,726
187,382
187,295
187,815
188,1510
188,1468
188,1251
188,1294
189,1359
189,1295
189,299
190,1275
190,320
190,236
191,1491
191,1208
192,1429
192,1338
192,431
193,520
193,650
193,279
194,718
194,214
195,523
195,478
195,413
195,740
196,437
196,937
196,912
196,631
197,394
197,913
197,260
198,1067
198,1218
198,892
198,1066
199,1457
199,1198
199,220
200,1175
200,1000
200,1129
200,1133
201,244
201,1284
201,202
201,1416
202,1263
203,356
203,1327
203,1462
204,1483
204,246
205,336
205,291
205,379
206,858
206,839
206,448
207,774
207,424
207,1054
207,858
208,274
208,1143
208,1165
209,1188
209,836
209,1554
209,989
210,318
210,1096
210,1382
211,1512
211,233
212,1425
212,1537
212,1557
213,1427
214,344
214,280
214,387
215,435
215,325
215,304
215,695
216,740
216,738
216,499
216,717
217,391
217,674
218,783
218,220
218,719
218,958
219,241
219,1068
219,978
220,221
220,891
221,223
221,1457
221,222
222,223
222,1241
222,333
223,267
223,1152
224,1395
224,1394
224,1523
225,1439
225,444
225,1327
225,375
226,245
226,1548
226,422
226,489
227,576
227,1550
228,751
228,818
228,705
228,661
229,837
229,795
229,772
229,578
230,992
230,971
230,361
230,468
231,947
231,989
231,340
231,879
232,255
232,1316
232,1340
232,1078
233,341
233,1296
233,276
234,1098
234,1206
234,1427
234,1426
235,1383
235,300
235,1512
236,430
236,346
236,281
237,566
237,694
237,584
237,1470
238,871
238,826
239,891
239,260
239,916
240,804
240,674
240,716
241,851
241,934
241,1089
242,1242
242,1197
242,1134
243,1089
243,1108
244,1500
244,1243
244,1173
245,1569
245,441
245,399
246,1462
246,465
246,463
247,1527
247,598
248,1481
248,358
248,466
248,685
249,381
249,662
249,600
250,797
250,664
250,753
250,770
251,318
251,253
251,968
252,318
252,340
252,793
253,276
253,904
254,1534
254,991
254,452
254,1402
255,1143
255,1385
256,1185
256,1384
256,1489
257,1471
257,1338
257,325
258,1559
258,1449
258,304
259,475
259,389
259,587
260,676
260,893
261,305
261,868
262,458
262,632
262,872
262,782
263,1003
263,894
263,327
263,306
264,395
264,934
264,849
264,1177
265,1239
265,418
265,439
266,1478
266,1416
267,1546
268,398
268,1308
268,353
268,269
269,379
269,446
270,401
270,555
270,1503
270,1550
271,814
271,706
271,530
271,598
272,902
272,490
272,883
273,424
273,403
273,340
274,1035
274,923
275,1317
275,321
275,408
275,404
276,1447
276,1166
277,1534
277,451
277,1579
277,1295
278,541
278,1188
278,1121
279,1361
279,1514
279,1559
280,475
280,345
280,609
281,827
281,391
282,499
282,370
282,763
283,437
283,523
283,784
283,959
284,761
284,673
284,347
285,1090
285,349
285,305
286,396
286,505
286,1200
287,354
287,1088
287,1132
287,329
288,1305
288,1284
288,1217
289,335
289,1261
289,1220
289,1374
290,1349
290,377
290,553
290,1373
291,488
291,376
291,577
292,622
292,294
292,597
292,839
293,618
293,596
294,753
294,751
294,489
295,1014
295,513
295,730
296,450
296,338
297,383
297,427
297,298
298,1363
299,1295
299,1120
299,1122
300,344
300,1360
300,454
301,1517
302,565
302,653
303,567
303,348
303,672
303,653
304,785
304,520
305,1002
305,764
306,588
307,957
307,309
307,1091
308,393
308,1196
308,979
309,1065
309,981
309,1022
310,1458
310,1218
310,439
311,1329
311,528
311,421
311,1305
312,421
312,532
312,378
313,358
313,1350
313,750
314,403
314,1481
315,814
315,642
316,687
316,404
317,752
317,1122
317,471
317,580
318,644
319,1145
319,451
319,1080
319,384
320,969
320,539
321,1512
321,364
322,495
322,1230
322,1253
323,455
323,1448
323,630
324,540
324,739
325,431
325,610
326,478
326,633
326,764
326,916
327,521
327,371
327,937
328,807
328,893
328,869
329,870
329,569
329,1068
330,526
330,1130
330,1286
330,1177
331,1396
331,1307
331,1547
332,1285
332,1416
332,1328
333,1418
333,1571
334,508
334,1374
334,684
335,1461
335,597
336,905
336,511
337,445
337,579
337,754
338,818
338,1012
338,491
339,407
339,1121
339,622
340,884
341,474
341,405
341,1033
342,429
342,1515
342,1274
343,1492
343,1535
343,1577
343,1298
344,1536
344,1405
345,1514
345,1404
346,588
346,585
347,544
347,632
347,826
348,1002
348,503
348,393
349,782
349,545
350,827
350,1000
350,351
350,1069
351,1287
351,416
351,394
352,462
352,1331
352,395
353,1244
353,1045
354,1110
354,1483
355,442
355,357
355,509
356,618
356,1417
357,750
357,466
357,708
358,683
359,688
359,532
359,707
359,882
360,817
360,534
360,577
361,859
361,819
361,1035
362,1232
362,1144
362,1252
362,407
363,1079
363,602
364,1273
364,1143
364,1275
365,1513
365,409
365,518
366,1473
366,1448
366,539
366,1579
367,476
367,1537
368,1494
368,499
369,675
369,1560
369,762
370,434
370,631
371,477
371,1046
371,568
372,980
372,545
372,460
372,1114
373,871
373,589
373,894
373,1088
374,376
374,981
374,1155
375,1440
375,1156
375,1331
376,1549
376,1352
377,553
377,617
377,1550
378,507
378,621
378,1504
379,795
379,794
380,706
380,640
380,576
381,576
381,469
381,600
382,708
382,1123
382,929
383,643
383,1077
383,730
384,494
384,1057
384,1320
385,1012
385,1101
385,1208
385,1470
386,1187
386,1514
386,1382
386,1516
387,498
387,1427
388,517
388,1316
388,1492
388,433
389,1515
389,1561
390,585
390,564
391,785
391,544
392,938
392,782
392,565
393,588
393,979
394,548
394,546
395,415
395,939
396,418
396,1374
396,637
397,1419
397,1178
398,1526
398,1416
398,1461
399,1525
399,1375
400,641
400,1567
401,1505
401,554
401,685
402,663
403,709
403,972
404,927
404,928
405,667
405,1080
405,1059
406,1233
406,408
406,861
406,689
407,1186
407,1188
408,1383
408,605
409,1537
409,1296
409,1209
410,542
410,495
410,1408
410,1385
411,456
411,1538
411,497
412,1516
412,740
412,609
413,563
413,499
414,851
414,547
414,828
414,544
415,913
415,1024
415,500
416,937
416,896
417,1110
417,852
417,1287
417,915
418,528
418,1242
419,1524
419,572
419,1505
419,507
420,1459
420,1440
420,1548
421,1546
422,1571
422,554
422,574
423,905
423,815
424,948
424,1036
425,711
425,621
425,510
425,772
426,839
426,798
426,929
426,772
427,994
427,580
427,1101
428,604
428,1142
428,496
428,1190
429,1319
429,1321
429,1472
430,541
430,1145
430,583
431,1536
431,543
432,564
432,541
432,1407
433,695
434,586
434,501
434,740
435,456
435,455
435,1002
436,1001
436,523
436,459
436,590
437,1067
437,784
438,786
438,676
438,852
438,981
439,1111
439,506
440,1176
440,1179
440,1024
440,484
441,658
441,443
441,1330
442,596
443,1547
443,466
444,467
444,486
445,596
446,754
446,971
446,840
447,840
447,1013
447,469
447,556
448,645
448,688
448,620
449,1079
449,819
449,1231
449,1255
450,1362
450,1321
450,1276
451,582
451,1233
452,475
452,516
452,1319
453,585
453,1404
453,1318
454,1495
454,1449
454,716
455,1515
455,718
456,478
456,672
457,894
457,655
457,459
458,763
458,477
458,959
459,501
459,806
460,1220
460,719
460,633
461,1219
461,1047
461,1023
461,1198
462,1285
462,1309
462,1329
463,1328
464,1502
464,703
464,531
465,1394
466,749
467,840
468,862
468,621
468,969
469,578
469,535
470,863
470,555
470,882
470,1101
471,1099
471,1318
471,472
472,1254
472,993
472,1101
473,1471
473,494
473,1296
473,1233
474,672
475,1495
476,1450
477,500
477,519
478,828
479,895
479,1069
479,940
480,1091
480,591
480,655
480,958
481,1135
481,1088
481,1045
481,677
482,570
482,1005
482,1332
482,853
483,1176
483,572
483,1199
483,569
484,1179
484,1200
484,1376
485,702
485,1264
485,1396
486,1547
486,1393
487,1546
487,510
487,1484
488,1462
490,860
491,534
491,728
491,663
492,511
492,755
492,642
492,1016
493,992
493,1254
493,731
493,904
494,537
494,602
495,1386
495,1297
496,1167
496,647
496,1405
497,586
497,561
497,1582
498,1341
498,562
500,716
500,761
501,721
501,718
502,634
502,784
502,1114
502,504
503,1091
503,1134
503,614
504,1158
504,853
504,1201
505,1090
505,548
505,527
506,1528
506,1482
506,657
507,1266
507,531
508,641
508,1551
508,1419
509,771
509,638
510,1569
511,775
512,796
512,710
512,730
513,1034
513,970
513,1082
514,773
514,1191
514,1166
514,1147
515,1362
515,1146
515,907
515,1278
516,601
516,1230
516,646
517,1210
517,561
517,1516
518,606
518,1321
518,1583
519,1535
520,651
520,652
521,563
521,893
522,717
522,720
522,611
522,914
523,655
524,1046
524,526
524,544
524,720
525,698
525,1005
525,786
525,1243
526,568
526,961
527,1219
527,656
527,1330
528,1246
528,614
529,661
529,1330
529,1307
529,552
530,551
530,1397
530,1332
532,728
532,686
533,554
533,815
533,578
533,710
534,622
534,949
535,1146
535,1081
535,1038
536,776
536,884
536,1169
536,885
537,991
537,1015
537,601
538,714
538,1191
538,1297
538,558
539,778
539,1427
540,737
540,1453
540,1494
541,608
542,760
543,609
543,545
545,720
546,810
546,697
546,547
547,1221
547,742
548,1004
548,1203
549,699
549,701
549,767
549,1220
550,1201
550,1504
550,660
550,1569
551,639
551,1309
551,616
552,703
553,682
554,926
555,641
556,859
556,798
556,1038
557,755
557,1016
557,664
557,708
558,842
558,1257
558,974
559,1103
559,1364
559,1363
559,799
560,1493
560,1496
560,757
560,670
561,1429
561,1407
562,608
562,759
563,1493
564,649
564,760
566,851
566,678
566,631
567,635
567,1026
567,808
568,1159
568,1222
569,853
569,636
570,961
570,1176
570,1395
571,591
571,1376
571,1311
571,1484
572,1289
572,1438
573,1354
573,791
573,1483
573,1438
574,659
574,1374
574,770
575,596
575,793
577,619
577,666
578,903
579,818
579,883
579,950
580,862
580,994
581,1210
581,1015
581,1320
581,950
582,1058
582,1278
582,1517
583,1450
583,1384
583,735
584,604
584,1233
585,1517
586,762
587,785
588,959
589,590
589,612
589,743
590,1222
590,1090
591,1179
591,676
592,722
592,1050
592,983
592,1029
593,1507
593,1178
593,1112
593,1134
594,747
594,1525
594,1355
595,813
595,1485
595,1570
598,772
599,752
599,776
599,973
599,970
600,1147
600,732
601,1105
601,797
602,885
602,1234
603,1061
603,755
603,1169
603,1125
604,1343
604,737
605,824
605,778
605,606
606,736
607,827
607,780
607,738
607,651
608,1581
608,763
609,938
610,895
610,939
610,631
611,700
611,894
611,1156
612,1070
612,960
612,1221
613,698
613,1397
613,1180
613,874
614,768
614,635
615,812
615,788
615,1439
615,1158
616,1399
616,1245
616,682
617,1419
617,1504
617,1398
618,748
619,642
619,1483
620,838
620,884
621,925
622,755
623,686
623,1235
623,1061
623,796
624,1081
624,1276
624,1018
624,774
625,1059
625,949
625,1300
625,1168
626,1254
626,864
626,777
626,1124
627,1561
627,866
627,1254
627,1297
628,1539
628,1562
628,693
629,1558
629,780
629,715
630,1559
630,760
630,632
632,960
633,871
633,808
634,722
634,1025
634,1092
635,1004
635,959
636,1157
636,745
636,1202
637,1071
637,1203
637,963
638,1417
639,747
639,749
640,663
640,1485
642,817
643,1037
643,709
643,1103
644,666
644,1235
644,668
645,842
645,733
645,1014
646,907
646,1014
646,732
647,953
647,930
647,1366
648,1406
648,1299
649,1450
649,845
649,1410
650,673
650,1431
651,849
651,1582
652,697
653,916
654,698
654,807
654,678
654,1028
655,767
656,809
656,854
656,1310
657,1396
657,681
657,680
658,812
658,744
658,874
659,1549
659,746
659,1202
660,1398
660,1308
660,1552
661,1528
662,923
662,1550
662,1508
664,841
664,728
665,947
665,776
665,730
665,863
666,1148
666,817
667,1170
667,862
667,1169
668,995
668,689
668,862
669,1232
669,1473
669,996
669,952
670,1363
670,1167
670,1473
671,1451
671,1256
671,1516
672,1430
674,825
674,783
675,783
675,873
676,805
677,917
677,1156
677,679
678,1073
678,1244
679,1397
679,1225
679,1354
680,681
680,918
680,1312
681,898
681,897
682,1527
683,685
684,794
684,1527
685,751
686,729
686,708
687,1038
687,1104
687,860
688,731
688,951
689,949
689,1039
690,1258
690,1171
690,1408
690,1168
691,1255
691,1017
691,1408
691,1124
692,1581
692,909
692,734
692,847
693,1517
693,735
694,738
694,803
695,1496
696,741
696,957
696,760
697,870
698,1028
699,1049
699,1068
699,811
700,765
700,985
700,1159
701,939
701,940
701,1200
702,876
702,1117
702,788
703,792
703,1310
704,1463
704,1353
704,858
705,1441
705,1506
705,793
706,748
707,1549
709,752
709,971
710,861
710,817
711,905
711,1235
711,1212
712,777
712,1084
712,822
712,1236
713,1342
713,864
713,1302
713,798
714,1429
714,733
714,1149
715,1364
715,1407
716,847
717,1518
718,739
719,1024
719,1046
720,1113
721,1267
721,1046
721,941
722,1117
722,1222
723,899
723,1028
723,1072
723,1026
724,1377
724,1288
724,1245
724,941
725,875
725,1400
725,1462
725,1072
726,1486
726,857
726,879
727,1505
728,903
729,858
731,1105
731,1059
732,1256
732,1058
733,1060
733,888
734,1452
734,1281
734,1168
735,866
735,1278
736,1518
736,823
736,1495
737,1342
737,1474
738,805
739,828
741,787
741,1047
741,849
742,1072
742,744
742,1112
743,1291
743,872
743,1112
744,916
744,765
745,1114
745,877
745,1398
746,1266
746,1466
746,1248
747,942
747,1465
748,1420
749,1506
749,1572
750,1549
750,859
751,881
753,797
753,798
754,949
754,819
756,777
756,1037
756,1080
756,1497
757,1019
757,846
757,802
758,1495
758,1520
758,977
759,1367
759,1300
761,1583
761,850
762,1002
763,783
764,1027
764,810
765,1029
765,831
766,1030
766,1070
766,941
766,767
767,1074
768,962
768,791
768,1226
769,942
769,1552
769,1291
769,1572
770,966
770,834
771,990
773,818
773,970
774,907
774,969
775,972
775,1017
775,843
776,1016
777,886
778,998
778,1499
779,1519
779,1345
779,930
779,1431
780,1387
781,1520
781,1581
781,867
781,1432
784,805
785,917
786,1027
786,896
787,917
787,1113
787,895
788,1379
788,1353
789,1333
789,1201
789,1269
789,1048
790,1420
790,1225
790,965
790,1289
791,1574
792,944
792,1573
793,990
794,814
794,880
795,992
796,882
797,1102
799,1212
799,1082
799,800
800,1105
800,1082
800,1259
801,974
801,1281
801,1257
801,1234
802,935
802,887
803,913
803,1430
804,999
804,911
805,869
806,1004
806,982
807,1025
807,1048
808,1134
808,919
809,1244
809,875
809,984
810,917
810,1073
811,962
811,1006
811,1008
812,1442
813,1443
813,835
813,1160
814,881
815,966
819,1062
820,1126
820,974
820,1127
820,1215
821,931
821,1146
821,1234
821,889
822,1410
822,909
822,1107
823,912
823,1126
823,1213
824,1452
824,1496
826,936
827,980
828,936
829,1069
829,1026
829,893
829,896
830,1247
830,942
830,961
830,915
831,1070
831,1226
831,919
832,1204
832,1049
832,1115
832,1464
833,1531
833,1005
833,1201
833,987
834,1530
834,1225
834,1506
835,945
836,838
837,1572
837,926
837,1509
838,1099
839,883
840,904
841,883
841,930
841,885
842,952
842,1104
843,1237
843,928
843,1107
844,1299
844,910
844,1366
844,1543
845,1212
845,1040
845,1323
846,1301
846,1474
847,1564
848,1542
848,867
850,938
850,892
851,914
852,982
852,854
853,918
854,1441
854,984
855,878
855,1336
855,1465
855,985
856,1139
856,1115
856,1007
856,1466
857,1334
857,902
857,1033
859,946
860,906
860,1057
861,990
863,972
863,1080
864,1302
864,1299
865,1259
865,1412
865,1255
865,1455
866,1017
866,1151
867,1565
867,1540
868,953
868,1064
868,1044
869,1497
870,1068
870,1003
871,982
872,958
872,1045
873,875
873,1224
873,1112
874,1048
874,1245
875,1244
876,1574
876,1463
876,1554
877,1358
877,1118
877,1551
878,1463
878,1422
880,1575
881,947
884,1146
885,908
886,1019
886,1368
886,1170
887,1170
887,906
887,1151
888,1126
888,1127
888,1042
889,1324
889,1541
889,1084
890,1019
890,1022
890,933
891,979
891,957
892,934
895,1069
896,1003
897,1399
897,983
897,1158
898,1071
898,1161
898,1378
899,1095
899,1424
899,1311
900,1399
900,1575
900,1508
901,1467
901,1051
901,945
901,1249
903,1098
903,968
904,928
905,929
906,973
906,1103
907,1234
908,1325
908,1213
908,1190
909,1345
909,1063
910,954
910,1043
910,996
911,1019
912,1475
913,1498
914,979
915,935
918,1158
918,1311
919,1380
919,1268
920,1441
920,1094
920,1487
920,942
921,1530
921,1246
921,1528
921,1358
922,987
922,1336
922,1227
922,1552
923,1486
924,1185
924,1056
925,1035
926,1143
927,1016
927,1036
927,991
928,930
929,1257
931,1346
931,1060
931,1343
932,1062
932,1021
932,1149
932,1213
933,1367
933,1541
934,1454
935,1174
936,1131
936,955
938,1049
939,1024
940,1026
940,1116
941,1159
943,1337
943,1183
944,1077
946,1056
947,1099
948,1013
948,1058
948,993
950,1167
950,994
951,1150
951,997
951,1125
952,1151
952,1192
953,1126
953,1280
954,1476
954,1453
955,1087
955,1499
955,1583
956,1541
956,1129
957,1132
960,981
960,1047
961,1029
962,1136
962,1421
963,1139
963,1466
963,1070
964,1249
964,984
964,1184
964,1268
965,1271
965,1076
965,1205
966,1552
966,1401
967,1444
967,1056
968,1122
969,1164
970,1166
971,1081
972,1124
973,1389
973,995
974,1322
975,1148
975,995
975,1018
975,1302
976,1148
976,1150
977,1544
977,1240
978,1111
980,1067
982,1092
983,1090
983,1113
984,1007
985,1162
985,1050
986,1007
986,1072
986,1006
986,1310
987,1336
987,1333
988,1312
988,1402
988,1555
989,1140
989,1206
991,1187
992,1211
993,1082
993,995
994,1145
996,1497
996,1108
997,1063
997,1130
997,1085
998,1153
998,1348
998,1128
999,1152
999,1131
999,1023
1001,1154
1001,1197
1003,1048
1004,1114
1005,1138
1006,1443
1006,1312
1007,1249
1008,1421
1008,1246
1008,1510
1009,1446
1009,1294
1009,1010
1010,1185
1010,1251
1010,1208
1011,1076
1011,1140
1011,1553
1011,1251
1012,1119
1013,1015
1013,1100
1014,1035
1015,1123
1017,1454
1018,1020
1018,1477
1020,1084
1021,1067
1021,1519
1021,1545
1022,1044
1022,1476
1023,1045
1025,1111
1025,1157
1027,1333
1027,1202
1028,1092
1029,1443
1030,1294
1030,1509
1031,1355
1031,1095
1031,1116
1032,1138
1032,1097
1033,1144
1033,1381
1034,1144
1034,1229
1036,1210
1036,1168
1037,1255
1037,1322
1038,1280
1039,1214
1039,1499
1039,1477
1040,1278
1040,1260
1040,1410
1041,1106
1041,1431
1041,1304
1041,1192
1042,1280
1042,1479
1042,1458
1043,1500
1043,1564
1044,1198
1044,1544
1047,1180
1049,1160
1050,1138
1050,1314
1051,1071
1051,1140
1051,1334
1052,1076
1052,1272
1052,1184
1053,1469
1053,1163
1053,1075
1054,1270
1054,1423
1054,1401
1055,1163
1055,1100
1055,1187
1056,1231
1057,1189
1058,1145
1059,1276
1060,1083
1060,1191
1061,1281
1061,1150
1062,1366
1062,1478
1063,1304
1064,1130
1064,1194
1065,1110
1065,1219
1065,1545
1066,1284
1066,1217
1066,1520
1071,1354
1073,1227
1073,1248
1074,1378
1074,1532
1075,1270
1075,1357
1075,1532
1076,1186
1077,1229
1078,1318
1078,1230
1079,1124
1079,1231
1081,1211
1083,1413
1083,1301
1083,1543
1084,1258
1085,1345
1085,1390
1086,1306
1086,1109
1086,1436
1086,1215
1087,1282
1087,1109
1088,1261
1089,1155
1089,1135
1091,1308
1092,1136
1093,1224
1093,1400
1093,1161
1093,1267
1094,1442
1094,1292
1094,1293
1095,1381
1095,1466
1096,1250
1096,1530
1096,1489
1097,1360
1098,1253
1098,1293
1099,1228
1100,1102
1100,1144
1102,1147
1102,1189
1103,1190
1104,1211
1104,1344
1105,1190
1106,1454
1106,1389
1107,1371
1107,1498
1108,1411
1109,1456
1109,1197
1110,1326
1111,1178
1113,1242
1115,1422
1115,1379
1116,1467
1116,1445
1117,1184
1117,1183
1118,1272
1119,1205
1119,1531
1120,1380
1120,1209
1120,1578
1121,1426
1122,1123
1123,1341
1125,1321
1125,1323
1127,1236
1127,1410
1128,1171
1128,1563
1128,1193
1129,1433
1129,1542
1130,1368
1131,1414
1132,1306
1132,1349
1133,1373
1133,1264
1133,1265
1135,1265
1136,1181
1136,1221
1137,1222
1137,1380
1137,1292
1137,1223
1138,1223
1139,1381
1140,1226
1141,1446
1141,1381
1142,1576
1142,1446
1147,1189
1148,1325
1149,1301
1149,1195
1151,1238
1152,1285
1152,1458
1153,1459
1153,1282
1154,1242
1155,1221
1156,1177
1157,1179
1157,1289
1159,1379
1160,1487
1160,1248
1161,1271
1161,1206
1162,1334
1162,1403
1163,1576
1164,1294
1164,1553
1165,1317
1165,1361
1166,1277
1167,1365
1169,1277
1170,1236
1171,1501
1171,1279
1172,1519
1172,1237
1172,1414
1172,1413
1173,1237
1173,1304
1174,1370
1174,1261
1175,1502
1175,1373
1176,1352
1177,1288
1178,1245
1180,1224
1180,1225
1181,1377
1181,1378
1181,1445
1182,1511
1182,1205
1182,1335
1182,1183
1183,1530
1184,1383
1186,1339
1187,1274
1188,1209
1189,1210
1191,1277
1192,1411
1192,1214
1193,1388
1193,1433
1193,1215
1194,1195
1194,1370
1195,1239
1196,1458
1196,1219
1196,1347
1199,1287
1199,1200
1202,1267
1203,1441
1203,1269
1204,1290
1204,1314
1204,1464
1205,1290
1206,1251
1207,1535
1207,1556
1207,1424
1208,1468
1209,1425
1211,1320
1212,1431
1213,1387
1214,1216
1214,1300
1215,1544
1216,1328
1216,1501
1216,1348
1217,1349
1217,1325
1218,1394
1220,1350
1223,1331
1223,1352
1224,1355
1226,1247
1227,1313
1227,1467
1228,1553
1228,1361
1229,1425
1232,1428
1232,1449
1235,1256
1236,1387
1237,1411
1238,1544
1238,1392
1238,1369
1239,1434
1239,1391
1241,1286
1241,1525
1241,1457
1243,1309
1243,1350
1246,1422
1247,1574
1247,1423
1249,1337
1250,1335
1250,1315
1252,1556
1252,1578
1256,1342
1257,1365
1258,1281
1258,1435
1259,1324
1261,1413
1262,1524
1262,1372
1262,1308
1263,1286
1264,1438
1264,1372
1265,1420
1265,1375
1266,1353
1266,1397
1267,1268
1268,1332
1269,1270
1270,1488
1271,1491
1272,1512
1272,1490
1273,1447
1273,1274
1275,1493
1275,1472
1276,1473
1277,1409
1279,1344
1279,1476
1279,1388
1280,1324
1282,1520
1283,1477
1283,1369
1283,1435
1285,1391
1286,1394
1287,1351
1288,1421
1288,1396
1289,1508
1290,1464
1290,1375
1291,1508
1291,1355
1292,1424
1293,1378
1293,1444
1296,1361
1297,1340
1298,1365
1298,1384
1299,1345
1300,1344
1301,1496
1302,1521
1303,1480
1303,1323
1304,1305
1306,1501
1309,1418
1310,1331
1311,1509
1312,1313
1313,1442
1314,1360
1314,1337
1315,1448
1316,1447
1317,1536
1319,1558
1319,1429
1320,1406
1322,1452
1322,1451
1323,1386
1324,1390
1325,1519
1326,1545
1326,1349
1328,1501
1330,1459
1332,1461
1333,1487
1334,1575
1335,1379
1335,1553
1337,1380
1338,1556
1338,1488
1339,1556
1339,1469
1340,1472
1341,1581
1341,1559
1342,1343
1343,1388
1344,1499
1346,1455
1347,1413
1348,1480
1351,1375
1351,1568
1351,1415
1352,1526
1353,1528
1354,1572
1356,1377
1356,1532
1356,1489
1356,1511
1357,1425
1358,1511
1359,1558
1362,1448
1363,1539
1364,1406
1364,1539
1365,1366
1367,1478
1367,1474
1369,1564
1371,1479
1372,1548
1376,1399
1376,1505
1377,1529
1382,1468
1385,1579
1386,1453
1386,1451
1387,1541
1388,1434
1389,1391
1389,1433
1390,1475
1391,1522
1392,1415
1392,1522
1393,1568
1393,1567
1395,1503
1398,1529
1400,1443
1401,1467
1402,1533
1403,1580
1404,1514
1404,1557
1405,1580
1407,1428
1408,1451
1409,1497
1409,1432
1409,1562
1412,1563
1412,1543
1412,1565
1414,1568
1415,1569
1417,1463
1417,1504
1418,1439
1418,1551
1419,1507
1420,1421
1422,1507
1424,1470
1426,1557
1426,1578
1428,1535
1430,1582
1430,1561
1432,1540
1433,1545
1434,1563
1435,1521
1436,1460
1436,1524
1437,1526
1437,1522
1439,1484
1440,1551
1442,1488
1445,1533
1450,1493
1452,1537
1453,1563
1455,1478
1456,1475
1460,1503
1464,1486
1465,1529
1465,1575
1469,1471
1470,1555
1474,1498
1480,1500
1482,1525
1485,1573
1490,1536
1492,1560
1494,1518
1502,1567
1509,1573
1510,1576
1511,1531
1515,1579
1521,1523
1521,1565
1522,1542
1526,1546
1538,1560
1539,1582
1547,1566
1548,1568
1554,1577
1554,1555
