0,736
0,130
0,867
0,758
1,979
1,1564
1,1453
1,110
2,847
2,1040
2,1325
2,1434
3,49
3,956
3,978
3,1371
4,199
4,1084
4,1369
4,1456
5,92
5,266
5,1240
5,137
6,268
6,507
6,1173
6,1479
7,1547
7,573
7,336
7,575
8,661
8,114
8,445
8,183
9,554
9,379
9,96
9,794
10,161
10,638
10,379
10,401
11,1507
11,790
11,791
11,1551
12,1118
12,925
12,1529
12,968
13,813
13,166
13,56
13,58
14,146
14,81
14,857
14,1184
15,36
15,1293
15,1316
15,35
16,1489
16,233
16,1362
16,59
17,103
17,454
17,84
17,455
18,518
18,1557
18,237
18,1470
19,717
19,1427
19,1472
19,564
20,1582
20,411
20,651
20,40
21,651
21,606
21,542
21,45
22,1476
22,88
22,692
22,997
23,88
23,957
23,154
23,1563
24,70
24,198
24,1370
24,1262
25,245
25,243
25,1546
25,267
26,1436
26,310
26,1021
26,1304
27,139
27,247
27,1285
27,225
28,29
28,1483
28,443
28,377
29,683
29,532
29,93
30,1483
30,1526
30,72
30,291
31,726
31,358
31,1507
31,684
32,78
32,945
32,74
32,100
33,119
33,1442
33,771
33,164
34,858
34,1206
34,901
34,163
35,1096
35,1269
35,1533
36,1444
36,1489
36,60
37,188
37,343
37,1512
37,320
38,323
38,147
38,1314
38,300
39,1491
39,542
39,1577
39,607
40,630
40,521
40,1517
41,736
41,1449
41,1405
41,369
42,1540
42,131
42,1430
42,368
43,759
43,174
43,627
43,694
44,955
44,910
44,932
44,671
45,1521
45,1085
45,1260
46,1434
46,1110
46,1237
46,1325
47,200
47,90
47,223
47,220
48,1066
48,1084
48,114
48,1523
49,1172
49,268
49,332
50,200
50,423
50,463
50,1436
51,1546
51,312
51,73
51,315
52,1526
52,159
52,423
52,1505
53,1569
53,1570
53,142
53,1527
54,1550
54,509
54,816
54,271
55,1506
55,812
55,857
55,816
56,1572
56,1357
56,704
57,1487
57,1076
57,232
57,1335
58,165
58,1249
58,1403
59,82
59,1489
59,1183
60,1533
60,432
60,279
61,1383
61,431
61,256
61,411
62,1428
62,282
62,1537
62,694
63,324
63,323
63,257
63,499
64,500
64,674
64,519
64,717
65,584
65,867
65,914
65,520
66,1000
66,802
66,979
66,932
67,1542
67,978
67,1088
67,1368
68,1564
68,1328
68,912
68,1195
69,181
69,154
69,1501
69,1502
70,1086
70,1238
70,265
71,314
71,509
71,441
71,466
72,509
72,1371
72,464
73,269
73,205
73,445
74,337
74,400
74,335
75,227
75,660
75,488
75,402
76,815
76,249
76,1573
76,1575
77,1553
77,1012
77,990
77,1009
78,859
78,815
78,1468
79,1142
79,168
79,1339
79,1513
80,1512
80,987
80,168
80,192
81,1559
81,1075
81,1121
82,258
82,454
83,1535
83,1384
83,1556
83,586
84,260
84,151
84,149
85,1562
85,192
85,414
85,587
86,260
86,806
86,783
86,605
87,805
87,868
87,89
87,1044
88,175
88,264
89,91
89,910
89,913
90,1415
90,1498
90,1541
91,1150
91,1108
91,287
92,1088
92,1128
92,419
93,1195
93,1504
93,268
94,1417
94,355
94,136
94,640
95,182
95,1461
95,1374
95,292
96,358
96,685
96,182
97,532
97,773
97,273
97,337
98,228
98,814
98,795
98,728
99,1011
99,770
99,273
99,231
100,813
100,966
100,1554
101,1183
101,1252
101,1230
101,1034
102,1578
102,1357
102,1164
102,1075
103,1249
103,1467
103,1426
104,167
104,235
104,412
104,1341
105,124
105,1296
105,413
105,255
106,586
106,345
106,456
106,543
107,411
107,128
107,1539
107,674
108,826
108,284
108,520
108,371
109,456
109,154
109,477
109,715
110,1023
110,1109
110,285
111,1304
111,329
111,1107
111,1434
112,1174
112,1042
112,1327
112,331
113,1021
113,355
113,225
113,1131
114,290
114,1306
115,116
115,575
115,465
115,158
116,641
116,226
116,117
117,270
117,551
117,203
118,141
118,226
118,771
118,879
119,206
119,837
119,184
120,991
120,965
120,839
120,1572
121,296
121,1011
121,209
121,1165
122,922
122,1315
122,1229
122,1358
123,1317
123,1142
123,1511
123,253
124,1555
124,144
124,321
125,1535
125,1558
125,1468
125,1579
126,147
126,1559
126,1296
126,1446
127,325
127,1514
127,169
127,1450
128,281
128,130
128,631
129,130
129,499
129,412
129,1540
130,390
131,781
131,220
131,673
132,306
132,935
132,1020
132,372
133,956
133,889
133,936
133,1370
134,979
134,1219
134,1480
134,1499
135,1416
135,1284
135,1565
135,1547
136,1304
136,420
136,1414
137,156
137,1437
137,465
138,1569
138,620
138,227
138,332
139,794
139,663
139,486
140,533
140,748
140,227
140,269
141,620
141,925
141,836
142,229
142,816
142,966
143,1164
143,187
143,1532
143,208
144,1009
144,1315
144,902
145,1074
145,232
145,1340
145,1511
146,1384
146,1141
146,1119
147,1402
147,278
148,1358
148,1404
148,389
148,1228
149,215
149,476
149,389
150,1538
150,1451
150,1494
150,695
151,193
151,586
151,521
152,346
152,607
152,890
152,802
153,285
153,1562
153,1583
153,177
154,329
155,1520
155,891
155,1414
155,1391
156,1372
156,1064
156,1568
157,1351
157,1282
157,1459
157,1479
158,1371
158,1284
158,1152
159,1480
159,1283
159,401
160,708
160,551
160,642
160,1571
161,336
161,577
161,465
162,705
162,317
162,1573
162,576
163,423
163,948
163,469
164,1530
164,1056
164,361
165,275
165,1096
165,1164
166,1272
166,254
166,1165
167,988
167,1141
167,1578
168,1252
168,1469
169,1340
169,281
169,1446
170,257
170,1425
170,1295
170,1272
171,369
171,409
171,391
171,433
172,501
172,1517
172,825
172,716
173,1562
173,412
173,284
173,303
174,737
174,651
174,632
175,805
175,803
175,716
176,911
176,1152
176,393
176,1089
177,1413
177,1001
177,1132
178,1564
178,1109
178,1329
178,1196
179,1219
179,1349
179,352
179,1543
180,199
180,1129
180,1414
180,290
181,1525
181,332
181,288
182,248
182,184
183,1570
183,226
183,468
184,596
184,903
185,1550
185,774
185,469
185,796
186,1055
186,208
186,315
186,817
187,1573
187,1119
188,1078
188,1077
188,1011
189,300
189,254
189,386
189,1164
190,1209
190,1054
190,1121
190,1144
191,258
191,1580
191,1231
191,237
192,324
192,238
193,215
193,1429
193,1493
194,499
194,216
194,522
194,653
195,628
195,214
195,609
195,347
196,566
196,520
196,523
196,739
197,631
197,283
197,890
197,1541
198,1022
198,980
198,1111
199,958
199,1286
200,1286
200,1413
201,1263
201,1239
201,245
201,1240
202,1217
202,204
202,224
202,225
203,270
203,204
203,1460
204,400
204,640
205,378
205,273
205,315
206,947
206,489
206,726
207,905
207,749
207,511
207,490
208,403
208,253
209,230
209,1141
209,1575
210,1272
210,383
210,945
210,1140
211,384
211,1317
211,319
211,1404
212,301
212,1319
212,1231
212,320
213,323
213,431
213,386
213,1403
214,430
214,652
214,343
215,585
215,327
216,280
216,1560
216,737
217,393
217,434
217,543
217,740
218,1089
218,630
218,437
218,716
219,307
219,1562
219,1024
219,914
220,240
220,1066
221,417
221,1044
221,223
221,1177
222,1438
222,1221
222,1521
222,224
223,1373
223,1525
224,309
224,420
225,399
226,1394
227,750
228,948
228,510
228,531
229,879
229,488
229,947
230,621
230,664
230,665
231,948
231,275
231,881
232,1253
232,1469
233,385
233,1535
233,365
234,1427
234,1120
234,1272
234,1555
235,1469
235,388
235,1492
236,1536
236,1493
236,1534
236,255
237,719
237,387
238,1539
238,585
238,345
239,261
239,935
239,633
239,696
240,566
240,738
240,347
241,719
241,848
241,934
241,435
242,934
242,374
242,892
242,1021
243,1393
243,1394
243,1330
244,310
244,1414
244,1347
244,1458
245,312
245,1241
246,356
246,267
246,1327
246,333
247,508
247,576
247,466
248,708
248,839
248,401
249,424
249,840
249,662
250,662
250,317
250,296
250,270
251,1079
251,511
251,967
251,1033
252,1055
252,381
252,859
252,968
253,882
253,1010
254,1338
254,1228
255,1293
255,341
256,430
256,408
256,1577
257,1558
257,1274
258,1516
258,1472
259,695
259,650
259,346
259,455
260,390
260,565
261,738
261,827
261,327
262,284
262,740
262,568
262,458
263,436
263,914
263,871
263,461
264,286
264,1154
265,483
265,1086
265,1372
266,373
266,1480
266,439
267,378
267,1109
268,314
269,354
269,598
270,289
271,770
271,751
271,422
272,862
272,840
272,597
272,662
273,992
274,751
274,339
274,1101
274,753
275,295
275,1102
276,1447
276,1427
276,1143
276,967
277,1189
277,517
277,1384
277,1576
278,365
278,1406
278,1513
279,1295
279,1560
279,301
280,565
280,410
280,696
281,782
281,498
282,760
282,304
282,413
283,349
283,304
283,893
284,742
285,480
285,980
286,310
286,416
286,913
287,1155
287,463
287,1565
288,1154
288,352
288,439
289,1330
289,1241
289,1348
290,1437
290,1305
291,376
291,1439
291,1459
292,294
292,596
292,316
293,492
293,404
293,686
293,796
294,578
294,533
294,598
295,557
295,620
295,556
296,535
296,494
297,1209
297,1036
297,1166
297,1010
298,474
298,1385
298,1515
298,1492
299,1098
299,366
299,1472
299,1360
300,519
300,1294
301,475
301,366
302,390
302,584
302,562
302,566
303,498
303,674
303,610
304,650
304,960
305,979
305,391
305,525
305,782
306,1026
306,588
306,939
307,980
307,1091
307,373
308,959
308,1308
308,1132
308,418
309,397
309,460
309,354
310,1566
311,1331
311,1243
311,334
311,1522
312,594
312,422
313,402
313,399
313,1462
313,420
314,708
314,421
315,771
316,447
316,710
316,427
317,1078
317,489
318,491
318,708
318,881
318,341
319,1339
319,1316
319,339
320,1557
320,386
321,497
321,1142
321,1446
322,1294
322,541
322,411
322,497
323,345
324,370
324,1515
325,499
325,1536
325,717
326,633
326,851
326,828
326,1581
327,543
327,521
328,808
328,546
328,1045
328,1112
329,1070
329,827
330,350
330,1087
330,1134
330,1197
331,486
331,1374
331,1307
332,1548
333,1350
333,1568
333,1481
334,661
334,617
334,1481
335,640
335,552
335,1505
336,903
336,597
337,902
337,817
338,841
338,685
338,796
338,731
339,512
339,751
340,492
340,1167
340,1099
340,971
341,1254
341,496
342,1447
342,538
342,1360
342,1253
343,1450
343,474
344,1275
344,564
344,455
344,1450
345,367
346,1514
346,523
347,1559
347,740
348,433
348,589
348,502
348,609
349,1023
349,434
349,1133
350,525
350,1069
350,1045
351,1091
351,352
351,1113
351,1178
352,1288
353,548
353,1262
353,1069
353,528
354,1329
354,1348
355,1503
355,1331
356,1349
356,1352
356,576
357,683
357,771
357,509
357,1524
358,837
358,687
359,884
359,858
359,533
359,727
360,643
360,1014
360,535
360,686
361,859
361,730
361,556
362,949
362,1034
362,405
362,1296
363,451
363,1079
363,426
363,364
364,1536
364,1470
364,1382
365,562
365,409
366,1364
366,1513
367,1580
367,1341
367,389
368,632
368,432
368,784
369,501
369,785
370,392
370,522
370,739
371,391
371,655
371,653
372,568
372,1066
372,961
373,1000
373,395
374,1461
374,1328
374,1264
375,395
375,1436
375,442
375,377
376,572
376,1218
376,1506
377,1460
377,510
378,1481
378,1524
379,619
379,861
380,926
380,489
380,707
380,445
381,467
381,1015
381,883
382,578
382,950
382,555
382,620
383,947
383,599
383,841
384,451
384,558
384,1273
385,992
385,496
385,1056
386,1254
387,495
387,1361
387,1316
388,1428
388,1450
388,540
389,434
390,544
391,826
392,809
392,850
392,763
393,1027
393,1134
394,851
394,483
394,1175
394,1067
395,1175
395,1198
396,1155
396,1243
396,1328
396,1330
397,1242
397,1089
397,1307
398,1567
398,1483
398,1198
398,616
399,1502
399,1440
400,531
400,728
401,446
402,467
402,731
403,447
403,556
403,902
404,537
404,993
404,622
405,881
405,557
405,860
406,1255
406,514
406,903
406,774
407,602
407,1277
407,536
407,1210
408,1426
408,1579
408,581
409,604
409,1384
410,456
410,540
410,605
412,455
413,677
413,563
414,456
414,415
414,981
415,1002
415,784
415,1114
416,547
416,1178
416,983
417,462
417,1133
417,1179
418,1375
418,616
418,1306
419,1393
419,505
419,1328
420,1243
421,508
421,1440
421,684
422,1460
422,551
423,575
424,554
424,555
424,797
425,1060
425,1012
425,663
425,862
426,514
426,840
426,907
427,752
427,731
427,1234
428,1187
428,623
428,1273
428,626
429,1101
429,497
429,1168
429,1080
430,541
430,1491
431,627
431,539
432,1581
432,475
433,1536
433,1516
434,784
435,500
435,478
435,520
436,743
436,631
436,591
437,483
437,482
437,1070
438,1179
438,678
438,873
438,483
439,1287
439,983
440,1263
440,1221
440,1244
440,1353
441,1263
441,1176
441,550
442,1436
442,1374
442,1439
443,1286
443,1546
443,1525
444,1461
444,729
444,619
444,1505
445,859
446,618
446,793
446,841
447,774
447,946
448,469
448,973
448,773
448,1145
449,1058
449,993
449,1013
449,928
450,1014
450,452
450,1168
450,1252
451,1146
451,1408
452,1558
452,1537
452,1299
453,1558
453,1362
453,1276
453,1405
454,1385
454,1539
457,695
457,717
457,698
457,873
458,523
458,587
458,545
459,592
459,722
459,1023
459,1005
460,1222
460,785
460,1068
461,765
461,590
461,1002
462,1526
462,1199
462,1222
463,1482
463,529
464,487
464,1306
464,660
465,529
466,487
466,574
467,619
467,928
468,685
468,971
468,490
469,772
470,904
470,882
470,1057
470,903
471,994
471,1320
471,991
471,495
472,1013
472,1036
472,712
472,580
473,1404
473,1318
473,648
473,1143
474,1321
474,1232
475,1363
475,1429
476,541
476,561
476,606
477,541
477,1561
477,478
478,804
478,721
479,892
479,895
479,655
479,502
480,1179
480,631
480,652
481,895
481,610
481,961
481,1025
482,1156
482,698
482,895
484,1199
484,1376
484,1307
484,1263
485,1245
485,1549
485,1482
485,1201
486,1375
486,550
487,506
487,1394
488,574
488,1481
489,622
490,926
490,860
491,819
491,1125
491,794
492,623
492,1035
493,1125
493,799
493,645
493,1038
494,603
494,1274
494,1168
495,1189
495,1408
496,1167
496,1448
497,604
498,1580
498,1495
500,806
500,519
501,959
501,1003
502,936
502,635
503,849
503,1002
503,1028
503,566
504,959
504,960
504,637
504,1001
505,723
505,1309
505,852
506,613
506,1177
506,1243
507,553
507,1394
507,1459
508,1506
508,528
510,665
510,839
511,531
511,710
512,817
512,711
512,576
513,776
513,755
513,598
513,861
514,1145
514,991
515,973
515,753
515,1082
515,777
516,1166
516,993
516,733
516,1340
517,1448
517,1449
517,1362
518,630
518,1429
518,1561
519,1560
521,805
522,826
522,741
523,1090
524,852
524,1093
524,722
524,853
525,851
525,938
526,1158
526,962
526,766
526,1068
527,810
527,1176
527,1177
527,1463
528,1461
528,1242
529,616
529,682
530,572
530,1437
530,1549
530,1438
531,597
532,553
532,705
533,709
534,798
534,795
534,881
534,1036
535,925
535,930
536,709
536,642
536,1100
537,1079
537,1365
537,1122
538,1016
538,1254
538,1279
539,1496
539,690
539,757
540,1211
540,1492
542,672
542,673
543,544
544,804
544,894
545,918
545,829
545,720
546,1006
546,981
546,762
547,1179
547,1133
547,1202
548,698
548,571
548,1267
549,636
549,746
549,1177
549,1419
550,1549
550,1420
551,703
552,618
552,1418
552,1504
553,1569
553,662
554,1549
554,577
555,884
555,753
556,579
557,843
557,1235
558,669
558,1212
558,1342
559,992
559,1407
559,1319
559,1035
560,1431
560,1231
560,779
560,668
561,1386
561,1582
561,628
562,1318
562,781
563,803
563,608
563,1385
564,632
564,1473
565,675
565,629
567,721
567,568
567,1046
567,1134
568,700
569,1310
569,1180
569,1288
569,1265
570,768
570,592
570,1159
570,1114
571,1048
571,1178
571,1135
572,1548
572,1286
573,792
573,637
573,1418
574,793
574,1507
575,639
577,688
577,666
578,1058
578,929
579,730
579,1123
579,580
580,1148
580,927
581,778
581,734
581,1124
582,584
582,603
582,1231
582,1473
583,1256
583,714
583,715
583,1169
584,1278
585,608
585,1492
586,1495
587,650
587,697
588,936
588,894
588,1003
589,897
589,785
589,632
590,872
590,1137
590,612
591,1311
591,700
591,1136
592,809
592,1268
593,658
593,1199
593,1290
593,1220
594,1308
594,1570
594,659
595,1482
595,750
595,707
595,1484
596,1528
596,1570
597,860
598,928
599,838
599,973
600,1101
600,817
600,840
600,622
601,1103
601,1057
601,995
601,752
602,886
602,1145
602,1233
603,1388
603,671
604,1475
604,1451
605,1276
605,1497
606,802
606,1471
607,761
607,716
608,763
608,720
609,808
609,982
610,699
610,697
611,1202
611,719
611,634
611,697
612,1112
612,764
612,1310
613,656
613,615
613,1200
614,725
614,1395
614,1028
614,1027
615,1527
615,898
615,1113
616,1373
617,1377
617,639
617,749
618,815
618,814
619,640
621,838
621,754
621,707
622,1124
623,1126
623,1079
624,1322
624,1038
624,971
624,753
625,1363
625,1147
625,865
625,1321
626,1452
626,1386
626,823
627,1474
627,1323
628,1320
628,801
629,1407
629,1472
629,848
630,871
633,831
633,1003
634,786
634,916
634,653
635,829
635,1181
635,942
636,655
636,1135
636,1004
637,1332
637,1178
638,1569
638,1395
638,1530
639,1376
639,749
641,1572
641,683
641,726
642,773
642,772
643,1103
643,688
643,710
644,820
644,947
644,883
644,970
645,841
645,1062
645,906
646,776
646,755
646,667
646,818
647,1278
647,1018
647,866
647,1234
648,1212
648,1451
648,1275
649,737
649,1341
649,1451
649,694
650,1407
651,1518
652,1582
652,1581
653,764
654,1092
654,830
654,893
654,851
655,850
656,853
656,722
656,677
657,1157
657,1112
657,876
657,745
658,1441
658,896
658,1377
659,1333
659,1224
659,702
660,1355
660,703
661,1486
661,770
663,880
663,705
664,750
664,838
664,685
665,885
665,774
666,885
666,926
666,972
667,776
667,907
667,951
668,710
668,864
668,844
669,1210
669,1258
669,1233
670,1367
670,822
670,1496
670,846
671,825
671,868
672,761
672,781
672,1408
673,736
673,1517
674,937
675,763
675,894
675,938
676,826
676,981
676,918
676,741
677,914
677,1003
678,1116
678,915
678,1071
679,1092
679,1312
679,855
679,984
680,1485
680,1265
680,1004
680,1463
681,1571
681,1092
681,1396
681,1310
682,900
682,1354
682,833
683,1505
684,925
684,729
686,884
686,730
687,1147
687,862
687,794
688,1257
688,1039
689,950
689,1213
689,929
689,1102
690,885
690,1127
690,994
691,711
691,1061
691,820
691,1431
692,1192
692,1363
692,1537
693,1473
693,869
693,1581
693,1583
694,695
696,760
696,762
697,808
698,1025
699,984
699,765
699,742
700,786
700,1047
701,1245
701,1113
701,1093
701,832
702,1421
702,1137
702,834
703,857
703,1378
704,944
704,745
704,791
705,1550
706,1572
706,882
706,752
706,1551
707,904
709,819
709,970
711,1233
711,996
712,887
713,843
713,886
713,822
713,1430
714,1299
714,1364
714,1410
715,824
715,1541
718,827
718,1560
718,807
718,720
719,807
720,1115
721,1025
721,808
722,1026
723,766
723,786
723,1419
724,985
724,1201
724,1309
724,875
725,875
725,1507
725,1332
726,1377
727,815
727,1551
727,813
728,793
728,1551
729,751
729,793
730,842
731,1104
732,1190
732,796
732,1167
732,1300
733,1017
733,1058
733,949
734,754
734,1368
734,908
735,1365
735,1039
735,1583
735,1084
736,1453
737,1494
738,758
738,1473
739,848
739,759
740,895
741,982
741,917
742,1048
742,743
743,960
743,1266
744,918
744,916
744,787
744,1204
745,1135
745,1266
746,832
746,1400
746,941
747,1418
747,988
747,856
747,880
748,769
748,1509
748,965
749,1420
750,923
752,1034
754,1083
754,1147
755,863
755,1105
756,866
756,1475
756,1321
756,1170
757,1344
757,1190
757,780
758,1256
758,1019
759,1497
759,1411
760,934
760,912
761,890
761,980
762,935
762,872
763,1026
764,1180
764,871
765,1005
765,1247
766,1027
766,1290
767,917
767,1290
767,1508
767,941
768,1074
768,1464
768,1244
769,1050
769,1160
769,1007
770,835
772,1013
772,969
773,838
775,861
775,929
775,1038
775,777
776,952
777,1344
777,1017
778,801
778,1563
778,907
779,954
779,1258
779,1041
780,1411
780,913
780,868
781,783
782,1474
782,1518
783,915
783,847
784,804
785,962
786,828
787,1225
787,1268
787,1335
788,1004
788,1158
788,1048
788,1134
789,1421
789,1464
789,1182
789,1007
790,1028
790,879
790,1246
791,1531
791,988
792,836
792,1553
792,1485
795,906
795,858
797,927
797,928
797,1081
798,1016
798,950
798,927
799,1082
799,1389
799,820
800,1281
800,1452
800,1257
800,819
801,1410
801,1170
802,1409
803,867
803,1455
804,1538
805,1002
806,849
806,825
807,874
807,893
809,897
809,986
810,1225
810,1115
810,1160
811,918
811,1336
811,853
811,942
812,1509
812,1290
812,833
813,921
814,1571
814,1486
816,883
818,1124
818,1057
818,1148
819,1147
820,1083
821,1127
821,1191
821,863
821,888
822,994
822,1477
823,1237
823,1345
823,1409
824,1538
824,975
824,954
825,1520
827,1000
828,913
828,916
829,873
829,896
830,850
830,1073
830,1268
831,939
831,833
831,852
832,1248
832,1333
833,1312
834,1030
834,1203
834,1140
835,1575
835,964
835,1443
836,1484
836,968
837,969
837,1054
839,858
842,1018
842,1040
842,996
843,1062
843,1040
844,1301
844,909
844,1277
845,1342
845,1366
845,1256
845,1345
846,933
846,1367
846,1063
847,978
847,870
848,870
849,957
849,981
850,958
852,1046
853,855
854,1203
854,1422
854,1073
854,899
855,1355
855,877
856,922
856,1467
856,1311
857,1007
860,1099
861,1060
862,1101
863,996
863,1193
864,1365
864,1322
864,1302
865,1433
865,1299
865,1082
866,1455
866,1388
867,1519
868,1107
869,1000
869,870
869,936
870,937
871,1025
872,874
872,1024
873,1071
874,1334
874,1047
875,1442
875,1205
876,1508
876,1181
876,1072
877,1445
877,1553
877,1247
878,1117
878,964
878,1314
878,1354
879,1118
880,1013
880,1119
882,1100
883,1057
884,904
885,1211
886,1365
886,1037
887,1281
887,994
887,1019
888,1498
888,1105
888,1540
889,1195
889,1063
889,1390
890,1042
891,1065
891,1477
891,937
892,893
892,894
896,1156
896,1093
897,1354
897,1069
898,943
898,944
898,917
899,1510
899,944
899,1117
900,1030
900,1399
900,1314
901,1508
901,1445
901,1510
902,1143
904,968
905,1100
905,1015
905,951
906,1014
906,926
907,1018
908,1323
908,1387
908,931
909,1194
909,1106
909,1193
910,1498
910,1457
911,1367
911,1387
911,1149
912,956
912,1474
915,1155
915,982
916,962
917,1070
919,987
919,1006
919,1095
919,1486
920,1379
920,965
920,1138
920,1180
921,1487
921,943
921,1333
922,1270
922,1555
923,1531
923,1552
923,1163
924,970
924,1032
924,1077
924,989
927,1036
929,1061
930,1236
930,1257
930,1169
931,1343
931,1016
931,1191
932,1235
932,1065
933,1151
933,1107
933,1173
934,1064
935,958
937,983
938,1026
938,1158
939,1223
939,1049
940,1138
940,1202
940,1051
940,1200
941,1420
941,1225
942,1136
942,1532
943,1377
943,1246
944,1488
945,1574
945,1573
946,1056
946,1055
946,1032
948,1058
949,1035
949,972
950,1300
951,1102
951,972
952,1256
952,1041
952,1150
953,1366
953,1519
953,1039
953,1150
954,1127
954,1039
955,1001
955,1174
955,1431
956,1475
957,1044
957,999
958,1176
959,1114
960,1068
961,1156
961,1288
962,1027
963,1245
963,1311
963,1159
963,1114
964,985
964,1136
965,1509
966,1401
966,1533
967,1423
967,1184
969,991
969,992
970,1146
971,1038
972,1214
973,1189
974,1279
974,1126
974,1343
974,1061
975,1128
975,1194
975,1433
976,1151
976,1213
976,1412
976,1300
977,1543
977,1110
977,1412
977,1367
978,1067
982,1001
983,1160
984,1159
984,1117
985,1355
985,1292
986,1510
986,1381
986,1334
987,1163
987,1116
988,1031
989,1165
989,1358
989,1529
990,1097
990,1144
990,1166
993,1015
995,1454
995,1194
995,1080
996,1017
997,1453
997,1390
997,1543
998,1521
998,1239
998,1042
998,1327
999,1456
999,1435
999,1327
1004,1092
1005,1289
1005,1288
1006,1332
1006,1074
1007,1552
1008,1270
1008,1442
1008,1378
1008,1398
1009,1421
1009,1425
1010,1465
1010,1032
1011,1140
1012,1098
1012,1142
1014,1055
1015,1190
1016,1103
1017,1389
1018,1125
1019,1432
1019,1279
1020,1257
1020,1563
1020,1326
1021,1368
1022,1476
1022,1413
1022,1086
1023,1046
1024,1153
1024,1091
1028,1225
1029,1376
1029,1226
1029,1201
1029,1488
1030,1337
1030,1049
1031,1250
1031,1138
1031,1094
1032,1356
1033,1380
1033,1401
1033,1533
1034,1165
1035,1187
1037,1166
1037,1343
1037,1210
1040,1303
1041,1387
1041,1043
1042,1044
1043,1348
1043,1088
1043,1128
1045,1221
1045,1087
1046,1111
1047,1265
1047,1244
1048,1221
1049,1244
1049,1266
1050,1356
1050,1357
1050,1443
1051,1136
1051,1226
1051,1095
1052,1443
1052,1555
1052,1137
1052,1532
1053,1574
1053,1313
1053,1465
1053,1271
1054,1400
1054,1487
1056,1185
1059,1278
1059,1255
1059,1126
1059,1148
1060,1213
1060,1212
1061,1322
1062,1346
1062,1170
1063,1169
1063,1543
1064,1565
1064,1175
1065,1110
1065,1129
1066,1349
1067,1241
1067,1068
1069,1090
1070,1115
1071,1180
1071,1376
1072,1380
1072,1465
1072,1289
1073,1464
1073,1246
1074,1403
1075,1120
1075,1269
1076,1099
1076,1121
1076,1206
1077,1078
1077,1207
1078,1123
1080,1298
1080,1275
1081,1167
1081,1387
1081,1234
1082,1410
1083,1128
1083,1282
1084,1454
1085,1192
1085,1240
1085,1392
1086,1172
1087,1198
1087,1220
1088,1305
1089,1219
1090,1112
1090,1155
1091,1202
1093,1224
1094,1442
1094,1356
1094,1116
1095,1445
1095,1424
1096,1185
1096,1576
1097,1335
1097,1118
1097,1381
1098,1227
1098,1208
1099,1184
1100,1123
1102,1235
1103,1211
1104,1280
1104,1214
1104,1321
1105,1454
1105,1213
1106,1433
1106,1236
1106,1434
1107,1215
1108,1390
1108,1432
1108,1280
1109,1346
1110,1239
1111,1157
1111,1154
1113,1265
1115,1291
1116,1267
1117,1490
1118,1468
1119,1486
1120,1249
1120,1359
1121,1206
1122,1274
1122,1168
1122,1233
1123,1188
1124,1255
1125,1344
1126,1412
1127,1171
1129,1150
1129,1130
1130,1567
1130,1479
1130,1542
1131,1480
1131,1457
1131,1326
1132,1242
1132,1196
1133,1197
1135,1267
1137,1183
1138,1399
1139,1401
1139,1181
1140,1490
1141,1187
1143,1275
1144,1232
1144,1254
1145,1146
1146,1188
1148,1193
1149,1195
1149,1299
1149,1544
1151,1475
1151,1262
1152,1500
1152,1545
1153,1259
1153,1545
1153,1174
1154,1156
1157,1200
1157,1287
1158,1203
1159,1444
1160,1161
1161,1489
1161,1294
1161,1556
1162,1357
1162,1248
1162,1534
1162,1182
1163,1557
1163,1293
1169,1409
1170,1258
1171,1542
1171,1323
1171,1236
1172,1458
1172,1303
1173,1369
1173,1499
1174,1457
1175,1260
1176,1329
1181,1182
1182,1444
1183,1556
1184,1534
1185,1253
1185,1556
1186,1339
1186,1187
1186,1230
1186,1554
1188,1210
1188,1273
1189,1341
1190,1297
1191,1366
1191,1192
1192,1388
1193,1522
1194,1501
1196,1282
1196,1304
1197,1303
1197,1216
1198,1350
1199,1285
1200,1396
1201,1398
1203,1466
1204,1379
1204,1289
1204,1401
1205,1487
1205,1269
1205,1467
1206,1467
1207,1381
1207,1318
1207,1579
1208,1447
1208,1274
1208,1449
1209,1228
1209,1297
1211,1278
1212,1386
1214,1391
1214,1238
1215,1566
1216,1502
1216,1348
1216,1281
1217,1564
1217,1502
1217,1282
1218,1372
1218,1521
1218,1545
1219,1264
1220,1266
1220,1437
1222,1264
1222,1309
1223,1352
1223,1463
1223,1287
1224,1311
1224,1378
1226,1530
1226,1312
1227,1249
1227,1424
1227,1312
1228,1554
1229,1360
1229,1295
1229,1251
1230,1577
1230,1557
1232,1298
1232,1471
1234,1301
1235,1237
1236,1474
1237,1500
1238,1324
1238,1283
1239,1392
1240,1329
1241,1326
1242,1395
1245,1352
1246,1379
1247,1291
1247,1268
1248,1402
1248,1574
1250,1313
1250,1359
1250,1251
1251,1318
1251,1361
1252,1337
1253,1276
1255,1300
1258,1433
1259,1280
1259,1344
1259,1499
1260,1346
1260,1325
1261,1503
1261,1285
1261,1347
1261,1415
1262,1373
1264,1308
1267,1291
1269,1576
1270,1294
1270,1447
1271,1380
1271,1359
1271,1511
1273,1493
1276,1385
1277,1297
1277,1408
1279,1298
1280,1498
1281,1563
1283,1370
1283,1416
1284,1351
1284,1503
1285,1305
1287,1438
1289,1529
1291,1354
1292,1421
1292,1400
1292,1445
1293,1470
1295,1317
1296,1319
1297,1449
1298,1362
1301,1324
1301,1476
1302,1453
1302,1388
1302,1519
1303,1478
1305,1501
1306,1417
1307,1462
1308,1310
1309,1439
1313,1422
1313,1509
1314,1335
1315,1532
1315,1316
1317,1337
1319,1537
1320,1495
1320,1386
1322,1389
1323,1410
1324,1345
1324,1368
1325,1476
1326,1458
1330,1331
1331,1528
1332,1440
1333,1463
1334,1399
1334,1552
1336,1511
1336,1382
1336,1403
1337,1356
1338,1382
1338,1471
1338,1448
1339,1402
1340,1446
1342,1406
1342,1494
1343,1519
1345,1389
1346,1541
1347,1522
1347,1455
1349,1415
1350,1568
1350,1547
1351,1397
1351,1506
1352,1416
1353,1527
1353,1398
1353,1571
1355,1400
1358,1360
1359,1531
1361,1535
1361,1515
1363,1516
1364,1580
1364,1430
1366,1499
1369,1500
1369,1390
1370,1566
1371,1435
1372,1435
1373,1462
1374,1441
1375,1396
1375,1527
1378,1397
1379,1529
1380,1469
1381,1466
1382,1578
1383,1577
1383,1405
1383,1513
1391,1478
1391,1415
1392,1567
1392,1566
1393,1565
1393,1478
1395,1525
1396,1504
1397,1398
1397,1441
1399,1465
1402,1444
1404,1428
1405,1579
1406,1495
1406,1517
1407,1515
1409,1432
1411,1544
1411,1497
1412,1501
1413,1524
1416,1545
1417,1459
1417,1547
1418,1485
1419,1526
1419,1548
1420,1422
1422,1423
1423,1468
1423,1443
1424,1578
1424,1488
1425,1575
1425,1512
1426,1490
1426,1427
1428,1494
1429,1430
1431,1518
1432,1477
1435,1455
1438,1462
1439,1548
1440,1484
1441,1528
1448,1491
1452,1561
1452,1583
1454,1496
1456,1458
1456,1522
1457,1523
1460,1567
1464,1483
1466,1488
1466,1576
1470,1493
1471,1514
1477,1500
1478,1523
1479,1544
1482,1550
1484,1485
1490,1491
1496,1542
1497,1582
1503,1568
1504,1523
1508,1574
1510,1530
1512,1554
1514,1534
1516,1539
1518,1538
1520,1544
1520,1540
1524,1546
1528,1552
1531,1553
1559,1561
