0,151
0,1498
0,606
0,805
1,1367
1,1496
1,737
1,1022
2,1214
2,4
2,1327
2,1131
3,1021
3,888
3,932
3,1084
4,998
4,67
4,1456
5,156
5,7
5,1087
5,311
6,1458
6,202
6,112
6,1501
7,114
7,49
7,70
8,271
8,638
8,487
8,1352
9,509
9,72
9,97
9,292
10,120
10,880
10,791
10,1548
11,1550
11,1419
11,856
11,53
12,1313
12,770
12,989
12,31
13,1314
13,76
13,1337
13,1077
14,900
14,1356
14,943
14,1488
15,1448
15,278
15,36
15,1185
16,432
16,166
16,278
16,80
17,1361
17,519
17,452
17,344
18,477
18,366
18,82
18,1273
19,40
19,456
19,281
19,605
20,1582
20,759
20,781
20,1342
21,411
21,240
21,131
21,561
22,1519
22,43
22,152
22,153
23,45
23,1258
23,1194
23,889
24,954
24,976
24,978
24,1065
25,1086
25,265
25,179
25,1412
26,1504
26,1020
26,1064
26,70
27,1305
27,1393
27,1197
27,92
28,445
28,510
28,1416
28,464
29,1373
29,96
29,160
29,1440
30,814
30,356
30,376
30,464
31,185
31,1571
31,793
32,99
32,552
32,509
32,682
33,1398
33,1510
33,1575
33,1032
34,208
34,1118
34,964
34,747
35,1443
35,168
35,879
35,1399
36,213
36,1335
36,1118
37,1536
37,101
37,280
37,1227
38,81
38,366
38,1470
38,365
39,432
39,1556
39,193
39,1578
40,1362
40,368
40,345
41,671
41,390
41,174
41,715
42,109
42,628
42,1494
42,715
43,979
43,153
43,542
44,1498
44,1022
44,1431
44,1564
45,1281
45,1043
45,999
46,1109
46,1154
46,1130
46,110
47,1283
47,68
47,1349
47,1259
48,309
48,1216
48,375
48,1437
49,245
49,114
49,1569
50,135
50,444
50,1525
50,1567
51,184
51,205
51,1480
51,289
52,355
52,1526
52,1482
52,421
53,639
53,533
53,1572
54,662
54,1485
54,703
54,1440
55,750
55,751
55,969
55,186
56,990
56,1378
56,76
56,858
57,1053
57,1422
57,878
57,1186
58,1032
58,1140
58,1008
58,1338
59,1317
59,1316
59,1404
59,146
60,237
60,191
60,1576
60,1162
61,322
61,520
61,1448
61,256
62,587
62,1559
62,430
62,476
63,627
63,1558
63,1429
63,457
64,128
64,1515
64,717
64,847
65,131
65,1582
65,541
65,804
66,758
66,1455
66,1498
66,955
67,1044
67,1240
67,1457
68,1151
68,1545
68,156
69,1502
69,1219
69,955
69,1240
70,1327
71,1413
71,485
71,73
71,138
72,1481
72,157
72,1439
73,226
73,378
73,532
74,291
74,118
74,1463
74,551
75,704
75,1571
75,1506
75,359
76,1011
76,294
77,901
77,1031
77,1573
77,1528
78,1443
78,1074
78,1402
78,815
79,1252
79,1226
79,1010
79,1467
80,1512
80,1336
80,1514
81,1185
81,1205
81,1297
82,1489
82,1318
82,1469
83,1318
83,543
83,234
83,631
84,410
84,105
84,130
84,259
85,692
85,605
85,522
85,301
86,1561
86,586
86,803
86,172
87,935
87,936
87,1042
87,805
88,1583
88,1496
88,869
88,176
89,823
89,1261
89,221
89,1110
90,1326
90,1371
90,1411
90,264
91,1350
91,1217
91,1303
91,1087
92,113
92,1567
92,1479
93,1570
93,441
93,311
93,1216
94,1566
94,1436
94,1546
94,138
95,226
95,354
95,1550
95,1480
96,1527
96,359
96,247
97,422
97,466
97,487
98,1530
98,771
98,598
98,295
99,1054
99,206
99,253
100,1551
100,1164
100,1553
100,188
101,1294
101,1141
101,987
102,1336
102,1470
102,1121
102,1119
103,1405
103,1143
103,188
103,1488
104,1382
104,1383
104,277
104,1512
105,1294
105,149
105,562
106,236
106,412
106,148
106,279
107,172
107,170
107,194
107,1471
108,346
108,152
108,1538
108,628
109,305
109,261
109,370
110,958
110,913
110,1089
111,266
111,1456
111,154
111,1455
112,1480
112,1217
112,1041
113,1412
113,1568
113,1044
114,1391
114,115
115,553
115,331
115,1326
116,728
116,1374
116,183
116,706
117,794
117,597
117,377
117,509
118,858
118,882
118,186
119,489
119,467
119,575
119,379
120,361
120,185
120,726
121,880
121,189
121,1444
121,1551
122,297
122,1251
122,1187
122,1338
123,144
123,1031
123,1250
123,1487
124,1424
124,1077
124,1009
124,213
125,1272
125,1537
125,1556
125,1362
126,1448
126,215
126,521
126,431
127,215
127,216
127,1473
127,301
128,1428
128,257
128,280
129,1539
129,826
129,1562
129,760
130,1001
130,694
130,979
131,911
131,675
132,870
132,893
132,175
132,915
133,1086
133,1433
133,1023
133,243
134,1129
134,1176
134,1500
134,1194
135,289
135,1282
135,1393
136,269
136,182
136,1285
136,1065
137,1174
137,1395
137,1239
137,1480
138,511
138,354
139,225
139,312
139,1549
139,159
140,706
140,817
140,683
140,1482
141,489
141,727
141,335
141,554
142,577
142,923
142,274
142,1033
143,837
143,924
143,836
143,274
144,163
144,1401
144,1162
145,1205
145,1337
145,253
145,1186
146,1316
146,342
146,1205
147,1140
147,1384
147,1339
147,1427
148,1358
148,237
148,194
149,497
149,518
149,1427
150,693
150,217
150,1429
150,762
151,391
151,825
151,759
152,477
152,629
153,369
153,282
154,1133
154,783
154,218
155,1565
155,200
155,307
155,1415
156,1262
156,1286
157,1220
157,1087
157,1438
158,1547
158,1479
158,531
158,1195
159,1283
159,1394
159,1284
160,333
160,225
160,1506
161,424
161,273
161,577
161,401
162,707
162,186
162,360
162,642
163,748
163,683
163,926
164,383
164,231
164,318
164,1572
165,1207
165,230
165,274
165,276
166,277
166,925
166,363
167,1532
167,169
167,1208
167,1230
168,1490
168,1144
168,1273
169,430
169,1272
169,1252
170,366
170,474
170,476
171,607
171,347
171,478
171,282
172,1582
172,585
173,804
173,545
173,240
173,608
174,914
174,672
174,959
175,867
175,868
175,306
176,1001
176,394
176,957
177,914
177,958
177,350
177,1477
178,1499
178,1198
178,1089
178,1304
179,353
179,1457
179,1088
180,1523
180,462
180,1525
180,1219
181,488
181,1523
181,1504
181,311
182,267
182,269
182,380
183,727
183,554
183,551
184,510
184,814
184,770
185,272
185,1012
186,554
187,945
187,1574
187,792
187,1033
188,1208
188,275
189,1275
189,1057
189,1011
190,192
190,235
190,1406
190,1381
191,193
191,234
191,1405
192,1559
192,1557
192,236
193,476
193,1513
194,1559
194,390
195,327
195,718
195,782
195,784
196,1541
196,328
196,872
196,239
197,737
197,351
197,478
197,803
198,1219
198,1177
198,1261
198,1089
199,956
199,1262
199,913
199,1264
200,287
200,332
200,1350
201,1303
201,1196
201,1414
201,1173
202,1436
202,1437
202,1372
203,356
203,1482
203,1414
203,1567
204,226
204,596
204,641
204,443
205,640
205,532
205,403
206,447
206,599
206,818
207,881
207,923
207,336
207,729
208,381
208,773
208,1097
209,1075
209,1575
209,273
209,1274
210,255
210,1250
210,1316
210,406
211,1032
211,451
211,1360
211,1166
212,254
212,1578
212,1406
212,1557
213,322
213,1252
214,1449
214,432
214,216
214,1470
215,435
215,326
216,502
216,631
217,523
217,261
217,956
218,546
218,413
218,500
219,1564
219,460
219,980
219,719
220,415
220,416
220,265
220,1000
221,1263
221,1239
221,1370
222,1434
222,264
222,268
222,1023
223,290
223,267
223,464
223,1175
224,1393
224,1568
224,1372
224,1305
225,1505
225,488
226,1394
227,1482
227,444
227,576
227,316
228,640
228,750
228,596
228,840
229,683
229,752
229,358
229,317
230,752
230,1057
230,642
231,925
231,250
231,1251
232,429
232,1100
232,990
232,1511
233,276
233,473
233,1491
233,387
234,1206
234,1098
235,541
235,1230
235,237
236,238
236,1296
237,456
238,565
238,371
238,367
239,413
239,306
239,304
240,349
240,264
241,999
241,260
241,545
241,631
242,349
242,1133
242,979
242,329
243,351
243,1152
243,1156
244,1199
244,442
244,1504
244,1461
245,1439
245,311
245,1503
246,292
246,355
246,574
246,1546
247,507
247,508
247,465
248,490
248,597
248,534
248,643
249,489
249,793
249,270
249,815
250,751
250,423
250,838
251,293
251,839
251,406
251,491
252,405
252,384
252,320
252,1231
253,1185
253,1032
254,300
254,1209
254,1491
255,1536
255,1534
255,320
256,410
256,343
256,388
257,585
257,1534
257,1296
258,1406
258,631
258,455
258,587
259,499
259,370
259,283
260,629
260,761
260,1581
261,803
261,391
262,416
262,695
262,869
262,781
263,1154
263,868
263,1110
263,482
264,913
265,958
265,981
266,373
266,332
266,1547
267,530
267,1479
268,1391
268,1522
268,400
269,312
269,1458
270,705
270,272
270,578
271,1548
271,424
271,553
272,553
272,926
273,884
273,404
274,773
275,277
275,971
275,319
276,1276
276,1294
277,1316
278,1232
278,498
279,300
279,298
279,431
280,1473
280,1493
281,806
281,519
281,346
282,433
282,521
283,500
283,738
283,698
284,326
284,481
284,675
284,871
285,1002
285,764
285,525
285,978
286,483
286,1156
286,373
286,1287
287,1200
287,463
287,1043
288,1175
288,421
288,1544
288,1262
289,487
289,1307
290,357
290,377
290,1371
291,686
291,728
291,315
292,860
292,662
293,903
293,313
293,491
294,837
294,841
294,446
295,621
295,990
295,450
296,1141
296,923
296,967
296,837
297,1101
297,1014
297,1099
298,1533
298,1491
298,1145
299,453
299,385
299,474
299,1276
300,1557
300,1472
301,1515
301,303
302,632
302,562
302,367
302,586
303,760
303,893
303,589
304,783
304,829
304,415
305,414
305,825
305,394
306,482
306,848
307,1241
307,1131
307,1218
308,982
308,397
308,979
308,1175
309,1265
309,439
309,1177
310,399
310,1418
310,1525
310,1435
312,1414
312,531
313,1460
313,422
313,552
314,576
314,486
314,556
314,618
315,316
315,816
315,644
316,793
316,511
317,1122
317,838
317,793
318,428
318,1035
318,494
319,1275
319,882
319,428
320,385
320,1167
321,1317
321,1207
321,1580
321,1100
322,1383
322,385
323,630
323,1338
323,344
323,1426
324,498
324,478
324,543
324,475
325,1492
325,761
325,672
325,392
326,455
326,435
327,782
327,694
327,872
328,479
328,917
328,544
329,870
329,438
329,894
330,1045
330,1243
330,1286
330,1023
331,1261
331,398
331,1349
332,484
332,418
333,1462
333,1483
333,1349
334,1329
334,685
334,531
334,1417
335,400
335,486
335,464
336,639
336,508
336,379
337,819
337,665
337,686
337,1036
338,797
338,600
338,470
338,469
339,1058
339,667
339,448
339,990
340,1231
340,495
340,840
340,1188
341,1382
341,946
341,386
341,1251
342,1144
342,1404
342,1166
343,1188
343,1297
343,517
344,431
344,429
345,365
345,562
345,369
346,740
346,388
347,828
347,804
347,763
348,412
348,436
348,762
348,698
349,699
349,958
350,548
350,460
350,545
351,546
351,1178
352,441
352,1330
352,1024
352,372
353,1178
353,1308
353,1416
354,442
354,1502
355,1197
355,1306
356,506
356,423
357,620
357,706
357,509
358,750
358,618
358,619
359,468
359,644
360,1059
360,599
360,687
361,622
361,1165
361,1103
362,816
362,1253
362,645
362,1034
363,1055
363,557
363,925
364,407
364,497
364,1471
364,1514
365,472
365,1578
366,367
367,544
368,632
368,479
368,497
369,435
369,804
370,480
370,629
371,785
371,435
371,633
372,1066
372,696
372,849
373,1287
373,1110
374,1393
374,1373
374,1353
374,1112
375,1396
375,572
375,1331
376,615
376,1545
376,1261
377,639
377,661
378,706
378,1461
378,573
379,599
379,687
380,510
380,490
380,596
381,425
381,862
381,686
382,641
382,904
382,1103
382,863
383,512
383,928
383,407
384,385
384,1190
384,536
386,409
386,1556
386,1469
387,1560
387,584
387,1513
388,630
388,672
389,411
389,433
389,651
389,1429
390,458
390,763
391,937
391,501
392,568
392,828
392,740
393,894
393,458
393,1070
393,457
394,569
394,1220
395,1263
395,1067
395,851
395,1004
396,1220
396,1090
396,1066
396,1198
397,1241
397,461
397,614
398,617
398,1484
398,571
399,595
399,619
399,1568
400,1373
400,419
401,443
401,1438
401,551
402,532
402,838
402,663
402,685
403,817
403,492
403,643
404,710
404,752
404,424
405,903
405,925
405,929
406,797
406,493
407,583
407,582
408,1450
408,1339
408,1449
408,1056
409,1534
409,430
409,1363
410,585
410,649
411,1536
411,584
412,566
412,651
413,738
413,695
414,697
414,608
414,653
415,983
415,764
416,763
416,610
417,633
417,1024
417,1066
417,764
418,1307
418,1067
418,462
419,1524
419,1417
419,1200
420,1462
420,1483
420,617
420,661
421,574
421,1546
422,728
422,1459
423,535
423,446
424,597
425,950
425,426
425,663
426,557
426,602
426,794
427,1123
427,1013
427,1254
427,666
428,559
428,1255
429,1079
429,1168
430,1254
431,1451
432,475
433,1538
433,739
434,1537
434,807
434,738
434,827
436,589
436,982
436,914
437,1222
437,1090
437,609
437,961
438,786
438,1071
438,635
439,1088
439,636
439,590
440,1026
440,1201
440,1179
440,1243
441,1330
441,482
442,1525
442,1568
443,465
443,529
444,1547
444,684
445,490
445,618
445,687
446,754
446,815
447,972
447,1037
447,1016
448,1145
448,819
448,729
449,1016
449,624
449,842
449,883
450,1145
450,1342
450,885
451,1386
451,1100
451,1493
452,454
452,648
452,604
453,1384
453,1340
453,1471
454,521
454,649
454,651
455,520
455,1580
456,499
456,564
457,738
457,654
458,1091
458,740
459,721
459,1071
459,696
459,765
460,981
460,505
461,1156
461,1026
461,960
462,483
462,1481
463,1265
463,529
463,486
465,1484
465,598
466,684
466,532
466,578
467,772
467,709
467,708
468,928
468,491
468,991
469,1014
469,946
469,971
470,708
470,796
470,1099
471,1253
471,818
471,993
471,799
472,970
472,1256
472,1384
473,1537
473,1297
473,604
474,1407
474,1558
475,1385
475,628
476,497
477,566
477,588
478,850
479,826
479,742
480,915
480,568
480,501
481,1132
481,1221
481,1155
482,504
483,1351
483,981
484,1132
484,504
484,1441
485,1396
485,660
485,1439
486,1459
487,684
488,575
488,730
489,1548
490,709
491,688
492,1210
492,1060
492,820
493,1015
493,1078
493,1233
494,1407
494,1318
494,712
495,689
495,1450
495,1409
496,1362
496,561
496,1209
496,1317
498,693
498,1364
499,1580
499,1516
500,783
500,611
501,698
501,566
502,635
502,938
502,849
503,675
503,938
503,895
503,678
504,742
504,1048
505,1115
505,547
505,1091
506,1133
506,1485
506,1397
507,1481
507,1417
507,637
508,1395
508,576
510,1527
511,906
511,948
512,993
512,664
512,620
513,970
513,730
513,1191
513,731
514,991
514,1058
514,1234
514,600
515,1232
515,1082
515,775
515,1298
516,668
516,605
516,1472
516,1452
517,1102
517,1124
517,1212
518,647
518,1581
518,1342
519,539
519,716
520,565
520,695
521,826
522,892
522,827
522,718
523,544
523,656
523,850
524,1068
524,656
524,566
524,875
525,767
525,1004
525,830
526,938
526,724
526,918
526,1265
527,1394
527,746
527,573
527,659
528,1285
528,1112
528,1201
528,1375
529,616
529,1242
530,1331
530,1506
530,1352
531,728
533,620
533,947
533,552
534,992
534,601
534,598
535,886
535,1104
535,776
536,1017
536,993
536,948
537,690
537,755
537,1059
537,904
538,798
538,648
538,1277
538,539
539,1101
539,1320
540,1536
540,1387
540,1322
540,1540
541,1449
541,1494
542,564
542,694
542,606
543,630
543,629
544,872
545,807
546,784
546,936
547,611
547,567
547,1025
548,1002
548,636
548,1025
549,897
549,1025
549,572
549,1005
550,789
550,1397
550,1441
550,1417
551,1398
552,1440
553,1570
554,639
555,684
555,623
555,771
555,949
556,622
556,755
556,663
557,1126
557,799
558,1257
558,1255
558,777
558,1105
559,1210
559,604
559,1148
560,1449
560,1275
560,647
560,1517
561,1405
561,1474
562,1386
563,607
563,1579
563,1450
563,716
564,1495
564,652
565,676
565,716
567,870
567,653
567,871
568,871
568,982
569,828
569,851
569,1244
570,1093
570,1308
570,808
570,854
571,746
571,1352
571,1265
572,1308
572,1507
573,1351
573,1418
574,727
574,1503
575,619
575,729
576,641
577,992
577,666
578,949
578,1037
579,929
579,1211
579,1078
579,818
580,1057
580,1166
580,1254
580,689
581,688
581,1102
581,1081
581,1035
582,603
582,1235
582,692
583,1299
583,734
583,714
584,717
584,651
586,674
586,1452
587,892
587,589
588,655
588,677
588,632
589,874
590,656
590,894
590,849
591,657
591,1222
591,786
591,852
592,1243
592,1046
592,742
593,1375
593,1355
593,1442
593,1464
594,833
594,1351
594,749
594,813
595,1331
595,1484
595,725
596,707
597,686
598,752
599,708
600,623
600,904
601,669
601,817
601,1188
602,821
602,1124
602,905
603,1278
603,1232
603,801
604,1408
605,1362
606,735
606,714
607,653
607,1561
608,673
608,784
609,694
609,718
609,785
610,1092
610,721
610,960
611,853
611,897
612,722
612,959
612,1113
612,1290
613,1332
613,940
613,1224
613,1114
614,747
614,790
614,941
615,1373
615,748
615,1199
616,811
616,1311
616,1354
617,1376
617,1569
618,1526
619,1571
620,683
621,795
621,885
621,815
622,1124
622,861
623,669
623,798
624,668
624,643
624,844
625,862
625,671
625,1254
625,779
626,1189
626,822
626,1560
626,779
627,803
627,1279
627,1581
628,717
630,1583
632,1047
633,806
633,984
634,1027
634,699
634,832
634,1178
635,917
635,1029
636,743
636,765
637,919
637,1137
637,725
638,682
638,1549
638,814
640,642
640,1550
641,796
642,903
643,798
644,1059
644,688
645,907
645,732
645,665
646,1298
646,713
646,1058
646,689
647,930
647,1083
648,1539
648,1472
649,825
649,1580
650,1453
650,1406
650,1430
650,673
652,760
652,782
652,696
653,937
654,674
654,849
654,893
655,1112
655,786
655,1005
656,808
657,679
657,1203
657,1199
658,1508
658,769
658,940
658,704
659,681
659,1526
659,1399
660,921
660,878
660,1418
661,770
661,1461
662,902
662,1504
663,709
664,947
664,905
664,773
665,863
665,861
666,711
666,796
667,1102
667,819
667,1080
668,888
668,1279
669,1214
669,1016
670,1431
670,1319
670,1192
670,1232
671,1323
671,822
672,1473
673,1538
673,827
674,937
674,739
675,721
676,677
676,916
676,874
677,1046
677,765
678,919
678,807
678,1004
679,1290
679,942
679,1092
680,942
680,789
680,1419
680,1266
681,834
681,985
681,1395
682,791
682,771
685,838
685,927
687,863
688,906
689,1040
690,1453
690,1387
690,996
691,733
691,1321
691,845
691,1167
692,1432
692,758
693,824
693,868
695,715
696,871
697,872
697,718
697,960
698,810
699,1090
699,1091
700,916
700,1287
700,1158
700,875
701,1093
701,809
701,854
701,747
702,1223
702,1552
702,1464
702,898
703,856
703,1159
703,1418
704,880
704,835
705,1574
705,726
705,859
707,770
707,904
708,794
709,1058
710,995
710,1212
710,1169
711,1323
711,884
711,1059
712,953
712,1018
712,1103
713,1319
713,756
713,1105
714,1561
714,844
715,1322
716,848
717,762
719,914
719,873
719,852
720,1003
720,851
720,1136
720,722
721,741
722,809
722,959
723,1073
723,1355
723,917
723,1332
724,1462
724,942
724,1072
725,1245
725,1159
726,858
726,877
727,902
729,859
730,881
730,775
731,908
731,775
731,839
732,992
732,1124
732,908
733,1148
733,819
733,930
734,736
734,865
734,1213
735,1039
735,1432
735,1212
736,888
736,1300
736,1298
737,780
737,1560
739,915
739,826
740,873
741,895
741,1113
741,827
742,896
743,1093
743,1116
743,1203
744,986
744,830
744,1113
744,851
745,919
745,1465
745,918
745,897
746,1509
746,769
747,1396
748,988
748,1487
749,1420
749,882
749,1551
750,1570
751,926
751,881
753,906
753,1123
753,772
753,755
754,840
754,1255
754,773
755,1324
756,1345
756,1389
756,994
757,778
757,1041
757,1301
757,1363
758,1583
758,822
759,1516
759,1452
760,825
761,912
761,780
762,937
763,1069
764,806
765,1004
766,1070
766,1309
766,1353
766,1028
767,1027
767,1310
767,1266
768,1135
768,769
768,1009
768,1006
769,792
771,1528
772,883
772,948
774,992
774,994
774,973
774,1013
775,929
776,1302
776,886
776,996
777,1194
777,1168
777,1237
778,1061
778,1083
778,976
779,1496
779,1193
780,824
780,1475
781,1517
781,866
782,846
783,935
784,939
785,808
785,1114
786,1157
787,942
787,1114
787,854
787,832
788,1311
788,1180
788,1486
788,921
789,1029
789,961
790,1051
790,813
790,1375
791,857
791,1486
792,1463
792,1466
794,795
796,1013
797,973
797,841
798,1125
799,975
799,1211
800,1106
800,1342
800,820
800,1062
801,1060
801,1517
801,889
802,1410
802,956
802,1543
802,1364
805,935
805,1023
806,829
807,1005
808,916
809,1003
809,1246
810,960
810,941
810,1398
811,1379
811,1028
811,1356
812,857
812,1050
812,831
812,1313
813,1528
813,986
814,859
816,881
816,903
817,948
818,1036
820,1123
820,1344
821,1169
821,1126
821,1235
822,1019
823,1151
823,1520
823,1213
824,1409
824,1454
828,895
829,831
829,984
830,941
830,850
831,1248
831,1377
832,1051
832,1048
833,1270
833,1269
833,1423
834,1552
834,1009
834,1137
835,1507
835,1485
835,987
836,1571
836,1463
836,859
837,1056
839,841
839,949
840,949
841,860
842,995
842,950
842,1192
843,1170
843,1236
843,1038
843,885
844,1455
844,1105
845,1085
845,1019
845,954
846,1259
846,1041
846,1476
847,1000
847,956
847,869
848,870
848,869
850,936
852,896
852,1112
853,1073
853,1312
853,1116
854,1310
855,1532
855,1270
855,1554
855,1421
856,944
856,989
857,968
857,1572
858,991
860,947
860,927
861,994
861,946
862,930
862,1014
863,887
864,1126
864,1017
864,1300
864,997
865,886
865,1519
865,1455
866,1520
866,1518
866,976
867,1475
867,953
867,1022
868,999
873,1026
873,1202
874,1069
874,1203
875,1008
875,1049
876,1205
876,1245
876,1227
876,1072
877,965
877,1094
877,1354
878,1531
878,1333
879,1441
879,1096
879,1379
880,966
882,883
883,1037
884,970
884,1101
885,1235
886,1346
887,1149
887,1019
887,1477
888,1413
889,1433
889,996
890,1387
890,1474
890,1518
890,957
891,1497
891,1021
891,1065
891,957
892,1068
892,1024
893,1132
894,1045
895,940
896,918
896,1289
897,1006
898,1333
898,1135
898,1288
899,1554
899,1117
899,988
899,962
900,1051
900,1573
900,1076
901,1378
901,1380
901,1531
902,947
902,1057
905,1014
905,1190
906,1125
907,927
907,972
907,1233
908,1259
908,1039
909,1147
909,1565
909,1365
909,1150
910,1082
910,912
910,1522
910,1430
911,1544
911,1258
911,1519
912,1496
912,1021
913,1002
915,1134
916,1133
917,962
918,1094
919,1135
920,1313
920,1424
920,1529
920,1356
921,1291
921,1161
922,1184
922,1119
922,1138
922,1118
923,1421
924,1034
924,1097
924,969
926,1079
927,1166
928,1081
928,951
929,1278
930,931
931,977
931,1037
931,1499
932,1278
932,1129
932,1325
933,1410
933,1563
933,999
933,1279
934,1110
934,1433
934,953
934,1109
935,980
936,1067
938,940
939,1006
939,1221
939,1157
941,1422
943,1116
943,1336
943,1183
944,1160
944,1464
944,1487
945,1161
945,1099
945,1030
946,1078
950,1127
950,1256
951,1365
951,1084
951,1062
952,995
952,1040
952,1346
952,1212
953,1042
954,1127
954,1518
955,1370
955,1238
957,1043
959,1088
961,985
961,1203
962,1357
962,1049
963,1158
963,1159
963,1224
963,1267
964,985
964,1206
964,1466
965,1357
965,1398
965,1529
966,1400
966,1443
966,1467
967,1207
967,1552
967,1206
968,1076
968,1121
968,1208
969,1165
969,1142
970,1015
971,1210
971,1081
972,1168
972,1035
973,1062
973,1106
974,1301
974,1060
974,1434
974,1063
975,1457
975,1041
975,1128
976,1258
977,1085
977,1063
977,1540
978,1518
978,1411
980,1045
980,1001
981,1111
982,1178
983,1268
983,1134
983,1137
984,1204
984,1290
985,1161
986,1181
986,1246
987,1355
987,1445
988,1228
988,1442
989,1532
989,1012
991,1209
993,1148
994,1256
995,1255
996,1085
997,1478
997,1173
997,1368
998,1153
998,1193
998,1108
1000,1541
1000,1174
1001,1218
1002,1068
1003,1069
1003,1136
1005,1245
1006,1292
1007,1140
1007,1073
1007,1223
1007,1138
1008,1029
1008,1358
1009,1466
1010,1468
1010,1142
1010,1033
1011,1120
1011,1143
1012,1186
1012,1143
1013,1077
1015,1103
1015,1038
1016,1102
1017,1257
1017,1080
1018,1521
1018,1301
1018,1107
1019,1282
1020,1192
1020,1236
1020,1303
1021,1562
1022,1176
1024,1046
1025,1176
1026,1158
1027,1245
1027,1223
1028,1159
1028,1336
1029,1335
1030,1531
1030,1311
1030,1140
1031,1422
1031,1425
1033,1164
1034,1122
1034,1036
1035,1081
1036,1079
1038,1343
1038,1388
1039,1234
1039,1238
1040,1172
1040,1280
1042,1566
1042,1347
1043,1044
1044,1174
1045,1130
1046,1221
1047,1202
1047,1267
1047,1288
1048,1309
1048,1134
1049,1269
1049,1181
1050,1201
1050,1073
1050,1509
1051,1095
1052,1315
1052,1207
1052,1444
1052,1312
1053,1295
1053,1446
1053,1272
1054,1315
1054,1250
1054,1382
1055,1098
1055,1100
1055,1295
1056,1099
1056,1163
1060,1236
1061,1080
1061,1323
1061,1083
1062,1347
1063,1108
1063,1369
1064,1521
1064,1239
1064,1304
1065,1067
1066,1520
1068,1264
1069,1264
1070,1243
1070,1200
1071,1221
1071,1160
1072,1486
1072,1138
1074,1075
1074,1529
1074,1467
1075,1225
1075,1097
1076,1098
1076,1164
1077,1164
1078,1187
1079,1121
1080,1146
1082,1168
1082,1409
1083,1388
1084,1410
1084,1107
1085,1544
1086,1519
1086,1324
1087,1392
1088,1111
1089,1242
1090,1220
1091,1134
1092,1204
1092,1309
1093,1136
1094,1312
1094,1468
1095,1247
1095,1512
1095,1576
1096,1447
1096,1490
1096,1163
1097,1575
1098,1162
1101,1275
1104,1211
1104,1123
1104,1105
1106,1152
1106,1324
1107,1545
1107,1500
1108,1454
1108,1456
1109,1433
1109,1369
1111,1241
1111,1306
1113,1202
1114,1244
1115,1292
1115,1244
1115,1225
1116,1510
1117,1354
1117,1137
1117,1314
1118,1575
1119,1228
1119,1380
1120,1554
1120,1141
1120,1187
1121,1122
1122,1361
1125,1237
1125,1191
1126,1192
1127,1169
1127,1347
1128,1543
1128,1431
1128,1390
1129,1391
1129,1171
1130,1435
1130,1563
1131,1151
1131,1239
1132,1241
1135,1157
1136,1157
1138,1268
1139,1574
1139,1227
1139,1403
1139,1246
1141,1274
1142,1383
1142,1231
1143,1295
1144,1185
1144,1274
1145,1296
1146,1386
1146,1341
1146,1321
1147,1322
1147,1193
1147,1236
1148,1277
1149,1346
1149,1280
1149,1215
1150,1542
1150,1171
1150,1411
1151,1432
1152,1215
1152,1348
1153,1565
1153,1478
1153,1175
1154,1502
1154,1199
1155,1218
1155,1351
1155,1287
1156,1176
1158,1181
1160,1511
1160,1179
1161,1469
1162,1424
1163,1359
1163,1295
1165,1340
1165,1250
1167,1231
1167,1253
1169,1213
1170,1543
1170,1369
1170,1237
1171,1345
1171,1304
1172,1436
1172,1260
1172,1543
1173,1302
1173,1520
1174,1326
1177,1285
1177,1197
1179,1200
1179,1244
1180,1335
1180,1291
1180,1290
1181,1270
1182,1533
1182,1378
1182,1402
1182,1333
1183,1381
1183,1400
1183,1490
1184,1487
1184,1489
1184,1401
1186,1577
1187,1320
1188,1234
1189,1363
1189,1278
1189,1235
1190,1430
1190,1343
1191,1431
1191,1364
1193,1260
1194,1368
1195,1413
1195,1458
1195,1306
1196,1566
1196,1372
1196,1302
1197,1348
1198,1524
1198,1437
1201,1334
1202,1332
1204,1224
1204,1337
1206,1249
1208,1446
1209,1447
1210,1361
1211,1409
1213,1233
1214,1390
1214,1345
1215,1347
1215,1366
1216,1435
1216,1388
1217,1302
1217,1305
1218,1460
1219,1350
1222,1375
1222,1289
1223,1247
1224,1310
1225,1289
1225,1267
1226,1490
1226,1509
1226,1489
1227,1467
1228,1339
1228,1555
1229,1448
1229,1249
1229,1558
1229,1445
1230,1492
1230,1513
1233,1366
1234,1407
1237,1476
1238,1281
1238,1367
1240,1459
1240,1481
1242,1288
1242,1349
1246,1421
1247,1293
1247,1380
1248,1488
1248,1577
1248,1334
1249,1294
1249,1272
1251,1402
1252,1426
1253,1277
1256,1345
1257,1434
1257,1325
1258,1412
1259,1412
1260,1437
1260,1280
1262,1282
1263,1374
1263,1327
1264,1461
1266,1286
1266,1378
1267,1484
1268,1445
1268,1508
1269,1271
1270,1531
1271,1510
1271,1534
1271,1400
1273,1489
1273,1380
1274,1296
1276,1365
1276,1317
1277,1430
1279,1343
1280,1474
1281,1479
1281,1545
1282,1324
1283,1390
1283,1564
1284,1501
1284,1522
1284,1521
1285,1567
1286,1350
1288,1442
1289,1508
1291,1553
1291,1555
1292,1530
1292,1465
1293,1574
1293,1312
1293,1553
1297,1404
1298,1341
1299,1300
1299,1363
1299,1408
1300,1498
1301,1478
1303,1371
1304,1370
1305,1392
1306,1501
1307,1353
1307,1415
1308,1331
1309,1394
1310,1420
1311,1552
1313,1314
1314,1576
1315,1491
1315,1555
1318,1426
1319,1558
1319,1428
1320,1407
1320,1452
1321,1385
1321,1497
1322,1366
1323,1521
1325,1414
1325,1370
1326,1502
1327,1544
1328,1438
1328,1391
1328,1547
1328,1459
1329,1374
1329,1458
1329,1569
1330,1524
1330,1548
1332,1506
1333,1529
1334,1532
1334,1422
1335,1379
1337,1466
1338,1468
1339,1403
1340,1425
1340,1579
1341,1495
1341,1516
1343,1475
1344,1499
1344,1364
1346,1348
1348,1523
1352,1505
1353,1420
1354,1400
1355,1530
1356,1511
1357,1443
1357,1425
1358,1379
1358,1513
1359,1403
1359,1554
1359,1488
1360,1577
1360,1382
1360,1427
1361,1494
1365,1454
1366,1368
1367,1478
1367,1434
1368,1369
1371,1392
1372,1505
1374,1376
1376,1421
1376,1396
1377,1463
1377,1573
1377,1423
1381,1557
1381,1577
1383,1468
1384,1493
1385,1560
1385,1386
1387,1475
1388,1411
1389,1457
1389,1542
1389,1566
1390,1477
1392,1460
1395,1460
1397,1507
1397,1441
1399,1419
1399,1401
1401,1444
1402,1535
1403,1423
1404,1556
1405,1447
1408,1453
1408,1562
1410,1476
1413,1563
1415,1416
1415,1436
1416,1570
1419,1465
1420,1505
1423,1469
1424,1578
1425,1535
1426,1472
1427,1428
1428,1451
1429,1579
1432,1539
1435,1546
1438,1527
1439,1462
1440,1572
1442,1530
1444,1508
1445,1512
1446,1511
1446,1535
1447,1514
1450,1470
1451,1537
1451,1474
1453,1541
1454,1540
1456,1522
1464,1527
1465,1551
1471,1494
1473,1517
1476,1477
1483,1549
1483,1503
1485,1549
1486,1553
1492,1515
1492,1559
1493,1581
1495,1541
1495,1515
1497,1583
1497,1538
1499,1500
1500,1542
1501,1524
1503,1523
1507,1550
1509,1555
1510,1576
1514,1533
1516,1561
1526,1569
1528,1573
1533,1579
1539,1562
1540,1582
1542,1564
1563,1565
