0,739
0,674
0,173
0,849
1,912
1,782
1,911
1,890
2,1519
2,956
2,198
2,1432
3,1195
3,1346
3,1500
3,90
4,1022
4,1412
4,1198
4,1065
5,1262
5,1109
5,313
5,400
6,1217
6,1371
6,1458
6,1482
7,334
7,1374
7,29
7,160
8,1440
8,182
8,183
8,641
9,376
9,1463
9,1547
9,1569
10,1377
10,270
10,228
10,1528
11,1033
11,835
11,143
11,791
12,750
12,946
12,35
12,207
13,1380
13,1051
13,967
13,1008
14,1204
14,1073
14,922
14,124
15,1531
15,1444
15,1337
15,1576
16,1470
16,1471
16,1491
16,1206
17,1492
17,125
17,279
17,60
18,630
18,389
18,1340
18,1579
19,496
19,300
19,434
19,651
20,604
20,107
20,170
20,344
21,456
21,86
21,1409
21,1561
22,825
22,45
22,1563
22,155
23,998
23,131
23,1412
23,1565
24,156
24,1258
24,1562
24,1391
25,242
25,1131
25,1194
26,1042
26,1021
26,1325
26,94
27,1525
27,159
27,134
27,377
28,113
28,510
28,422
28,1527
29,683
29,357
29,158
30,685
30,32
30,1418
30,356
31,660
31,747
31,595
31,793
32,618
32,791
32,748
33,1574
33,1075
33,791
33,99
34,1228
34,967
34,167
34,1182
35,1033
35,901
35,879
36,1423
36,1012
36,1251
36,144
37,104
37,59
37,1576
37,322
38,1229
38,105
38,1253
38,1315
39,1382
39,1341
39,496
39,169
40,279
40,64
40,541
40,63
41,609
41,388
41,1449
41,1518
42,629
42,761
42,1430
42,1496
43,107
43,979
43,89
43,715
44,152
44,1539
44,936
44,736
45,86
45,976
45,218
46,67
46,112
46,1327
46,936
47,1521
47,89
47,1390
47,1063
48,1173
48,114
48,134
48,1242
49,357
49,353
49,1565
49,1392
50,445
50,530
50,507
50,1286
51,1461
51,1417
51,205
51,533
52,706
52,358
52,1524
52,1394
53,229
53,467
53,1570
53,142
54,663
54,466
54,117
54,925
55,164
55,1507
55,943
55,1441
56,1076
56,75
56,253
56,1053
57,968
57,1488
57,1205
57,1271
58,945
58,1095
58,102
58,1074
59,78
59,279
59,322
60,1339
60,476
60,237
61,125
61,1383
61,215
61,346
62,1317
62,1578
62,171
62,584
63,213
63,606
63,171
64,194
64,1536
64,87
65,1431
65,696
65,240
65,1541
66,736
66,1088
66,827
66,956
67,241
67,803
67,781
68,243
68,1065
68,868
68,1219
69,1262
69,1325
69,1502
69,1303
70,1459
70,1501
70,1284
70,1436
71,94
71,1240
71,1374
71,355
72,1306
72,1506
72,421
72,203
73,1351
73,161
73,1569
73,268
74,378
74,727
74,728
74,465
75,490
75,598
75,881
76,251
76,100
76,707
76,836
77,989
77,1465
77,1074
77,186
78,1076
78,1183
78,836
79,232
79,1098
79,1141
79,1424
80,1338
80,1318
80,192
80,1491
81,1580
81,1427
81,430
81,1274
82,1340
82,1468
82,1295
82,388
83,389
83,1318
83,431
83,1580
84,343
84,1472
84,542
84,1535
85,1540
85,327
85,457
85,1558
86,783
86,824
87,867
87,216
87,130
88,196
88,1042
88,846
88,1022
89,1195
89,265
90,997
90,1237
90,1085
91,1173
91,1020
91,242
91,244
92,1153
92,1348
92,115
92,1132
93,1461
93,1263
93,115
93,94
94,113
95,1440
95,684
95,1439
95,553
96,138
96,1483
96,181
96,488
97,860
97,771
97,903
97,269
98,252
98,617
98,294
98,1553
99,1488
99,988
99,1485
100,1486
100,273
100,1076
101,1096
101,320
101,1380
101,1293
102,321
102,1097
102,1403
103,168
103,254
103,191
103,166
104,1296
104,1559
104,1472
105,128
105,212
105,1447
106,215
106,1517
106,696
106,195
107,477
107,1517
108,478
108,1473
108,153
108,1452
109,132
109,306
109,434
109,1000
110,1564
110,827
110,1565
110,1111
111,177
111,1240
111,1281
111,1024
112,1283
112,220
112,200
113,136
113,375
114,245
114,288
114,1391
115,397
115,1523
116,577
116,1438
116,595
116,336
117,465
117,162
117,315
118,1572
118,1548
118,511
118,531
119,793
119,638
119,162
119,817
120,1009
120,922
120,317
120,122
121,253
121,965
121,900
121,274
122,966
122,1338
122,1532
123,1162
123,922
123,1487
123,1553
124,1554
124,387
124,1403
125,1141
125,301
126,258
126,540
126,608
126,148
127,195
127,478
127,1383
127,323
128,413
128,432
128,301
129,499
129,848
129,391
129,566
130,694
130,412
130,828
131,913
131,761
131,826
132,979
132,913
132,806
133,1413
133,954
133,868
133,977
134,933
134,1414
135,1391
135,1022
135,1372
135,1172
136,1304
136,1328
136,286
137,1415
137,1348
137,375
137,443
138,444
138,1570
138,486
139,683
139,619
139,424
139,202
140,272
140,552
140,315
140,662
141,1529
141,751
141,1506
141,401
142,923
142,839
142,944
143,252
143,882
143,793
144,1577
144,1380
144,1098
145,1141
145,1119
145,321
145,1165
146,188
146,1359
146,1139
146,1357
147,1468
147,1361
147,214
147,385
148,169
148,388
148,281
149,168
149,1534
149,1360
149,1581
150,565
150,302
150,610
150,193
151,457
151,193
151,346
151,371
152,523
152,412
152,522
153,1000
153,826
153,763
154,177
154,1196
154,1000
154,913
155,1348
155,1238
155,1347
156,1241
156,1087
156,1502
157,1330
157,1065
157,1108
157,1347
158,397
158,1436
158,1482
159,399
159,1349
159,442
160,1460
160,334
160,267
161,661
161,250
161,728
162,247
162,467
163,1034
163,640
163,1574
163,425
164,988
164,750
164,857
165,318
165,1144
165,989
165,1075
166,944
166,858
166,253
167,1338
167,1186
167,1513
168,236
168,1554
169,1450
169,257
170,1556
170,1296
170,1577
171,216
171,1384
172,741
172,301
172,411
172,781
173,720
173,694
173,673
174,586
174,934
174,959
174,651
175,308
175,806
175,980
175,1520
176,1520
176,262
176,826
176,915
177,1021
177,307
178,1523
178,1393
178,329
178,1370
179,1196
179,352
179,1479
179,1066
180,1480
180,1261
180,267
180,1413
181,1501
181,376
181,290
182,399
182,1502
182,1439
183,358
183,333
183,379
184,446
184,402
184,294
184,618
185,339
185,838
185,533
185,707
186,576
186,1010
186,619
187,1165
187,924
187,209
187,903
188,1337
188,1574
188,1121
189,191
189,1554
189,407
189,1186
190,1314
190,1577
190,1446
190,408
191,1447
191,192
192,541
192,1272
193,454
193,370
194,434
194,475
194,368
195,674
195,305
196,588
196,674
196,693
197,1087
197,1088
197,804
197,522
198,1285
198,1239
198,1111
199,1086
199,263
199,1521
199,373
200,1436
200,1307
200,243
201,1394
201,398
201,332
201,464
202,1437
202,1567
202,287
203,420
203,463
203,205
204,665
204,507
204,1527
204,377
205,730
205,770
206,643
206,665
206,468
206,535
207,469
207,948
207,1057
208,293
208,426
208,362
208,1053
209,1054
209,902
209,294
210,1358
210,1295
210,1142
210,1165
211,1425
211,1340
211,409
211,1402
212,496
212,1471
212,1294
213,430
213,1251
213,1536
214,1425
214,280
214,1383
215,259
215,479
216,236
216,564
217,589
217,545
217,284
217,912
218,676
218,239
218,502
219,262
219,370
219,1175
219,1153
220,330
220,1153
220,1068
221,416
221,955
221,1350
221,1479
222,1327
222,333
222,1110
222,266
223,1216
223,246
223,1328
223,266
224,356
224,1502
224,1570
224,269
225,467
225,401
225,291
225,1372
226,599
226,1571
226,463
226,1481
227,771
227,290
227,292
227,421
228,726
228,794
228,904
229,840
229,663
229,554
230,1055
230,881
230,293
230,274
231,881
231,251
231,924
231,1230
232,1184
232,1119
232,1403
233,1471
233,1164
233,1402
233,1208
234,277
234,454
234,1253
234,299
235,1469
235,1406
235,1559
235,1537
236,1578
236,1538
237,326
237,479
237,476
238,475
238,563
238,434
238,720
239,737
239,261
239,847
240,848
240,804
240,738
241,501
241,415
241,1133
242,1089
242,265
243,1173
243,1522
244,1306
244,1373
244,1481
245,310
245,506
245,398
246,1566
246,331
246,1549
247,621
247,1504
247,354
248,445
248,1548
248,620
248,488
249,468
249,508
249,705
249,400
250,579
250,1013
250,491
251,925
251,989
252,403
252,360
253,339
254,1077
254,1140
254,1054
255,1227
255,1341
255,1275
255,1557
256,1533
256,1447
256,473
256,1361
257,1406
257,562
257,278
258,346
258,1517
258,476
259,588
259,717
259,871
260,785
260,589
260,324
260,738
261,958
261,957
261,981
262,937
262,959
263,1044
263,1199
263,373
264,1065
264,1306
264,1132
264,1113
265,1200
265,287
266,1437
266,442
267,506
267,1153
268,532
268,464
268,575
269,288
269,379
270,620
270,596
270,402
271,360
271,904
271,1548
271,730
272,883
272,644
272,339
273,380
273,445
273,838
274,337
274,796
275,1163
275,1033
275,277
275,880
276,1318
276,342
276,946
276,319
277,1294
277,430
278,1141
278,1188
278,1315
279,1273
280,391
280,1473
280,367
281,389
281,1493
281,392
282,369
282,630
282,567
282,825
283,673
283,520
283,543
283,608
284,957
284,655
284,676
285,352
285,784
285,804
285,1133
286,1044
286,999
286,915
287,399
287,1086
288,1566
288,1264
289,444
289,1483
289,1415
289,1304
290,1305
290,1307
291,489
291,1568
291,335
292,707
292,1526
292,403
293,316
293,422
294,772
295,816
295,991
295,470
295,1078
296,428
296,837
296,794
296,1014
297,340
297,1254
297,1210
297,1035
298,1185
298,517
298,1294
298,1165
299,497
299,1188
299,1402
300,1493
300,1514
300,1209
301,1340
302,1558
302,542
302,1493
303,1516
303,1582
303,870
303,480
304,718
304,721
304,456
304,477
305,326
305,521
305,784
306,391
306,504
306,1000
307,806
307,459
307,999
308,1265
308,1199
308,1243
309,331
309,439
309,1546
309,1025
310,417
310,332
310,1283
311,1329
311,487
311,1261
311,1525
312,355
312,573
312,1307
312,1435
313,1523
313,359
313,1525
314,643
314,380
314,639
314,446
315,662
315,554
316,840
316,992
316,774
317,859
317,815
317,688
318,427
318,970
318,341
319,1252
319,340
319,537
320,1362
320,1121
320,1145
321,1315
321,1428
322,1534
322,1381
323,542
323,1577
323,607
324,345
324,474
324,1428
325,720
325,782
325,761
325,520
326,432
326,937
327,805
327,390
327,630
328,1113
328,435
328,414
328,1110
329,873
329,480
329,807
330,1134
330,1198
330,1109
331,438
331,1568
332,550
332,485
333,551
333,1416
334,1483
334,1481
335,618
335,661
335,578
336,663
336,882
336,686
337,620
337,446
337,448
338,1056
338,384
338,1011
338,642
339,555
340,993
340,1233
341,1316
341,1207
341,515
342,1123
342,471
342,429
343,1558
343,1450
343,1228
344,1515
344,1537
344,1517
345,1514
345,474
345,672
346,587
347,433
347,938
347,719
347,544
348,829
348,851
348,1002
348,935
349,914
349,456
349,742
349,892
350,1088
350,850
350,696
350,983
351,1156
351,1043
351,1157
351,548
352,982
352,1174
353,1371
353,1351
353,395
354,505
354,1396
354,1374
355,1416
355,1459
356,1505
356,358
357,1459
357,1547
358,839
359,490
359,534
359,465
360,775
360,534
361,405
361,773
361,991
361,1146
362,797
362,1013
362,861
363,1276
363,1056
363,448
363,382
364,1142
364,383
364,1384
364,1515
365,411
365,1516
365,1472
365,1251
366,1560
366,1339
366,1405
366,385
367,585
367,631
367,543
368,498
368,1581
369,718
369,1536
369,629
370,675
370,765
371,698
371,633
371,1090
372,785
372,1003
372,1004
372,830
373,439
373,569
374,1460
374,1003
374,376
374,1262
375,463
375,1373
376,509
377,1349
377,1571
378,509
378,750
378,510
379,664
379,597
380,642
380,949
381,534
381,906
381,424
381,815
382,993
382,447
382,601
383,993
383,905
383,1101
384,1188
384,861
384,449
385,1186
385,472
386,1185
386,518
386,562
386,604
387,1319
387,407
387,1361
388,432
389,607
390,436
390,1579
390,783
391,435
392,763
392,457
392,830
393,481
393,698
393,1155
393,1026
394,1222
394,892
394,1047
394,1048
395,525
395,1046
395,568
396,1245
396,419
396,1287
396,437
397,1524
397,1396
398,1329
398,420
399,1350
400,639
400,402
401,465
401,795
402,903
403,426
403,509
404,841
404,493
404,448
404,1057
405,513
405,928
405,927
406,1121
406,1231
406,1233
406,754
407,450
407,1407
408,1492
408,517
408,1360
409,605
409,1208
409,1383
410,1408
410,1448
410,1382
410,1578
411,1558
411,1427
412,719
412,1449
413,851
413,478
413,651
414,786
414,633
414,762
415,591
415,612
415,763
416,807
416,632
416,1068
417,418
417,1177
417,1112
418,592
418,528
418,1047
419,1547
419,1242
419,1436
420,1437
420,615
421,487
421,1546
422,552
422,530
423,683
423,709
423,642
423,772
424,884
424,815
425,642
425,729
425,448
426,798
426,557
427,492
427,906
427,1079
428,1166
428,623
428,602
429,1231
429,1297
429,1473
430,1581
431,605
431,451
431,1407
432,1448
433,457
433,500
433,1491
435,612
435,764
436,566
436,1025
436,808
437,590
437,524
437,609
438,894
438,677
438,1003
439,1134
439,1309
440,637
440,1134
440,1439
440,486
441,636
441,571
441,659
441,658
442,1441
442,486
443,1351
443,638
443,1328
444,573
444,1417
445,665
446,793
447,970
447,512
447,863
449,645
449,1034
449,472
450,1167
450,645
450,1147
451,1099
451,1405
451,1342
452,559
452,1384
452,626
452,1580
453,1382
453,1582
453,1470
453,605
454,628
454,1360
455,543
455,478
455,1493
455,1535
456,872
458,608
458,502
458,565
458,543
459,870
459,654
459,1024
460,1114
460,896
460,568
460,569
461,1351
461,1352
461,894
461,1175
462,1395
462,1548
462,1265
462,1569
463,1263
464,510
464,1352
466,1568
466,511
466,1524
467,666
468,774
468,576
469,730
469,1147
469,1035
470,1166
470,729
470,1060
471,1233
471,991
471,687
472,1405
472,1230
473,1252
473,1274
473,1321
474,1427
474,516
475,695
475,604
476,607
477,717
477,1492
479,609
479,652
480,961
480,765
481,549
481,1067
481,982
482,504
482,937
482,722
482,1309
483,1133
483,1350
483,1220
483,1136
484,1461
484,1221
484,1418
484,1395
485,724
485,1286
485,703
486,1550
487,576
487,1419
488,1526
488,729
489,639
489,554
489,597
490,818
490,555
491,773
491,863
491,666
492,625
492,1059
492,950
493,756
493,1298
493,1082
494,1235
494,1015
494,1319
494,1297
495,1081
495,1100
495,514
495,689
496,516
497,648
497,1364
497,1538
498,1385
498,540
498,649
499,563
499,588
499,521
500,653
500,805
500,501
501,521
501,959
502,653
502,721
503,636
503,1158
503,808
503,698
504,1045
504,1046
505,616
505,528
505,1331
506,704
506,1397
507,1373
507,1485
508,1419
508,1459
508,1547
509,663
510,621
511,839
511,555
512,667
512,728
512,949
513,665
513,882
513,1037
514,710
514,646
514,1101
515,1343
515,884
515,1035
516,1101
516,1014
517,1145
517,714
518,1496
518,627
518,1515
519,1557
519,739
519,606
519,1405
520,652
520,716
521,893
522,697
522,852
523,1005
523,895
523,980
524,569
524,831
524,1002
525,1132
525,788
525,1004
526,896
526,613
526,1155
526,743
527,678
527,1243
527,1484
527,1111
528,725
528,1220
529,551
529,1506
529,748
529,572
530,531
530,747
531,1550
531,750
532,685
532,772
532,771
533,708
533,640
534,881
535,947
535,731
535,754
536,1126
536,1058
536,799
536,948
537,712
537,774
537,1081
538,1190
538,1275
538,1277
538,971
539,778
539,1123
539,1189
539,691
540,1579
540,649
541,1364
541,760
542,1448
544,959
544,742
544,738
545,654
545,939
545,784
546,983
546,592
546,657
546,786
547,958
547,679
547,786
547,1005
548,1245
548,658
548,681
549,573
549,616
549,550
550,1398
550,594
551,1526
551,1463
552,792
552,1551
553,619
553,685
553,705
554,1571
555,666
556,622
556,686
556,1059
556,863
557,885
557,710
557,799
558,864
558,1322
558,647
558,886
559,1212
559,735
559,885
560,670
560,1187
560,799
560,1560
561,1406
561,1210
561,1449
561,716
562,672
562,1429
563,1514
563,696
564,585
564,631
564,650
565,629
565,1559
566,676
566,917
567,783
567,915
567,1112
568,872
568,655
569,701
570,1420
570,809
570,724
570,1200
571,832
571,1243
571,680
572,1222
572,790
572,1550
573,1508
574,1506
574,619
574,1527
574,575
575,726
575,727
576,727
577,730
577,992
577,947
578,600
578,622
578,624
579,864
579,1213
579,1039
580,904
580,974
580,843
580,688
581,712
581,842
581,1323
581,1146
582,626
582,1189
582,1494
582,1408
583,672
583,625
583,780
583,650
584,1362
584,1429
584,1363
585,758
585,604
586,695
586,827
586,1540
587,760
587,629
587,652
588,914
589,871
589,634
590,1157
590,962
590,893
591,785
591,984
591,938
592,1266
592,916
593,1091
593,1005
593,1462
593,1177
594,1244
594,1504
594,770
595,1375
595,1373
596,597
596,835
596,705
597,641
598,817
598,708
598,949
599,706
599,753
599,751
600,992
600,1038
600,751
601,1102
601,690
601,1168
602,1235
602,1344
602,931
603,623
603,649
603,1061
603,755
605,672
606,1320
606,1365
607,674
608,785
609,610
610,739
610,892
611,700
611,721
611,895
611,1027
612,1201
612,897
613,1178
613,918
613,1047
614,1287
614,1352
614,1245
614,1114
615,1265
615,1418
615,704
616,1224
616,1504
617,706
617,771
617,1376
618,1419
620,752
621,925
621,641
622,733
622,842
623,797
623,972
624,1255
624,1037
624,931
625,734
625,865
626,1365
626,627
627,713
627,692
628,1583
628,1495
628,1364
630,893
631,872
631,849
632,873
632,697
632,830
633,851
633,830
634,1049
634,981
634,1093
635,1221
635,1268
635,984
635,1029
636,678
636,1223
637,1178
637,1463
637,659
638,660
638,1354
639,749
640,859
640,837
641,687
643,838
643,884
644,1080
644,1079
644,1167
645,756
645,996
646,862
646,1014
646,1430
647,1254
647,1147
647,1145
648,1409
648,1343
648,713
649,1472
650,1559
650,1451
651,653
652,893
653,1004
654,914
654,983
655,1090
655,787
656,894
656,961
656,1071
656,1090
657,810
657,1308
657,744
658,940
658,1441
659,723
659,745
660,703
660,1332
661,1353
661,1528
662,814
662,1549
664,884
664,749
664,666
667,974
667,817
667,1148
668,690
668,973
668,906
668,732
669,1256
669,1474
669,1213
669,1126
670,759
670,1277
670,1497
671,757
671,716
671,1322
671,1432
673,1561
673,718
675,806
675,958
675,957
676,786
677,827
677,1028
677,1137
678,1157
678,1136
679,1177
679,1070
679,899
680,1005
680,941
680,856
681,1222
681,1092
681,831
682,1331
682,944
683,795
684,708
684,1573
684,796
685,883
686,795
686,837
687,926
687,886
688,1214
688,1125
689,1256
689,927
689,1168
690,1039
690,845
691,1561
691,1149
691,1211
692,1538
692,803
692,1494
693,1563
693,1300
693,1540
694,847
694,1582
695,737
695,871
697,719
697,1069
698,742
699,941
699,850
699,1157
699,915
700,1201
700,1378
700,1268
701,811
701,1202
701,1311
702,1289
702,1288
702,1051
702,1135
703,1464
703,964
704,1551
704,858
705,794
706,752
707,817
708,1036
709,907
709,925
709,1104
710,1125
710,1190
711,1278
711,1256
711,1058
711,1170
712,1060
712,1302
713,1324
713,1255
714,1560
714,1342
714,803
715,1452
715,804
715,1494
716,781
717,719
717,737
718,871
720,962
721,1026
722,1046
722,741
722,1377
723,1356
723,1244
723,1399
724,1376
724,856
725,1355
725,1528
725,900
726,1353
726,1376
727,839
728,969
729,816
731,947
731,1101
731,796
732,929
732,776
733,819
733,1411
733,1018
734,1080
734,822
734,1148
735,868
735,777
735,910
736,868
736,976
737,1408
738,1516
739,740
740,763
740,917
740,850
741,940
741,1092
742,788
743,1092
743,1115
743,1225
744,851
744,920
744,916
745,1181
745,1159
745,1030
746,1071
746,876
746,769
746,1313
747,1442
747,832
748,770
748,858
749,792
749,1552
751,860
752,841
752,794
753,1081
753,927
753,1146
754,950
754,1103
755,994
755,996
755,905
756,888
756,1193
757,1324
757,822
757,995
758,1430
758,1562
758,909
759,1560
759,801
759,778
760,782
760,1519
761,934
762,849
762,891
762,1001
764,962
764,809
764,874
765,1159
765,766
766,942
766,1288
766,1421
767,787
767,1268
767,1222
767,810
768,1072
768,813
768,1375
768,1441
769,1073
769,1247
769,1553
770,945
772,792
773,990
773,1015
774,1104
775,819
775,1018
775,973
776,1146
776,887
776,948
777,909
777,1215
777,1016
778,1169
778,1279
779,889
779,1520
779,1236
779,996
780,975
780,869
780,913
781,935
782,805
783,829
784,895
787,960
787,1246
788,1117
788,963
789,1463
789,1050
789,1356
789,1116
790,1094
790,1115
790,1096
791,1465
792,1011
795,904
796,859
797,841
797,1234
798,975
798,862
798,818
799,1036
800,1453
800,1431
800,1041
800,863
801,1125
801,1541
801,955
802,1564
802,1084
802,1342
802,956
803,912
805,912
807,853
807,895
808,958
808,1002
809,939
809,896
810,1160
810,1332
811,853
811,834
811,896
812,1572
812,1353
812,1007
812,1575
813,1484
813,1440
813,1510
814,1529
814,921
814,967
815,948
816,883
816,836
818,862
818,1124
819,843
819,973
820,1040
820,1256
820,972
820,1017
821,1410
821,928
821,1020
821,1212
822,1366
822,1303
823,1496
823,1279
823,1278
823,843
824,1562
824,1388
824,891
825,1495
825,1432
826,1023
828,1046
828,1068
828,874
829,1049
829,897
831,1160
831,1026
832,1485
832,1203
833,1532
833,899
833,1530
833,1376
834,1094
834,1050
834,1355
835,1510
835,1379
836,1552
837,1032
838,1033
840,1015
840,1147
841,1148
842,950
842,1345
843,1257
844,1281
844,1215
844,1151
844,1366
845,1171
845,908
845,1237
846,996
846,1106
846,1215
847,870
847,1543
848,1542
848,1582
849,891
850,1067
852,873
852,939
852,1071
853,964
853,1378
854,897
854,1334
854,920
854,1267
855,1180
855,1052
855,1290
855,940
856,1377
856,1183
857,1486
857,1532
857,1140
858,859
860,1055
860,926
861,862
861,1057
864,1080
864,1083
865,867
865,1081
865,866
866,997
866,1452
866,1321
867,1195
867,1171
869,954
869,911
869,935
870,957
872,1091
873,1090
874,985
874,1288
875,1420
875,1117
875,918
875,877
876,1029
876,1401
876,1246
877,1159
877,1028
877,1136
878,1249
878,1423
878,986
878,1248
879,1400
879,1467
879,1118
880,1572
880,1552
880,968
882,1122
883,1100
885,1059
885,1235
886,1387
886,1102
887,1365
887,1124
887,1148
888,994
888,1478
888,1497
889,1495
889,1086
889,1238
890,1108
890,1281
890,1498
891,1499
892,1110
894,1156
897,1069
898,1201
898,1487
898,1070
898,942
899,1485
899,1093
900,1465
900,1529
901,1053
901,1032
901,1355
902,1575
902,1531
902,1057
905,990
905,1124
906,951
907,1106
907,1169
907,971
908,1082
908,1346
908,1344
909,1195
909,930
910,1107
910,956
910,1169
911,1411
911,1478
914,938
916,1024
916,917
917,1246
918,1354
918,938
919,1070
919,1048
919,1116
920,1093
920,1508
921,942
921,1356
921,1006
922,1511
923,1444
923,1467
923,1056
924,1077
924,966
926,969
926,1012
927,1058
928,950
928,1079
929,1343
929,1105
929,1016
930,1300
930,1409
930,1106
931,1345
931,973
932,1043
932,1082
932,1257
932,1129
933,1281
933,1217
933,952
934,1583
934,1110
935,1021
936,978
936,1154
937,981
939,985
940,1158
941,1050
941,987
942,1422
943,1442
943,1117
943,1270
944,1249
945,1293
945,1184
946,989
946,968
947,970
949,1167
951,1192
951,1083
951,972
952,1389
952,1235
952,1454
953,1475
953,1474
953,955
953,1060
954,1282
954,1257
955,1128
960,980
960,1003
960,982
961,1028
961,1291
962,1244
963,1030
963,1201
963,1266
964,1312
964,1271
965,1423
965,1335
965,1183
966,1098
966,1467
967,1097
968,1078
969,1079
969,1122
970,1103
971,1015
971,1145
972,1192
974,1193
974,1212
975,1302
975,1239
976,1302
976,1258
977,1023
977,1518
977,1562
978,998
978,1434
978,1260
979,1130
979,1197
980,1024
981,1176
982,1069
983,1223
984,1116
984,1311
985,1443
985,1464
986,1250
986,1028
986,1137
987,1094
987,1573
987,1337
988,1443
988,1573
990,1097
990,1012
991,1012
992,1013
993,1170
994,1324
994,1278
995,1345
995,1171
995,1300
997,1367
997,1193
998,1566
998,1064
999,1066
999,1197
1001,1069
1002,1198
1004,1245
1006,1094
1006,1179
1006,1443
1007,1311
1007,1073
1007,1509
1008,1270
1008,1466
1008,1357
1009,1229
1009,1162
1009,1489
1010,1486
1010,1488
1010,1468
1011,1531
1011,1035
1013,1123
1014,1231
1016,1124
1016,1168
1017,1389
1017,1368
1017,1059
1018,1037
1018,1041
1019,1519
1019,1126
1019,1326
1019,1457
1020,1455
1020,1454
1021,1324
1022,1284
1023,1242
1023,1219
1025,1264
1025,1158
1026,1047
1027,1267
1027,1179
1027,1247
1029,1225
1029,1312
1030,1508
1030,1555
1031,1095
1031,1313
1031,1077
1031,1161
1032,1400
1032,1075
1034,1036
1034,1185
1036,1102
1037,1103
1038,1278
1038,1411
1038,1255
1039,1453
1039,1172
1040,1431
1040,1477
1040,1565
1041,1087
1041,1388
1042,1370
1042,1175
1043,1130
1043,1216
1044,1262
1044,1543
1045,1131
1045,1197
1045,1199
1048,1160
1048,1333
1049,1093
1049,1334
1050,1052
1051,1512
1051,1290
1052,1489
1052,1292
1053,1142
1054,1163
1054,1077
1055,1206
1055,1076
1056,1210
1058,1078
1060,1191
1061,1390
1061,1455
1061,1236
1062,1325
1062,1544
1062,1151
1062,1367
1063,1389
1063,1476
1063,1214
1064,1456
1064,1129
1064,1127
1066,1564
1066,1199
1067,1263
1067,1218
1068,1221
1070,1072
1071,1135
1072,1379
1072,1399
1073,1116
1074,1096
1074,1380
1075,1509
1078,1232
1080,1144
1082,1280
1083,1107
1083,1500
1084,1260
1084,1169
1084,1522
1085,1501
1085,1367
1085,1498
1086,1563
1087,1304
1088,1198
1089,1287
1089,1113
1089,1177
1091,1203
1091,1133
1092,1288
1095,1511
1095,1422
1096,1467
1097,1161
1098,1100
1099,1207
1099,1296
1099,1294
1100,1273
1102,1363
1103,1322
1104,1302
1104,1386
1105,1434
1105,1476
1105,1214
1106,1455
1107,1476
1107,1369
1108,1414
1108,1391
1109,1412
1109,1239
1111,1284
1112,1178
1112,1175
1113,1310
1114,1160
1114,1156
1115,1398
1115,1224
1117,1512
1118,1381
1118,1204
1118,1425
1119,1336
1119,1360
1120,1339
1120,1401
1120,1314
1120,1292
1121,1402
1122,1298
1122,1232
1123,1187
1125,1234
1126,1433
1127,1563
1127,1522
1127,1128
1128,1216
1128,1150
1129,1193
1129,1305
1130,1520
1130,1284
1131,1393
1131,1415
1132,1217
1134,1267
1135,1180
1135,1247
1136,1180
1137,1466
1137,1269
1138,1181
1138,1158
1138,1511
1138,1269
1139,1140
1139,1207
1139,1291
1140,1426
1142,1446
1143,1316
1143,1163
1143,1251
1143,1384
1144,1318
1144,1297
1149,1236
1149,1258
1149,1150
1150,1433
1150,1410
1151,1280
1151,1545
1152,1261
1152,1434
1152,1171
1152,1238
1154,1221
1154,1176
1154,1480
1155,1285
1155,1244
1156,1374
1159,1204
1161,1314
1161,1311
1162,1401
1162,1291
1163,1295
1164,1185
1164,1424
1164,1468
1166,1190
1166,1319
1167,1211
1168,1407
1170,1542
1170,1413
1172,1301
1172,1237
1173,1260
1174,1285
1174,1542
1174,1263
1176,1265
1176,1287
1178,1202
1179,1310
1179,1331
1180,1248
1181,1267
1181,1224
1182,1442
1182,1445
1182,1464
1183,1466
1184,1338
1184,1510
1186,1359
1187,1229
1187,1470
1188,1427
1189,1276
1189,1232
1190,1366
1191,1211
1191,1430
1191,1298
1192,1410
1192,1519
1194,1435
1194,1326
1196,1219
1196,1282
1197,1521
1200,1310
1200,1223
1202,1399
1202,1223
1203,1205
1203,1226
1204,1466
1205,1357
1205,1576
1206,1426
1206,1530
1207,1381
1208,1209
1208,1513
1209,1252
1209,1490
1210,1451
1211,1212
1213,1323
1213,1255
1214,1366
1215,1347
1216,1217
1218,1350
1218,1477
1218,1329
1219,1330
1220,1371
1220,1286
1224,1378
1225,1269
1225,1354
1226,1293
1226,1250
1226,1271
1227,1469
1227,1444
1227,1270
1228,1293
1228,1316
1229,1445
1230,1363
1231,1252
1232,1299
1233,1234
1234,1408
1236,1434
1237,1303
1238,1475
1239,1433
1240,1499
1240,1282
1241,1308
1241,1413
1241,1457
1242,1305
1243,1395
1246,1335
1247,1398
1248,1379
1248,1421
1249,1424
1249,1381
1250,1531
1250,1317
1253,1449
1253,1276
1254,1406
1254,1296
1257,1280
1258,1387
1259,1371
1259,1477
1259,1283
1259,1327
1260,1368
1261,1368
1264,1462
1264,1309
1266,1312
1266,1462
1268,1420
1269,1289
1270,1556
1271,1445
1272,1426
1272,1555
1272,1557
1273,1514
1273,1536
1274,1426
1274,1513
1275,1317
1275,1385
1276,1365
1277,1473
1277,1496
1279,1390
1279,1368
1280,1456
1282,1435
1283,1503
1285,1544
1286,1328
1289,1290
1289,1333
1290,1530
1291,1508
1292,1465
1292,1556
1295,1512
1297,1450
1298,1431
1299,1539
1299,1475
1299,1452
1300,1497
1301,1542
1301,1500
1301,1543
1303,1347
1304,1499
1305,1501
1306,1438
1307,1330
1308,1395
1308,1375
1309,1484
1310,1464
1312,1358
1313,1488
1313,1421
1314,1511
1315,1404
1316,1534
1317,1489
1319,1341
1320,1516
1320,1362
1320,1539
1321,1387
1321,1386
1322,1429
1323,1456
1323,1411
1325,1543
1326,1522
1326,1370
1327,1525
1329,1545
1330,1394
1331,1420
1332,1527
1332,1354
1333,1379
1333,1529
1334,1510
1334,1336
1335,1442
1335,1509
1336,1489
1336,1421
1337,1555
1339,1535
1341,1448
1342,1583
1343,1385
1344,1451
1344,1386
1345,1389
1346,1477
1346,1476
1348,1393
1349,1479
1349,1480
1352,1482
1353,1397
1355,1419
1356,1551
1357,1358
1358,1509
1359,1533
1359,1490
1361,1512
1362,1578
1363,1561
1364,1409
1367,1388
1369,1388
1369,1545
1369,1392
1370,1545
1372,1566
1372,1567
1375,1526
1377,1444
1378,1487
1382,1491
1385,1539
1386,1475
1387,1410
1390,1523
1392,1457
1392,1458
1393,1503
1394,1503
1396,1418
1396,1416
1397,1399
1397,1417
1398,1528
1400,1443
1400,1422
1401,1424
1403,1576
1404,1446
1404,1470
1404,1557
1407,1453
1412,1435
1414,1546
1414,1544
1415,1481
1416,1567
1417,1462
1422,1507
1423,1486
1425,1533
1428,1451
1428,1495
1429,1474
1432,1544
1433,1498
1437,1505
1438,1549
1438,1461
1439,1503
1440,1571
1445,1575
1446,1534
1447,1580
1450,1494
1453,1499
1454,1497
1454,1540
1455,1521
1456,1564
1457,1458
1458,1478
1460,1505
1460,1546
1469,1515
1469,1490
1471,1537
1474,1541
1478,1500
1479,1568
1480,1524
1482,1505
1483,1507
1484,1551
1487,1555
1490,1556
1492,1513
1498,1541
1504,1549
1507,1574
1518,1538
1518,1583
1530,1573
1532,1575
1533,1554
1535,1581
1537,1579
1550,1552
1567,1569
1570,1572
