0,1430
0,866
0,933
0,1344
1,218
1,692
1,2
1,1539
2,1433
2,779
2,1044
3,176
3,155
3,1107
3,24
4,1041
4,1215
4,92
4,1542
5,179
5,287
5,1283
5,51
6,420
6,485
6,224
6,180
7,267
7,1480
7,1524
7,486
8,445
8,684
8,141
8,116
9,1464
9,1396
9,378
9,1551
10,510
10,33
10,249
10,335
11,143
11,1033
11,1466
11,944
12,1012
12,1055
12,661
12,1227
13,1489
13,1466
13,1033
13,946
14,1096
14,1053
14,35
14,880
15,1294
15,1270
15,1186
15,1514
16,1401
16,123
16,1515
16,431
17,365
17,1296
17,170
17,1360
18,409
18,213
18,60
18,628
19,1561
19,281
19,1449
19,215
20,85
20,1539
20,64
20,672
21,760
21,1431
21,762
21,565
22,43
22,953
22,198
22,1496
23,1476
23,241
23,804
23,912
24,1390
24,999
24,1345
25,1131
25,244
25,1238
25,1349
26,1198
26,1306
26,1371
26,138
27,91
27,1436
27,289
27,1524
28,618
28,202
28,1527
28,445
29,1481
29,551
29,616
29,1526
30,510
30,554
30,420
30,293
31,1530
31,206
31,729
31,142
32,576
32,639
32,53
32,1399
33,77
33,813
33,1488
34,187
34,1269
34,857
34,921
35,81
35,988
35,1031
36,1139
36,1380
36,1361
36,1514
37,1250
37,1384
37,101
37,105
38,366
38,302
38,368
38,105
39,277
39,125
39,151
39,147
40,544
40,693
40,454
40,562
41,586
41,653
41,673
41,474
42,651
42,43
42,127
42,346
43,847
43,282
44,826
44,198
44,758
44,672
45,1064
45,87
45,780
45,197
46,866
46,867
46,979
46,1066
47,997
47,1108
47,1567
47,1349
48,999
48,1566
48,159
48,1543
49,463
49,355
49,1173
49,137
50,157
50,1547
50,1393
50,1415
51,1523
51,1439
51,205
52,202
52,357
52,533
52,54
53,248
53,182
53,619
54,747
54,162
54,120
55,726
55,946
55,250
55,99
56,1074
56,1162
56,142
56,878
57,145
57,252
57,296
57,1573
58,1446
58,1051
58,1162
58,1360
59,1536
59,988
59,1248
59,322
60,430
60,1339
60,343
61,1450
61,519
61,475
61,1581
62,299
62,430
62,126
62,1339
63,675
63,605
63,235
63,478
64,65
64,759
64,174
65,1582
65,1474
65,607
66,1563
66,1153
66,1410
66,1518
67,1064
67,263
67,1216
67,1021
68,307
68,933
68,1302
68,1542
69,1041
69,112
69,268
69,89
70,1545
70,1194
70,1217
70,182
71,421
71,1173
71,1544
71,115
72,532
72,1504
72,358
72,376
73,684
73,1525
73,620
73,663
74,509
74,639
74,641
74,1418
75,336
75,313
75,748
75,901
76,1530
76,315
76,968
76,1572
77,274
77,1008
77,704
78,1489
78,1529
78,120
78,945
79,1404
79,122
79,1185
79,1444
80,1052
80,1575
80,122
80,1294
81,1427
81,1533
81,1447
82,280
82,1295
82,1447
83,587
83,368
83,388
83,411
84,1406
84,1428
84,217
84,259
85,1452
85,870
85,585
86,195
86,675
86,804
86,1540
87,108
87,998
87,671
88,889
88,154
88,760
88,196
89,1346
89,1065
89,1024
90,892
90,1502
90,330
90,1084
91,1063
91,1435
91,1086
92,199
92,1502
92,135
93,1566
93,1219
93,137
93,1548
94,1546
94,443
94,553
94,422
95,1546
95,575
95,246
95,422
96,316
96,1506
96,336
96,620
97,401
97,684
97,1483
97,857
98,576
98,814
98,880
98,834
99,640
99,921
99,141
100,1294
100,209
100,1467
100,253
101,1228
101,1055
101,1489
102,1011
102,1095
102,191
102,1009
103,1273
103,1535
103,1230
103,1251
104,1318
104,236
104,278
104,433
105,1449
105,257
106,194
106,717
106,129
106,1537
107,152
107,1472
107,805
107,389
108,761
108,564
108,477
109,761
109,283
109,955
109,1582
110,306
110,847
110,1064
110,954
111,1044
111,1476
111,308
111,1175
112,978
112,352
112,1393
113,1351
113,1195
113,1415
113,1304
114,1154
114,1547
114,178
114,138
115,1283
115,486
115,1217
116,1416
116,161
116,487
117,1528
117,446
117,183
117,507
118,183
118,1570
118,793
118,749
119,1552
119,140
119,1528
119,751
120,726
120,773
121,339
121,1013
121,254
121,1078
122,1401
122,1554
123,1379
123,188
123,1052
124,1099
124,236
124,1471
124,1165
125,322
125,474
125,323
126,1228
126,1556
126,211
127,282
127,608
127,1534
128,281
128,414
128,804
128,761
129,650
129,737
129,609
130,738
130,1581
130,1000
130,631
131,414
131,824
131,674
131,329
132,199
132,177
132,803
132,348
133,978
133,870
133,219
133,177
134,1458
134,1044
134,1457
134,330
135,1391
135,355
135,1020
136,377
136,1436
136,1479
136,289
137,1262
137,1373
138,663
138,1505
139,552
139,333
139,1460
139,336
140,816
140,400
140,881
141,1572
141,638
142,970
142,923
143,1013
143,770
143,989
144,1510
144,1487
144,188
144,969
145,234
145,1077
145,1401
146,165
146,1252
146,1010
146,1251
147,1362
147,1449
147,1358
148,1338
148,1339
148,1405
148,235
149,476
149,434
149,281
149,1361
150,435
150,1448
150,151
150,693
151,1515
151,197
152,241
152,934
152,913
153,672
153,629
153,241
153,1583
154,416
154,265
154,220
155,1522
155,197
155,262
156,1390
156,1565
156,242
156,1349
157,1220
157,268
157,1456
158,1523
158,1547
158,1350
158,356
159,1262
159,332
159,245
160,398
160,1504
160,598
161,225
161,424
161,291
162,425
162,706
162,357
163,618
163,469
163,728
163,1552
164,902
164,816
164,791
164,361
165,167
165,970
165,1142
166,363
166,1534
166,1553
166,880
167,1469
167,279
167,1336
168,1426
168,236
168,1207
168,214
169,1579
169,255
169,542
169,1297
170,1490
170,259
170,478
171,431
171,435
171,783
171,498
172,174
172,521
172,305
172,719
173,283
173,347
173,715
173,935
174,198
174,741
175,914
175,935
175,1562
175,846
176,264
176,284
176,805
177,307
177,350
178,1000
178,374
178,1566
179,1086
179,1503
179,1304
180,312
180,375
180,310
181,333
181,1372
181,1263
181,466
182,1394
182,1417
183,577
183,465
184,532
184,685
184,1570
184,379
185,230
185,664
185,577
185,817
186,274
186,861
186,750
186,467
187,922
187,967
187,816
188,1490
188,1577
189,1163
189,1359
189,1274
189,1340
190,210
190,1056
190,1293
190,1424
191,298
191,255
191,452
192,1446
192,452
192,1472
192,1470
193,497
193,1429
193,300
193,1494
194,1473
194,738
194,606
195,781
195,913
195,848
196,694
196,806
196,869
197,1087
198,287
199,373
199,394
200,354
200,1305
200,1478
200,1239
201,1565
201,1568
201,1151
201,312
202,1242
202,1418
203,205
203,444
203,1372
203,510
204,422
204,402
204,686
204,356
205,530
205,685
206,1572
206,926
206,770
207,358
207,1057
207,836
207,294
208,230
208,381
208,316
208,1120
209,1165
209,1273
209,1184
210,1162
210,1490
210,1316
211,1491
211,213
211,1575
212,1231
212,389
212,1512
212,235
213,1516
213,1535
214,1471
214,519
214,258
215,499
215,345
215,344
216,784
216,694
216,411
216,500
217,650
217,738
217,390
218,521
218,1023
218,523
219,437
219,304
219,1022
220,978
220,1197
220,352
221,999
221,912
221,1023
221,1284
222,1521
222,1199
222,1308
222,311
223,1197
223,331
223,225
223,290
224,397
224,1525
224,1260
225,1501
225,357
226,334
226,595
226,617
226,358
227,706
227,447
227,379
227,729
228,424
228,642
228,533
228,815
229,294
229,750
229,272
229,774
230,879
230,293
231,1228
231,945
231,277
231,947
232,1141
232,1032
232,1054
232,1295
233,279
233,1275
233,990
233,1447
234,1206
234,1470
234,1514
235,387
236,584
237,499
237,369
237,696
237,501
238,240
238,825
238,436
238,302
239,892
239,893
239,785
239,523
240,697
240,371
240,500
241,1002
242,937
242,1307
242,1067
243,1045
243,1330
243,1112
243,956
244,288
244,1173
244,330
245,1260
245,1371
245,1548
246,332
246,596
246,486
247,489
247,1437
247,531
247,398
248,771
248,619
248,1460
249,770
249,1571
249,553
250,599
250,925
250,596
251,818
251,642
251,709
251,728
252,1145
252,989
252,794
253,1318
253,493
253,1251
254,1535
254,408
254,296
255,320
255,1317
256,1362
256,1489
256,387
256,1402
257,1515
257,343
257,325
258,1514
258,1383
258,454
259,458
259,305
260,369
260,391
260,652
260,349
261,825
261,610
261,459
261,631
262,999
262,546
262,937
263,957
263,502
263,828
264,1086
264,1243
264,284
265,1022
265,483
265,354
266,1109
266,1240
266,1155
266,308
267,1545
267,1374
267,1525
268,1392
268,1328
269,1568
269,1549
269,1395
269,683
270,575
270,313
270,377
270,464
271,621
271,359
271,315
271,272
272,468
272,664
273,643
273,469
273,489
273,557
274,839
274,450
275,837
275,1163
275,1097
275,838
276,383
276,428
276,384
276,1295
277,406
277,1383
278,1558
278,1187
278,476
279,563
279,1492
280,544
280,1427
280,650
281,475
282,782
282,544
283,416
283,717
284,721
284,1069
285,1154
285,981
285,851
285,720
286,1240
286,1133
286,1177
286,1132
287,1262
287,1308
288,376
288,1567
288,1175
289,1437
289,1287
290,421
290,1548
290,1414
291,530
291,335
291,553
292,555
292,465
292,532
292,818
293,794
293,534
294,1079
294,535
295,492
295,491
295,470
295,534
296,340
296,968
297,1382
297,1207
297,317
297,365
298,1252
298,1253
298,384
299,410
299,344
299,319
300,432
300,1538
300,1296
301,607
301,453
301,586
301,585
302,761
302,762
303,848
303,739
303,349
303,720
304,502
304,891
304,478
305,698
305,979
306,372
306,742
306,633
307,1154
307,1046
308,437
308,1264
309,395
309,351
309,374
309,1068
310,1351
310,1479
310,1265
311,1351
311,1461
311,353
312,377
312,1284
313,662
313,642
314,447
314,664
314,420
314,334
315,618
315,619
316,794
316,597
317,361
317,425
317,491
318,992
318,601
318,902
318,338
319,1012
319,472
319,1231
320,1427
320,1425
320,451
321,1121
321,1406
321,367
321,1384
322,1361
322,386
323,1318
323,1470
323,365
324,695
324,1517
324,501
324,563
325,807
325,589
325,696
326,499
326,476
326,610
326,587
327,413
327,501
327,893
327,957
328,718
328,392
328,1002
328,960
329,1154
329,957
329,829
330,1417
331,1131
331,1482
331,1415
332,487
332,1549
333,1503
333,1527
334,533
334,466
335,705
335,1571
336,839
337,708
337,339
337,754
337,359
338,906
338,665
338,859
339,949
339,535
340,559
340,426
340,1033
341,1319
341,383
341,426
341,1189
342,1098
342,515
342,1428
342,1577
343,1407
343,1276
344,1426
344,1404
345,1426
345,431
345,1384
346,606
346,390
346,565
347,826
347,716
347,391
348,459
348,805
348,370
349,1067
349,891
350,765
350,482
350,633
351,1024
351,590
351,502
352,571
352,1046
353,505
353,1328
353,374
354,1462
354,1287
355,617
355,1349
356,1483
356,595
357,534
358,796
359,556
359,729
360,643
360,403
360,1014
360,490
361,362
361,363
362,405
362,1078
362,601
363,1166
363,1276
364,1513
364,1363
364,1361
364,1364
365,1491
366,1557
366,455
366,1577
367,1469
367,1471
367,455
368,606
368,566
369,608
369,629
370,545
370,981
370,740
371,678
371,696
371,717
372,1112
372,786
372,959
373,958
373,461
373,393
374,1374
375,1459
375,1416
375,417
376,573
376,594
377,1392
378,750
378,530
378,421
379,487
379,662
380,510
380,906
380,710
380,860
381,1036
381,902
381,405
382,405
382,554
382,600
382,578
383,450
383,884
384,557
384,494
385,991
385,406
385,386
385,1320
386,1403
386,1253
387,432
387,627
388,1557
388,473
388,1495
389,434
389,739
390,410
390,585
391,915
391,498
392,434
392,959
392,677
393,458
393,479
393,983
394,654
394,698
394,1113
395,656
395,1288
395,1176
396,1309
396,462
396,526
396,1175
397,1480
397,1396
397,571
398,1350
398,531
399,1305
399,528
399,464
399,1394
400,620
400,707
400,1569
401,488
401,1569
401,683
402,513
402,424
402,709
403,425
403,687
403,512
404,642
404,492
404,598
405,1078
406,1190
406,840
407,1015
407,493
407,1297
407,1099
408,496
408,431
408,1406
409,1382
409,605
409,1233
410,499
410,1403
411,673
411,1495
412,497
412,476
412,589
412,608
413,851
413,895
413,719
414,436
414,566
415,522
415,652
415,936
415,1045
416,566
416,958
417,1135
417,614
417,1221
418,1482
418,572
418,1088
418,1393
419,1198
419,570
419,638
419,1218
420,1463
421,444
422,511
423,508
423,597
423,1526
423,797
424,861
425,946
426,711
426,1144
427,559
427,603
427,556
427,1165
428,949
428,429
428,1037
429,1253
429,604
429,1080
430,1186
430,605
432,652
432,1578
433,1448
433,1536
433,676
434,631
435,718
435,695
436,1001
436,740
437,1001
437,1134
438,938
438,787
438,1092
438,894
439,1111
439,1090
439,939
439,1417
440,460
440,1461
440,1200
440,1132
441,1439
441,1395
441,1373
441,1220
442,615
442,1524
442,443
442,1198
443,532
443,1549
444,552
444,529
445,749
445,730
446,706
446,772
446,774
447,578
447,971
448,1059
448,774
448,795
448,1123
449,711
449,928
449,1189
449,733
450,515
450,969
451,626
451,518
451,1234
452,1234
452,517
453,1428
453,1404
453,1578
454,1405
454,1297
455,1517
455,737
456,1561
456,588
456,741
456,783
457,586
457,872
457,587
457,520
458,914
458,481
459,1200
459,722
460,1264
460,545
460,1047
461,722
461,1307
461,1200
462,1223
462,637
462,1482
463,486
463,1221
463,1306
464,1567
464,466
465,663
465,1437
466,509
467,928
467,727
467,553
468,707
468,490
468,817
469,689
469,772
470,1144
470,534
470,621
471,1122
471,927
471,1211
471,886
472,1058
472,1230
472,1056
473,1188
473,1168
473,1278
474,1341
474,1537
475,1561
475,587
477,586
477,523
477,606
478,544
479,874
479,1002
479,940
480,826
480,871
480,1025
480,696
481,1023
481,567
481,894
482,874
482,1026
482,1090
483,1287
483,681
483,723
484,1157
484,1263
484,572
484,549
485,1569
485,1441
485,1264
487,1568
488,511
488,639
488,662
489,773
489,860
490,971
490,662
491,492
491,1103
492,752
493,1015
493,754
494,992
494,668
494,972
495,514
495,648
495,1278
495,628
496,691
496,1451
496,1317
497,651
497,1254
498,1559
498,561
500,871
500,585
501,655
502,1134
503,762
503,1156
503,786
503,522
504,767
504,1178
504,1089
504,850
505,765
505,1115
505,635
506,637
506,1419
506,1507
506,1155
507,594
507,658
507,1483
508,1527
508,1506
508,1484
509,621
509,617
511,665
511,575
512,1013
512,728
512,645
513,752
513,994
513,1190
514,1100
514,1101
514,578
515,930
515,1167
516,1494
516,580
516,1190
516,1100
517,1231
517,1387
517,1409
518,561
518,1274
518,694
519,1450
519,562
520,783
520,540
520,1450
521,849
521,827
522,718
522,806
523,981
524,1222
524,831
524,806
524,872
525,526
525,1178
525,959
525,591
526,1026
526,611
527,1092
527,1132
527,1419
527,1398
528,1289
528,1157
528,679
529,1481
529,1353
529,1243
530,615
531,573
531,751
533,730
535,905
535,664
536,861
536,1145
536,1038
536,579
537,1319
537,1188
537,712
537,904
538,689
538,647
538,1081
538,972
539,1408
539,628
539,1232
539,1102
540,1341
540,1254
540,1210
541,1560
541,1386
541,1408
541,1363
542,1560
542,564
542,804
543,1583
543,825
543,588
543,607
545,809
545,675
546,918
546,893
546,697
547,873
547,1112
547,699
547,743
548,810
548,1155
548,852
548,1220
549,984
549,1047
549,809
550,571
550,704
550,661
550,1394
551,1462
551,1481
551,616
552,1529
552,1549
554,728
554,683
555,926
555,883
555,708
556,973
556,1103
557,578
557,1256
558,665
558,754
558,1080
558,950
559,1233
559,775
560,689
560,1058
560,736
560,648
561,1493
561,1451
562,1407
562,1342
563,649
563,783
564,1559
564,649
565,695
565,629
566,1004
567,853
567,916
567,591
568,612
568,980
568,1024
568,983
569,614
569,789
569,982
569,570
570,916
570,1243
571,1330
572,702
572,1571
573,1547
573,595
574,1503
574,792
574,1507
574,706
575,838
576,597
576,882
577,882
577,970
579,709
579,972
579,947
580,1146
580,1037
580,905
581,603
581,1257
581,1365
581,644
582,1038
582,690
582,1126
582,800
583,625
583,1518
583,1387
583,1407
584,716
584,781
584,759
588,873
588,719
589,853
589,938
590,1223
590,609
590,914
591,677
591,831
592,1136
592,744
592,1137
592,1006
593,1375
593,637
593,1028
593,1440
594,768
594,704
595,726
596,747
596,708
597,641
599,1036
599,711
599,709
600,1104
600,774
600,1125
601,883
601,796
602,647
602,668
602,1321
602,864
603,691
603,1190
604,1256
604,1452
604,1320
605,607
608,827
609,740
609,807
610,936
610,631
611,700
611,827
611,788
612,919
612,1311
612,984
613,1288
613,1157
613,898
613,896
614,1352
614,1353
615,789
615,1268
616,1526
616,1374
617,1331
618,815
619,1484
620,815
621,903
622,860
622,732
622,644
622,950
623,1168
623,1015
623,776
623,1103
624,1104
624,1343
624,688
624,1210
625,1388
625,844
625,1343
626,801
626,1081
626,1192
627,1275
627,673
627,1431
628,735
629,1407
630,871
630,784
630,1517
630,1582
632,826
632,674
632,896
632,653
633,850
633,1134
634,1003
634,1071
634,829
634,939
635,1048
635,1267
635,1225
636,960
636,1464
636,1419
636,742
637,660
638,660
638,1438
639,835
640,814
640,838
640,1551
641,793
641,753
643,819
643,1017
644,730
644,686
645,646
645,778
645,991
646,1102
646,1188
646,1170
647,712
647,1257
648,887
648,1319
649,1299
649,673
650,846
651,1450
651,1538
652,785
653,655
653,782
654,720
654,1049
654,739
655,854
655,1025
656,744
656,1068
656,763
657,703
657,1399
657,961
657,940
658,1308
658,1203
658,809
659,725
659,1376
659,877
659,1397
660,1439
660,1290
661,813
661,1552
663,902
665,904
666,1080
666,1125
666,776
666,1123
667,710
667,1146
667,927
667,931
668,907
668,732
669,1364
669,1083
669,996
669,1277
670,932
670,1148
670,1516
670,692
671,847
671,1410
671,822
672,1472
674,720
674,737
675,740
676,1091
676,743
676,849
677,895
677,1003
678,1069
678,1201
678,985
679,983
679,765
679,1049
680,1181
680,768
680,833
680,1268
681,702
681,1179
681,1573
682,749
682,1462
682,1570
682,1508
683,751
684,1528
685,858
685,749
686,1014
686,819
687,970
687,993
687,1081
688,928
688,777
688,860
689,1101
690,1386
690,757
690,821
691,930
691,758
692,1320
692,911
693,1540
693,1344
694,1496
695,871
697,762
697,764
698,915
698,1158
699,1135
699,1005
699,1290
700,1180
700,1201
700,1355
701,1030
701,918
701,1004
701,1050
702,964
702,834
703,1310
703,1420
703,877
704,1396
705,1419
705,1397
705,748
707,859
707,793
708,885
710,882
710,775
711,948
712,1105
712,1039
713,1167
713,1105
713,1342
713,732
714,1214
714,716
714,1516
714,1258
715,845
715,779
715,1342
716,824
717,803
718,869
719,936
721,917
721,940
721,1050
722,1117
722,854
723,790
723,1071
723,743
724,745
724,1029
724,1422
724,1508
725,1334
725,1051
725,812
726,859
727,881
727,967
727,815
729,795
730,1059
731,908
731,777
731,1101
731,751
732,734
733,1236
733,1060
733,1058
734,1433
734,952
734,1453
735,736
735,1212
735,889
736,997
736,1520
737,870
738,802
739,1561
741,984
741,1046
742,1048
742,917
743,1113
744,788
744,830
745,1225
745,961
745,942
746,1442
746,1378
746,1138
746,1441
747,1550
747,945
748,789
748,1333
750,837
752,881
752,861
753,1079
753,884
753,864
754,797
755,971
755,820
755,1170
755,1060
756,758
756,1170
756,1169
756,1255
757,1365
757,1258
757,954
758,1106
759,955
759,891
760,1563
760,825
763,849
763,1003
763,829
764,1093
764,1113
764,1178
765,1048
766,1309
766,1225
766,1090
766,1201
767,984
767,1073
767,1094
768,1506
768,1397
769,921
769,1531
769,1441
769,832
770,771
771,795
771,835
772,925
772,817
773,1034
773,993
775,973
775,1170
776,1126
776,1280
777,1063
777,1234
778,1322
778,1104
778,1083
779,1126
779,1279
780,1538
780,910
780,911
781,1583
781,1560
782,1560
782,979
784,870
784,808
785,828
785,1049
786,852
786,1116
787,941
787,875
787,1312
788,1486
788,919
789,1292
790,1266
790,1400
790,879
791,837
791,793
791,1356
792,943
792,1485
792,1484
794,835
795,1036
796,842
796,1016
797,1080
797,841
798,1212
798,885
798,842
798,1015
799,1233
799,1411
799,1301
799,1037
800,908
800,1412
800,1280
801,1583
801,1298
801,1168
802,868
802,1062
802,1409
803,823
803,869
805,828
806,872
807,853
807,874
808,1070
808,916
808,830
809,1091
810,962
810,1136
810,1161
811,1465
811,1509
811,897
811,1245
812,1008
812,1182
812,1136
813,1117
813,1571
814,1076
814,1009
816,992
817,863
818,862
818,903
819,1038
819,820
820,995
820,1149
821,953
821,1041
821,1432
822,1543
822,1323
822,1409
823,1430
823,1410
823,1411
824,997
824,979
827,850
828,1027
829,961
830,1070
830,872
831,1244
831,1114
832,1444
832,1400
832,900
833,1245
833,1180
833,857
834,986
834,1159
835,921
836,1422
836,1550
837,1574
838,1056
839,903
839,862
840,926
840,992
840,947
841,1060
841,1278
841,950
842,927
842,975
843,952
843,1237
843,1322
843,1323
844,1171
844,1562
844,932
845,1519
845,1104
845,978
846,1476
846,889
847,1066
848,1582
848,1539
849,938
850,1024
851,1070
851,1047
852,894
852,1069
853,917
854,1028
854,1269
855,1246
855,1310
855,1268
855,1507
856,1355
856,901
856,1336
856,1009
857,1422
858,878
858,1011
858,1465
859,879
862,948
862,1014
863,951
863,1301
863,1040
864,1411
864,1301
865,1389
865,1236
865,909
865,1452
866,996
866,1430
867,1563
867,1042
867,1518
868,890
868,1107
868,1562
869,893
873,985
873,1156
874,1117
875,1115
875,1333
875,1224
876,918
876,1270
876,898
876,1204
877,1441
877,1336
878,1313
878,1398
879,1074
880,1488
881,922
882,1101
883,990
883,1034
884,903
884,929
885,1236
885,974
886,1257
886,1281
886,1235
887,906
887,1127
887,1324
888,1259
888,1105
888,1019
888,910
889,1216
890,1043
890,1259
890,1000
891,913
892,1110
892,1068
894,1133
895,1179
895,941
896,1138
896,1116
897,1421
897,1069
897,1378
898,964
898,1379
899,965
899,1552
899,1551
899,1202
900,1485
900,1183
900,943
901,1269
901,1051
904,1145
904,1011
905,1146
905,971
906,1167
907,1171
907,1191
907,974
908,994
908,1477
909,1474
909,1301
909,929
910,1522
910,1239
911,1498
911,1413
912,1108
912,1456
913,935
914,1111
915,1134
915,982
916,962
917,1029
918,1224
919,1355
919,1291
920,1420
920,1376
920,1226
920,1224
922,1095
922,1532
923,1511
923,969
923,1485
924,1034
924,1572
924,1553
924,946
925,1142
925,1120
926,968
927,1014
928,1191
929,1059
929,1018
930,1083
930,1367
931,1195
931,1499
931,1391
932,1500
932,998
933,1019
933,1522
934,1434
934,1152
934,1174
935,1089
936,1133
937,957
937,956
938,1071
939,959
939,1071
940,1289
941,1224
941,1249
942,1356
942,1053
942,1074
943,1073
943,1160
944,1357
944,1551
944,1270
945,1075
947,1077
948,1122
948,1144
949,969
949,1013
950,1191
951,1171
951,1018
951,1279
952,994
952,1300
953,1300
953,1435
954,1151
954,1413
955,1325
955,1389
956,1475
956,1174
958,1110
958,1025
960,980
960,1027
961,1136
962,1073
962,1092
963,1333
963,1074
963,1400
963,1530
964,1486
964,1468
965,1313
965,1333
965,1293
966,1337
966,1163
966,1486
966,1445
967,1100
967,1140
968,991
972,1079
973,1058
973,1169
974,1193
974,1212
975,1326
975,1042
975,1213
976,1474
976,1193
976,1477
976,1279
977,1367
977,1109
977,1474
977,1040
980,1111
980,1156
981,1176
982,1026
982,1004
983,1180
985,1203
985,1005
986,1205
986,1137
986,1271
987,1421
987,1140
987,1533
987,1053
988,1533
988,1139
989,1271
989,1250
990,1033
990,1209
991,1124
993,1061
993,1166
994,1235
995,1431
995,1150
995,997
996,1324
996,1127
998,1304
998,1564
1000,1477
1001,1110
1001,1045
1002,1023
1003,1048
1004,1202
1005,1378
1005,1114
1006,1072
1006,1290
1006,1204
1007,1115
1007,1203
1007,1402
1007,1445
1008,1402
1008,1097
1009,1358
1010,1139
1010,1076
1010,1161
1011,1056
1012,1142
1012,1057
1016,1035
1016,1256
1016,1254
1017,1214
1017,1343
1017,1344
1018,1172
1018,1281
1019,1457
1019,1282
1020,1259
1020,1152
1020,1085
1021,1237
1021,1194
1021,1325
1022,1347
1022,1541
1025,1222
1026,1200
1027,1266
1027,1179
1028,1291
1028,1114
1029,1511
1029,1227
1030,1140
1030,1094
1030,1381
1031,1315
1031,1403
1031,1531
1032,1251
1032,1336
1032,1512
1034,1057
1035,1211
1035,1099
1035,1121
1036,1102
1037,1061
1038,1299
1039,1302
1039,1124
1039,1238
1040,1125
1040,1235
1041,1431
1042,1110
1042,1478
1043,1519
1043,1498
1043,1476
1044,1088
1045,1221
1046,1179
1047,1093
1049,1180
1050,1312
1050,1227
1051,1444
1052,1334
1052,1206
1053,1574
1054,1143
1054,1208
1054,1165
1055,1143
1055,1532
1057,1208
1059,1169
1060,1079
1061,1107
1061,1124
1062,1082
1062,1544
1062,1366
1063,1366
1063,1152
1064,1412
1065,1067
1065,1284
1065,1240
1066,1456
1066,1564
1067,1155
1068,1198
1070,1157
1072,1114
1072,1314
1072,1093
1073,1511
1075,1534
1075,1509
1075,1141
1076,1209
1076,1531
1077,1209
1077,1295
1078,1232
1081,1123
1082,1106
1082,1147
1082,1150
1083,1347
1084,1348
1084,1543
1084,1283
1085,1544
1085,1172
1086,1499
1087,1176
1087,1284
1087,1520
1088,1328
1088,1217
1089,1199
1089,1220
1090,1286
1091,1308
1091,1177
1092,1311
1093,1379
1094,1466
1094,1313
1095,1510
1095,1184
1096,1247
1096,1443
1096,1140
1097,1228
1097,1468
1098,1466
1098,1316
1098,1229
1099,1122
1100,1209
1102,1321
1103,1147
1105,1455
1106,1212
1106,1475
1107,1542
1108,1303
1108,1414
1109,1241
1109,1565
1111,1305
1112,1265
1113,1332
1115,1116
1116,1245
1117,1138
1118,1359
1118,1314
1118,1554
1118,1532
1119,1509
1119,1291
1119,1533
1119,1510
1120,1272
1120,1380
1121,1186
1121,1317
1122,1187
1123,1232
1124,1256
1125,1323
1126,1453
1127,1369
1127,1148
1128,1369
1128,1193
1128,1411
1128,1303
1129,1368
1129,1432
1129,1500
1129,1370
1130,1219
1130,1499
1130,1282
1130,1413
1131,1261
1131,1545
1132,1218
1133,1199
1135,1268
1135,1376
1137,1420
1137,1357
1138,1424
1139,1358
1141,1315
1141,1509
1142,1339
1143,1319
1143,1275
1144,1296
1145,1274
1146,1210
1147,1323
1147,1277
1148,1215
1148,1194
1149,1389
1149,1169
1149,1280
1150,1217
1150,1239
1151,1435
1151,1389
1152,1195
1153,1392
1153,1350
1153,1369
1156,1223
1158,1378
1158,1246
1158,1354
1159,1266
1159,1398
1159,1161
1160,1249
1160,1337
1160,1487
1161,1403
1162,1425
1163,1381
1164,1293
1164,1340
1164,1553
1164,1187
1166,1341
1166,1276
1167,1320
1168,1298
1171,1326
1172,1371
1173,1501
1174,1567
1174,1263
1175,1285
1176,1287
1177,1241
1177,1197
1178,1397
1181,1487
1181,1354
1181,1247
1182,1467
1182,1225
1182,1444
1183,1469
1183,1380
1183,1424
1184,1317
1184,1292
1185,1206
1185,1230
1185,1187
1186,1512
1188,1318
1189,1385
1189,1232
1191,1454
1192,1238
1192,1255
1192,1213
1193,1195
1194,1458
1196,1302
1196,1478
1196,1240
1196,1413
1197,1264
1199,1418
1201,1396
1202,1443
1202,1288
1203,1267
1204,1354
1204,1488
1205,1401
1205,1359
1205,1577
1206,1468
1207,1253
1207,1470
1208,1554
1208,1424
1210,1297
1211,1234
1211,1321
1213,1237
1213,1366
1214,1326
1214,1454
1215,1500
1215,1497
1216,1498
1216,1499
1218,1327
1218,1325
1219,1370
1219,1239
1221,1288
1222,1374
1222,1246
1223,1375
1226,1335
1226,1574
1226,1292
1227,1576
1229,1314
1229,1513
1229,1340
1230,1492
1231,1362
1233,1386
1236,1454
1237,1369
1238,1479
1241,1460
1241,1417
1242,1372
1242,1286
1242,1329
1243,1439
1244,1463
1244,1377
1244,1266
1245,1246
1247,1249
1247,1290
1248,1311
1248,1555
1248,1531
1249,1422
1250,1337
1250,1381
1252,1360
1252,1315
1254,1387
1255,1362
1255,1257
1258,1520
1258,1303
1259,1414
1260,1372
1260,1367
1261,1327
1261,1436
1261,1391
1262,1459
1263,1331
1265,1505
1265,1462
1267,1442
1267,1484
1269,1381
1270,1553
1271,1382
1271,1555
1272,1556
1272,1383
1272,1511
1273,1534
1273,1557
1274,1359
1275,1429
1276,1405
1277,1298
1277,1495
1278,1324
1279,1365
1280,1325
1281,1501
1281,1542
1282,1565
1282,1524
1283,1566
1285,1415
1285,1306
1285,1352
1286,1503
1286,1546
1289,1312
1289,1464
1291,1398
1292,1532
1293,1575
1294,1490
1296,1428
1298,1385
1299,1385
1299,1494
1300,1367
1300,1368
1302,1368
1303,1480
1304,1502
1305,1457
1306,1546
1307,1461
1307,1482
1309,1527
1309,1329
1310,1377
1310,1463
1311,1354
1312,1332
1313,1445
1314,1360
1315,1357
1316,1556
1316,1515
1321,1341
1322,1409
1322,1453
1324,1457
1326,1459
1327,1371
1327,1412
1328,1414
1329,1481
1329,1350
1330,1505
1330,1352
1331,1376
1331,1440
1332,1334
1332,1508
1334,1574
1335,1486
1335,1358
1335,1337
1338,1555
1338,1558
1338,1469
1340,1580
1342,1496
1343,1519
1344,1497
1345,1391
1345,1388
1345,1433
1346,1347
1346,1563
1346,1478
1347,1520
1348,1390
1348,1521
1348,1544
1351,1373
1352,1418
1353,1421
1353,1550
1355,1508
1356,1402
1356,1530
1357,1421
1363,1537
1363,1558
1364,1494
1364,1493
1365,1540
1366,1539
1368,1497
1370,1522
1370,1455
1373,1436
1375,1569
1375,1395
1377,1399
1377,1379
1380,1447
1382,1557
1383,1536
1384,1579
1385,1516
1386,1562
1387,1451
1388,1475
1388,1456
1390,1434
1392,1434
1393,1394
1395,1526
1399,1443
1400,1485
1404,1446
1405,1473
1406,1448
1408,1559
1408,1493
1410,1455
1412,1523
1416,1435
1416,1570
1420,1440
1423,1556
1423,1442
1423,1467
1423,1575
1425,1492
1425,1510
1426,1576
1427,1537
1429,1471
1429,1430
1432,1521
1432,1453
1433,1541
1434,1564
1437,1461
1438,1458
1438,1502
1438,1506
1440,1525
1442,1465
1443,1573
1445,1467
1446,1513
1448,1513
1449,1473
1451,1495
1452,1541
1454,1496
1455,1475
1458,1460
1459,1505
1463,1573
1464,1528
1465,1529
1468,1488
1472,1491
1473,1517
1477,1519
1479,1564
1480,1500
1483,1507
1487,1576
1491,1492
1493,1559
1497,1518
1498,1541
1501,1521
1504,1548
1512,1558
1523,1543
1529,1550
1535,1580
1536,1580
1538,1580
1540,1581
1545,1568
1554,1576
1555,1578
1578,1579
1579,1581
