0,978
0,804
0,889
0,629
1,1564
1,66
1,1325
1,218
2,197
2,132
2,23
2,1259
3,92
3,1349
3,1284
3,1129
4,1369
4,1020
4,1196
4,1565
5,247
5,1369
5,224
5,1196
6,289
6,1329
6,313
6,202
7,531
7,205
7,8
7,1418
8,335
8,268
8,140
9,182
9,706
9,597
9,467
10,617
10,638
10,573
10,1421
11,856
11,1572
11,814
11,30
12,78
12,1096
12,747
12,924
13,1338
13,964
13,1229
13,77
14,58
14,1031
14,900
14,1095
15,1270
15,101
15,1577
15,1427
16,82
16,1337
16,278
16,300
17,477
17,1293
17,1513
17,60
18,629
18,1384
18,412
18,279
19,474
19,454
19,672
19,170
20,565
20,42
20,631
20,520
21,477
21,783
21,1495
21,561
22,870
22,825
22,955
22,219
23,1043
23,848
23,67
24,979
24,1411
24,912
24,134
25,1456
25,111
25,1021
25,1544
26,1307
26,1413
26,265
26,1479
27,441
27,1330
27,398
27,291
28,202
28,551
28,73
28,508
29,485
29,1527
29,50
29,74
30,400
30,1462
30,379
31,574
31,598
31,164
31,356
32,99
32,901
32,1574
32,769
33,638
33,990
33,1052
33,964
34,858
34,1185
34,1400
34,146
35,921
35,1293
35,189
35,1575
36,1095
36,1099
36,1379
36,1513
37,124
37,1140
37,1161
37,188
38,1516
38,1490
38,279
38,1427
39,453
39,125
39,475
39,279
40,390
40,281
40,259
40,1451
41,496
41,304
41,239
41,475
42,716
42,324
42,497
43,914
43,85
43,867
43,849
44,868
44,196
44,175
44,109
45,177
45,133
45,1065
45,1001
46,1455
46,1521
46,954
46,220
47,1109
47,911
47,176
47,1324
48,1151
48,1107
48,1087
48,113
49,375
49,1503
49,202
49,289
50,509
50,463
50,1523
51,1459
51,620
51,1462
51,640
52,682
52,508
52,529
52,290
53,573
53,95
53,443
53,206
54,1572
54,790
54,249
54,704
55,294
55,1550
55,1422
55,965
56,924
56,1183
56,121
56,231
57,102
57,987
57,923
57,143
58,1011
58,298
58,103
59,1448
59,300
59,1382
59,145
60,345
60,1336
60,1358
61,520
61,366
61,564
61,1534
62,386
62,127
62,542
62,195
63,540
63,82
63,1473
63,1385
64,475
64,130
64,435
64,758
65,849
65,1474
65,651
65,1519
66,998
66,935
66,869
67,933
67,1500
67,823
68,175
68,1370
68,199
68,1238
69,200
69,177
69,1481
69,1503
70,1394
70,221
70,155
70,1436
71,1413
71,91
71,1219
71,1460
72,314
72,554
72,288
72,466
73,1396
73,490
73,751
74,445
74,685
74,444
75,358
75,226
75,967
75,249
76,837
76,925
76,969
76,140
77,275
77,120
77,1444
78,835
78,967
78,1529
79,208
79,1380
79,1011
79,212
80,1317
80,102
80,342
80,1514
81,1424
81,343
81,255
81,258
82,233
82,167
83,255
83,1471
83,1517
83,1515
84,1384
84,671
84,301
84,476
85,562
85,805
85,344
86,110
86,891
86,1452
86,719
87,823
87,1022
87,238
87,1432
88,283
88,999
88,1497
88,241
89,913
89,1389
89,825
89,1540
90,1391
90,1369
90,91
90,351
91,1130
91,1306
92,1567
92,1041
92,138
93,1501
93,332
93,1130
93,289
94,463
94,158
94,530
94,1568
95,464
95,115
95,662
96,98
96,421
96,575
96,468
97,664
97,380
97,207
97,749
98,100
98,1033
98,619
99,295
99,119
99,683
100,925
100,1487
100,900
101,1379
101,319
101,168
102,122
102,989
103,1425
103,387
103,276
104,1250
104,1184
104,171
104,1317
105,1274
105,194
105,1426
105,388
106,172
106,173
106,653
106,366
107,478
107,520
107,240
107,1538
108,262
108,260
108,693
108,171
109,348
109,630
109,1496
110,1023
110,870
110,936
111,1238
111,1305
111,1197
112,1476
112,286
112,1347
112,1456
113,1282
113,311
113,1502
114,245
114,1459
114,1286
114,441
115,1395
115,1329
115,312
116,662
116,267
116,289
116,463
117,247
117,599
117,269
117,182
118,534
118,229
118,271
118,858
119,946
119,793
119,1551
120,967
120,791
120,748
121,229
121,1423
121,1056
122,276
122,1339
122,1034
123,1207
123,1337
123,1097
123,1511
124,126
124,1294
124,1100
125,1250
125,1295
125,1428
126,128
126,1512
126,1316
127,387
127,522
127,367
128,609
128,346
128,520
129,541
129,1516
129,652
129,413
130,935
130,652
130,869
131,650
131,737
131,759
131,260
132,307
132,803
132,889
133,890
133,1155
133,933
134,1239
134,1327
134,1544
135,1154
135,1108
135,201
135,1437
136,1217
136,246
136,375
136,1132
137,1371
137,357
137,311
137,225
138,161
138,399
138,509
139,1572
139,204
139,705
139,380
140,749
141,444
141,294
141,726
141,618
142,881
142,1573
142,489
142,184
143,209
143,814
143,991
144,1337
144,320
144,210
144,1013
145,1381
145,1556
145,1012
146,1555
146,1187
146,1401
147,1228
147,322
147,1578
147,1383
148,452
148,1535
148,477
148,1490
149,651
149,1295
149,281
149,543
150,215
150,499
150,1582
150,739
151,564
151,693
151,804
151,694
152,519
152,238
152,760
152,303
153,653
153,826
153,457
153,217
154,781
154,933
154,1543
154,1195
155,1564
155,1477
155,1176
156,395
156,1282
156,1155
156,351
157,1501
157,333
157,1172
157,1220
158,1175
158,1545
158,1547
159,551
159,1373
159,489
159,423
160,271
160,1483
160,510
160,332
161,446
161,642
161,488
162,771
162,554
162,643
162,491
163,1552
163,773
163,491
163,1528
164,839
164,1011
164,165
165,966
165,1185
165,969
166,298
166,1231
167,320
167,1294
167,277
168,1470
168,210
168,1511
169,1274
169,257
169,1469
169,454
170,1534
170,1426
170,1449
171,213
171,412
172,1539
172,497
172,674
173,216
173,241
173,326
174,1023
174,414
174,1539
174,675
175,1110
175,914
176,243
176,911
176,1024
177,1347
177,1434
178,1240
178,1088
178,198
178,1479
179,353
179,266
179,181
179,310
180,486
180,1263
180,330
180,487
181,1349
181,422
181,1350
182,551
182,663
183,1547
183,313
183,597
183,752
184,466
184,400
184,403
185,228
185,665
185,488
185,422
186,922
186,1573
186,597
186,1056
187,318
187,1033
187,274
187,839
188,339
188,1273
188,991
189,1534
189,1166
189,969
190,1445
190,1140
190,1515
190,1187
191,1447
191,429
191,432
191,1450
192,1494
192,255
192,431
192,234
193,457
193,1558
193,213
193,410
194,388
194,674
194,195
195,761
195,523
196,458
196,215
196,350
197,1024
197,806
197,610
198,1089
198,1129
198,1064
199,352
199,1065
199,263
200,1351
200,1286
200,1525
201,1372
201,486
201,418
202,1393
203,508
203,1414
203,334
203,335
204,534
204,293
204,510
205,270
205,1550
205,445
206,727
206,663
206,250
207,338
207,489
207,361
208,447
208,966
208,340
209,1075
209,406
209,1009
210,1338
210,1099
211,429
211,1557
211,1578
211,452
212,1098
212,1448
212,1231
213,321
213,1402
214,215
214,280
214,519
214,326
215,370
216,892
216,785
216,370
217,784
217,586
217,456
218,783
218,480
218,521
219,394
219,806
219,717
220,1242
220,1219
220,1043
221,957
221,956
221,979
222,1330
222,1000
222,375
222,1112
223,397
223,308
223,1260
223,1329
224,1460
224,1568
224,266
225,400
225,1348
225,1350
226,707
226,272
226,1481
227,377
227,552
227,599
227,313
228,249
228,360
228,596
229,361
229,902
230,948
230,883
230,971
230,383
231,1166
231,1186
231,1142
232,1166
232,1165
232,297
232,1229
233,473
233,1361
233,1229
234,1274
234,451
234,1186
235,1405
235,1490
235,1363
235,1406
236,1384
236,390
236,606
236,303
237,566
237,695
237,412
237,326
238,850
238,1493
239,304
239,607
239,500
240,458
240,827
240,564
241,351
241,1044
242,394
242,869
242,980
242,244
243,1239
243,1175
243,957
244,290
244,1304
244,287
245,376
245,1371
245,507
246,1459
246,248
246,1370
247,1526
247,1547
248,312
248,708
248,618
249,316
250,683
250,880
250,556
251,576
251,384
251,750
251,879
252,1036
252,316
252,1186
252,297
253,1121
253,1079
253,1576
253,926
254,1207
254,1404
254,1206
254,1230
255,1428
256,496
256,1472
256,1447
256,389
257,1491
257,1360
257,408
258,1581
258,696
258,650
259,628
259,1494
259,695
260,807
260,630
261,457
261,633
261,808
261,1003
262,806
262,544
262,500
263,306
263,264
263,1067
264,287
264,978
264,307
265,1414
265,1025
265,1111
266,1045
266,1413
267,1305
267,1418
267,1504
268,400
268,355
268,1524
269,314
269,402
269,530
270,707
270,643
270,794
271,1569
271,905
272,949
272,577
272,378
273,903
273,619
273,427
273,319
274,840
274,1011
274,751
275,992
275,1123
275,1079
276,495
276,1123
277,1491
277,1471
277,362
278,1468
278,541
278,1253
279,388
280,1494
280,1403
280,411
281,1560
281,523
282,347
282,368
282,480
282,825
283,916
283,567
283,938
284,847
284,673
284,1002
284,784
285,1023
285,870
285,1046
285,459
286,328
286,417
286,397
287,485
287,1328
288,1196
288,399
288,1546
290,1416
290,639
291,640
291,377
291,574
292,531
292,1549
292,378
292,423
293,970
293,969
293,793
294,836
294,684
295,513
295,424
295,381
296,1166
296,902
296,405
296,1143
297,298
297,1078
298,1076
299,1163
299,1559
299,1228
299,1339
300,411
300,1514
301,1449
301,1316
301,1339
302,1579
302,562
302,501
302,1514
303,413
303,479
304,785
304,721
305,564
305,959
305,372
305,828
306,956
306,393
306,329
307,482
307,1046
308,1087
308,354
308,309
309,1087
309,442
309,440
310,1414
310,419
310,377
311,1438
311,1502
312,1439
312,594
313,1548
314,729
314,771
315,773
315,511
315,447
315,728
316,554
316,359
317,450
317,927
317,862
317,555
318,817
318,1120
318,623
319,1296
319,927
320,430
320,365
321,1405
321,1360
321,1163
322,1209
322,1535
322,1534
323,496
323,1403
323,1491
323,452
324,410
324,1516
324,475
325,740
325,783
325,827
326,761
327,544
327,979
327,568
327,545
328,1066
328,741
328,892
329,1045
329,1001
329,1067
330,1308
330,1199
330,1133
331,486
331,1525
331,505
331,398
332,356
332,1566
333,1308
333,422
333,639
334,445
334,379
334,442
335,466
335,467
336,641
336,556
336,380
336,796
337,621
337,404
337,358
337,536
338,928
338,620
338,535
339,407
339,1057
339,772
340,579
340,882
340,450
341,473
341,361
341,343
341,1122
342,1320
342,1207
342,1359
343,367
343,1580
344,1537
344,1493
344,1513
345,477
345,497
345,498
346,522
346,476
346,762
347,827
347,630
347,432
348,939
348,608
348,805
349,764
349,1113
349,633
349,785
350,870
350,981
350,610
351,1000
352,613
352,1262
352,460
353,462
353,1069
353,1288
354,1197
354,528
354,485
355,441
355,399
355,1482
356,594
356,598
357,1571
357,553
357,488
358,576
358,556
359,448
359,470
359,815
360,754
360,1013
360,426
361,1100
362,1209
362,928
362,1033
363,946
363,1098
363,492
363,1318
364,1557
364,515
364,1035
364,1403
365,384
365,1209
365,1273
366,586
366,1362
367,1405
367,1492
368,431
368,454
368,453
369,871
369,654
369,1516
369,716
370,786
370,807
371,567
371,1001
371,763
371,1047
372,1090
372,439
372,762
373,937
373,721
373,502
373,374
374,1198
374,483
375,549
376,550
376,1437
376,1328
377,574
378,684
378,443
379,1526
379,421
380,709
381,578
381,644
381,990
382,1012
382,993
382,448
382,947
383,1124
383,1230
383,428
384,516
384,1362
385,559
385,540
385,1232
385,1426
386,1535
386,1208
386,1142
387,455
387,1513
388,1341
389,694
389,1538
389,391
390,717
390,632
391,939
391,565
391,435
392,1091
392,913
392,761
392,499
393,1070
393,631
393,743
394,958
394,502
395,460
395,1091
395,1068
396,569
396,1396
396,438
396,1044
397,1524
397,571
398,1328
398,464
399,1569
401,1548
401,1570
401,661
401,510
402,534
402,599
402,404
403,729
403,1014
403,621
404,645
404,1012
405,427
405,1145
405,946
406,1233
406,949
406,1058
407,516
407,494
407,1058
408,1318
408,1559
408,1211
409,605
409,1360
409,411
409,516
410,1473
410,1274
411,433
412,740
413,718
413,476
414,808
414,1047
414,786
415,522
415,1113
415,872
415,807
416,1244
416,1088
416,546
416,1070
417,1331
417,1046
417,1263
418,1199
418,1394
418,658
419,1353
419,1373
419,549
420,1395
420,1309
420,529
420,1436
421,1395
421,1503
422,1438
423,534
423,750
424,793
424,859
424,816
425,774
425,1015
425,772
425,687
426,883
426,751
426,863
427,753
427,1230
428,539
428,646
428,972
429,1471
429,1190
430,1429
430,1560
430,1232
431,432
431,542
432,1361
433,1538
433,543
433,434
434,742
434,607
434,563
435,719
435,501
436,958
436,696
436,457
436,915
437,979
437,809
437,461
437,697
438,1047
438,936
438,635
439,1133
439,505
439,1352
440,1285
440,506
440,570
441,1308
442,615
442,509
443,1482
443,462
444,1393
444,686
445,860
446,469
446,775
446,468
447,623
447,994
448,511
448,1190
449,885
449,970
449,1234
449,492
450,623
450,646
451,1231
451,537
451,584
452,1233
453,1342
453,1275
454,1580
455,738
455,1515
455,675
456,608
456,476
456,741
458,523
458,892
459,1023
459,479
459,1157
460,632
460,1024
461,613
461,937
461,480
462,1330
462,659
463,661
464,1528
464,575
465,550
465,1481
465,1463
465,1460
466,730
467,618
467,513
468,947
468,882
469,492
469,1060
469,668
470,689
470,907
470,795
471,970
471,690
471,733
471,775
472,1015
472,1103
472,1363
472,1255
473,1078
473,604
474,1383
474,671
474,586
478,916
478,850
478,718
479,676
479,587
480,785
481,983
481,1088
481,1134
481,1158
482,1068
482,1092
482,592
483,1200
483,1266
483,1111
484,1484
484,703
484,1441
484,1440
485,1440
486,1286
487,1527
487,705
487,1350
488,686
489,555
490,837
490,904
490,795
491,644
491,641
492,1233
493,1104
493,994
493,1235
493,927
494,1038
494,647
494,1210
495,1386
495,1296
495,1254
496,1495
497,1404
498,652
498,1539
498,1536
499,608
499,761
500,915
500,677
501,698
501,721
502,656
502,565
503,1157
503,831
503,524
503,851
504,872
504,916
504,852
504,897
505,744
505,592
506,617
506,1570
506,526
507,551
507,575
507,1485
508,576
509,1528
510,511
511,664
512,859
512,533
512,861
512,642
513,972
513,816
514,560
514,1146
514,1188
514,1034
515,1209
515,1187
515,821
516,1299
517,647
517,1537
517,581
517,1277
518,1535
518,648
518,1428
518,1558
519,739
519,1449
521,1581
521,1579
521,760
522,808
523,914
524,1047
524,829
524,1136
525,567
525,545
525,830
525,917
526,984
526,853
526,1289
527,1309
527,678
527,1353
527,1376
528,1483
528,1286
528,1264
529,1568
529,1263
530,1438
530,1441
531,705
531,1374
532,1461
532,1549
532,794
532,730
533,622
533,797
533,619
535,1038
535,799
535,926
536,669
536,599
536,907
537,624
537,1279
537,1101
538,713
538,1366
538,843
538,1017
539,671
539,602
539,1429
540,561
540,1492
541,1582
541,1451
542,1494
542,1472
543,1537
543,629
544,829
544,590
545,632
545,826
546,982
546,720
546,849
547,962
547,1159
547,895
547,701
548,1004
548,656
548,1114
548,1133
549,1159
549,1202
550,573
550,1177
552,1439
552,770
552,685
553,1525
553,773
553,1506
554,728
555,752
555,925
556,882
557,1213
557,1122
557,841
557,1125
558,819
558,1016
558,1059
558,991
559,929
559,625
559,1102
560,1343
560,649
560,1188
561,603
561,1231
562,1536
562,628
563,609
563,1583
563,1582
565,633
566,674
566,742
566,717
567,917
568,1113
568,828
568,700
569,898
569,723
569,1004
570,1180
570,895
570,616
571,1265
571,767
571,1288
572,1156
572,1332
572,1352
572,658
573,1548
574,660
575,748
576,577
577,687
577,881
578,600
578,906
578,776
579,733
579,842
579,795
580,818
580,1146
580,1035
580,1037
581,1277
581,948
581,668
582,1431
582,820
582,1297
582,1255
583,1188
583,604
583,1515
583,646
584,650
584,627
584,1492
585,1493
585,1406
585,1582
585,673
586,606
587,760
587,1583
587,719
588,894
588,850
588,960
588,936
589,696
589,937
589,1005
589,678
590,1045
590,938
590,1002
591,939
591,744
591,766
591,701
592,1377
592,1070
593,1112
593,1355
593,1397
593,1004
594,1551
594,1571
595,727
595,725
595,1440
595,1374
596,836
596,620
596,1504
597,684
598,706
598,731
600,753
600,1190
600,621
601,1126
601,1059
601,709
601,797
602,666
602,776
602,1167
603,1276
603,1036
603,972
604,1407
604,1365
605,1580
605,1408
605,1583
606,1386
606,779
607,848
607,804
608,893
609,826
609,696
610,653
610,677
611,676
611,766
611,613
611,765
612,871
612,1071
612,897
612,743
613,960
614,788
614,1177
614,1137
614,1029
615,1397
615,1223
615,1551
616,770
616,1376
616,658
617,771
617,1504
618,769
619,860
620,770
621,1059
622,796
622,708
622,886
623,1213
624,1300
624,1061
624,1214
625,993
625,952
625,1407
626,672
626,1410
626,648
626,1497
627,1365
627,736
627,1430
628,1495
628,1320
629,869
630,739
631,913
631,829
632,675
633,918
634,1202
634,941
634,919
634,655
635,678
635,809
635,1225
636,853
636,1352
636,702
636,1072
637,1375
637,963
637,1179
637,1287
638,725
638,746
639,704
639,813
640,684
640,1528
641,925
641,728
642,664
642,663
643,818
643,950
644,904
644,950
645,842
645,887
645,885
646,886
647,1278
647,909
648,1581
648,889
649,1541
649,1364
649,846
650,1561
651,740
651,1474
652,695
653,893
654,1049
654,741
654,786
655,699
655,1203
655,675
656,1027
656,1246
657,874
657,1114
657,658
657,701
659,1136
659,1464
659,1200
660,879
660,1550
660,899
661,1397
661,814
662,879
662,664
663,772
665,815
665,686
665,907
666,755
666,686
666,709
667,668
667,1039
667,1080
667,818
668,713
669,1453
669,1280
669,1276
670,737
670,692
670,712
670,1254
671,1257
672,1561
672,693
673,717
673,1540
674,1517
676,763
676,1005
677,915
677,851
678,872
679,1421
679,1244
679,1046
679,918
680,898
680,1005
680,1330
680,961
681,700
681,1355
681,1179
681,1115
682,725
682,1486
682,1333
683,1463
683,1571
685,731
685,706
687,729
687,794
688,1149
688,1256
688,884
688,1190
689,1387
689,1193
689,1038
690,1236
690,1343
690,1389
691,736
691,1125
691,1039
691,1363
692,712
692,1301
692,822
693,1519
694,824
694,849
695,718
697,828
697,981
697,720
698,762
698,1134
698,981
699,719
699,1245
699,1048
700,787
700,896
701,1422
702,984
702,726
702,723
703,1159
703,1420
703,1506
704,750
704,1465
705,1526
706,793
707,1550
707,816
708,795
708,754
709,730
710,840
710,1146
710,1060
710,777
711,1014
711,817
711,1124
711,754
712,1432
712,884
713,865
713,1363
714,779
714,1539
714,756
714,975
715,736
715,1343
715,1385
715,1519
716,934
716,1583
718,762
720,740
720,1003
721,1049
722,1093
722,1202
722,919
722,963
723,1333
723,1093
724,1005
724,1051
724,1420
724,1117
725,1223
726,1464
726,945
727,838
727,860
728,751
729,902
730,859
731,1125
731,1036
732,1167
732,1191
732,839
732,909
733,974
733,975
734,780
734,1320
734,1081
734,1342
735,930
735,755
735,844
735,1147
736,1278
737,802
737,1496
738,1560
738,1563
738,1475
739,782
741,1092
742,1114
742,1113
743,874
743,765
744,1072
744,746
745,1246
745,1182
745,1463
745,1356
746,1486
746,1050
747,1506
747,1398
747,792
748,856
748,901
749,923
749,968
750,880
752,819
752,796
753,948
753,775
754,1105
755,1014
755,971
756,1017
756,930
756,1389
757,1255
757,1279
757,1473
757,931
758,1323
758,1499
758,1083
759,1541
759,778
759,1476
760,1562
763,913
763,1069
764,1180
764,807
764,983
765,873
765,1025
766,1398
766,1289
767,919
767,1205
767,1026
768,1161
768,1135
768,875
768,898
769,1463
769,1421
770,1440
771,923
772,837
773,885
774,1101
774,927
774,819
775,1037
776,1080
776,864
777,1040
777,995
777,1454
778,1409
778,997
778,1542
779,1366
779,1258
780,934
780,1561
780,888
781,891
781,826
781,1000
782,850
782,1497
782,1496
783,828
784,893
784,894
786,1158
787,894
787,1007
787,1071
788,1181
788,1006
788,873
789,1008
789,943
789,1158
789,1507
790,1487
790,1396
790,792
791,1486
791,1508
791,1485
792,1486
792,1531
794,839
796,817
797,1058
797,1017
798,1299
798,863
798,948
798,1106
799,1127
799,866
799,973
800,1104
800,1430
800,1084
800,954
801,1431
801,954
801,998
801,1147
802,1433
802,1408
802,1020
803,1408
803,997
803,1473
804,957
805,827
805,980
806,982
808,1156
809,1268
809,829
810,1093
810,853
810,1028
810,1074
811,1268
811,1290
811,1313
811,1509
812,1399
812,986
812,1509
812,1182
813,1484
813,943
813,1292
814,989
815,816
815,945
817,881
818,838
819,1169
820,1189
820,1237
820,843
821,928
821,1520
821,1365
822,1063
822,1303
822,845
823,1475
823,1452
824,848
824,1021
824,825
830,873
830,1312
830,1007
831,1268
831,1248
831,1200
832,1139
832,1419
832,878
832,1203
833,1158
833,1507
833,1137
833,1354
834,1073
834,1032
834,920
834,1139
835,1053
835,879
835,946
836,1422
836,1032
837,903
838,1014
838,1057
840,1078
840,1103
841,926
841,1126
841,1256
842,1324
842,1147
843,845
843,1388
844,1300
844,1387
844,996
845,1238
845,995
846,1365
846,1499
846,865
847,1065
847,1455
847,1518
848,911
851,1026
851,852
852,1222
852,939
853,1028
854,1179
854,1442
854,942
854,1313
855,875
855,1073
855,1138
855,922
856,1075
856,919
857,876
857,1009
857,1007
857,1444
858,1571
858,881
859,882
860,1015
861,1081
861,1056
861,883
862,1036
862,1104
862,929
863,1235
863,992
864,1211
864,952
864,1167
865,886
865,1171
866,1086
866,1302
866,908
867,1454
867,1409
867,1194
868,957
868,1387
868,1540
871,893
871,1026
872,938
873,959
874,940
874,1290
875,986
875,1267
876,944
876,988
876,1201
877,1399
877,1225
877,1314
877,1269
878,1553
878,1118
878,1401
880,1098
880,1121
883,885
884,905
884,1016
886,1367
887,1216
887,1476
887,1038
888,1282
888,1106
888,1369
889,1323
890,999
890,1064
890,953
891,1064
891,1001
892,912
894,937
895,1091
895,1223
896,1291
896,917
896,941
897,1248
897,1376
898,1008
899,1162
899,1529
899,988
900,1420
900,1249
901,1466
901,1292
902,1141
903,1055
903,1100
904,1080
904,906
905,1016
905,1123
906,971
906,1105
907,1016
908,1214
908,1434
908,1212
909,1062
909,1040
910,1325
910,1128
910,1281
910,1368
911,1086
912,1453
912,1085
914,1111
915,938
916,980
917,1002
918,1377
918,1095
920,1293
920,1552
920,1467
921,1182
921,1162
921,1267
922,1206
922,988
923,1031
924,1057
924,1530
926,1143
928,1148
929,952
929,1211
930,1322
930,1037
931,1543
931,1238
931,1518
932,1127
932,1258
932,1061
932,1017
933,1430
934,1172
934,1131
935,936
935,1021
940,1333
940,1135
940,1269
941,1006
941,1335
942,1443
942,1138
942,1424
943,1075
943,1485
944,1487
944,1572
944,1116
945,1511
945,1573
947,989
947,1078
949,971
949,1234
950,1039
950,951
951,1322
951,975
951,1037
952,1412
953,1152
953,1519
953,1260
954,1279
955,1410
955,1347
955,1542
956,1197
956,1152
958,959
958,1132
959,1112
960,1201
960,1071
961,1071
961,1136
961,1003
962,1443
962,1178
962,1029
963,1532
963,1488
964,1423
964,1072
965,1442
965,1120
965,1467
966,1574
966,1532
967,990
968,990
968,1164
968,1229
970,992
972,1035
973,1149
973,1082
973,1191
974,995
974,1082
974,1107
975,1457
976,1410
976,977
976,1454
976,1518
977,1389
977,1518
977,1194
978,1391
978,1522
980,1198
981,1221
982,1027
982,984
983,1310
983,1180
984,1311
985,1074
985,1267
985,1509
985,1183
986,1030
986,1052
987,989
987,1311
987,1291
988,1533
991,1100
992,1232
993,1125
993,1101
994,995
994,1301
996,1412
996,1497
996,1280
997,1562
997,1412
998,1327
998,1127
999,1128
999,1109
1000,1108
1002,1154
1003,1090
1004,1159
1006,1423
1006,1115
1007,1225
1008,1050
1008,1381
1009,1315
1009,1251
1010,1120
1010,1488
1010,1467
1010,1055
1012,1142
1013,1208
1013,1033
1015,1079
1018,1388
1018,1081
1018,1129
1018,1083
1019,1411
1019,1409
1019,1435
1019,1322
1020,1216
1020,1217
1021,1390
1022,1520
1022,1522
1022,1455
1024,1153
1025,1221
1025,1265
1026,1049
1027,1289
1027,1288
1028,1377
1028,1116
1029,1510
1029,1334
1030,1205
1030,1204
1030,1357
1031,1141
1031,1314
1032,1555
1032,1574
1034,1210
1034,1076
1035,1081
1039,1215
1040,1431
1040,1324
1041,1150
1041,1345
1041,1387
1042,1367
1042,1239
1042,1435
1042,1458
1043,1304
1043,1172
1044,1175
1044,1086
1045,1200
1048,1247
1048,1267
1048,1068
1049,1379
1050,1313
1050,1095
1051,1116
1051,1488
1052,1204
1052,1510
1053,1077
1053,1401
1053,1533
1054,1359
1054,1555
1054,1382
1054,1556
1055,1099
1055,1511
1056,1144
1057,1232
1058,1060
1059,1126
1060,1344
1061,1411
1061,1084
1062,1326
1062,1344
1062,1541
1063,1257
1063,1085
1063,1169
1064,1109
1065,1132
1066,1219
1066,1370
1066,1085
1067,1069
1067,1155
1068,1110
1069,1089
1070,1203
1072,1205
1073,1443
1073,1465
1074,1446
1074,1138
1075,1446
1076,1317
1076,1182
1077,1338
1077,1554
1077,1467
1079,1146
1080,1144
1082,1344
1082,1322
1083,1257
1083,1148
1084,1520
1084,1152
1085,1433
1086,1435
1087,1283
1088,1261
1089,1090
1089,1135
1090,1243
1091,1287
1092,1334
1092,1245
1093,1336
1094,1402
1094,1225
1094,1246
1094,1356
1096,1468
1096,1181
1096,1116
1097,1272
1097,1578
1097,1118
1098,1468
1099,1164
1101,1319
1102,1299
1102,1276
1102,1297
1103,1192
1103,1234
1104,1192
1105,1500
1105,1368
1106,1478
1106,1283
1107,1434
1107,1371
1108,1215
1108,1259
1109,1195
1110,1112
1110,1565
1111,1220
1114,1246
1115,1311
1115,1334
1117,1466
1117,1380
1117,1354
1118,1204
1118,1181
1119,1142
1119,1185
1119,1487
1119,1532
1120,1361
1121,1489
1121,1163
1122,1143
1122,1208
1123,1165
1124,1169
1124,1210
1126,1193
1127,1171
1128,1566
1128,1432
1129,1457
1130,1284
1130,1478
1131,1326
1131,1371
1131,1436
1132,1199
1133,1309
1134,1331
1134,1266
1135,1177
1136,1398
1137,1290
1137,1139
1138,1337
1139,1356
1140,1465
1140,1576
1141,1249
1141,1252
1143,1294
1144,1361
1144,1254
1145,1384
1145,1319
1145,1168
1147,1301
1148,1409
1148,1325
1149,1169
1149,1343
1150,1258
1150,1388
1150,1390
1151,1475
1151,1237
1151,1565
1152,1173
1153,1524
1153,1521
1153,1457
1154,1199
1154,1327
1155,1374
1156,1221
1156,1177
1157,1222
1157,1375
1160,1227
1160,1202
1160,1424
1160,1226
1161,1184
1161,1271
1162,1490
1162,1250
1163,1425
1164,1165
1164,1446
1165,1470
1167,1255
1168,1279
1168,1320
1168,1189
1170,1411
1170,1366
1170,1344
1170,1432
1171,1453
1171,1391
1172,1240
1173,1543
1173,1195
1173,1480
1174,1564
1174,1196
1174,1305
1174,1415
1175,1436
1176,1218
1176,1220
1176,1198
1178,1331
1178,1287
1178,1290
1179,1244
1180,1311
1181,1248
1183,1315
1183,1554
1184,1553
1184,1512
1185,1228
1186,1556
1187,1340
1188,1252
1189,1321
1189,1297
1191,1236
1191,1321
1192,1213
1192,1345
1193,1325
1193,1522
1194,1195
1194,1458
1197,1500
1198,1348
1201,1243
1201,1222
1203,1245
1204,1312
1205,1314
1206,1338
1206,1575
1207,1359
1208,1318
1210,1362
1211,1321
1212,1256
1212,1254
1213,1433
1214,1326
1214,1235
1215,1478
1215,1300
1216,1304
1216,1412
1217,1327
1217,1346
1218,1242
1218,1544
1218,1545
1219,1417
1220,1439
1221,1329
1222,1310
1223,1288
1224,1269
1224,1441
1224,1401
1224,1420
1226,1271
1226,1249
1226,1530
1227,1251
1227,1399
1227,1336
1228,1357
1230,1533
1233,1298
1234,1407
1235,1236
1236,1542
1237,1282
1237,1431
1239,1281
1240,1259
1240,1460
1241,1305
1241,1502
1241,1481
1241,1262
1242,1243
1242,1264
1243,1264
1244,1351
1245,1419
1247,1354
1247,1531
1247,1380
1248,1357
1249,1469
1250,1314
1251,1270
1251,1358
1252,1557
1252,1275
1253,1277
1253,1383
1253,1472
1256,1342
1257,1433
1258,1478
1259,1563
1260,1281
1260,1498
1261,1459
1261,1565
1261,1306
1262,1415
1262,1393
1263,1394
1264,1415
1265,1462
1265,1307
1266,1419
1266,1332
1268,1400
1269,1509
1270,1532
1270,1465
1271,1470
1271,1272
1272,1316
1272,1468
1273,1556
1273,1382
1275,1296
1275,1429
1276,1319
1277,1450
1278,1452
1278,1517
1280,1522
1280,1367
1281,1304
1283,1328
1283,1543
1284,1546
1284,1567
1285,1392
1285,1503
1285,1306
1287,1307
1289,1441
1291,1356
1291,1530
1292,1553
1292,1575
1293,1335
1294,1553
1295,1358
1295,1447
1296,1359
1297,1298
1298,1385
1298,1340
1299,1301
1300,1364
1302,1455
1302,1454
1302,1479
1303,1345
1303,1498
1303,1500
1306,1349
1307,1417
1308,1352
1309,1506
1310,1484
1310,1332
1312,1529
1312,1380
1313,1381
1315,1492
1315,1448
1316,1555
1317,1559
1318,1447
1319,1538
1321,1540
1323,1368
1323,1562
1324,1475
1326,1391
1331,1570
1332,1527
1333,1508
1334,1378
1335,1421
1335,1444
1336,1355
1339,1385
1340,1577
1340,1341
1341,1427
1342,1388
1345,1368
1346,1477
1346,1542
1346,1367
1347,1546
1348,1435
1348,1372
1349,1482
1350,1483
1351,1568
1351,1395
1353,1373
1353,1484
1354,1399
1355,1377
1357,1379
1358,1360
1362,1579
1364,1406
1364,1559
1366,1561
1370,1567
1372,1505
1372,1414
1373,1396
1374,1417
1375,1508
1375,1551
1376,1527
1378,1464
1378,1554
1378,1444
1381,1489
1382,1576
1383,1429
1386,1453
1386,1541
1390,1521
1390,1523
1392,1499
1392,1544
1392,1480
1393,1523
1394,1458
1397,1552
1398,1462
1400,1485
1400,1508
1402,1423
1402,1466
1403,1470
1404,1428
1404,1449
1405,1450
1406,1491
1407,1495
1408,1472
1410,1474
1413,1521
1415,1501
1416,1437
1416,1461
1416,1505
1417,1570
1418,1507
1418,1438
1419,1573
1422,1442
1424,1469
1425,1445
1425,1512
1426,1489
1427,1493
1430,1476
1434,1546
1437,1549
1439,1507
1442,1464
1443,1552
1445,1530
1445,1510
1446,1488
1448,1514
1450,1496
1451,1560
1451,1536
1452,1474
1456,1499
1456,1498
1457,1564
1458,1545
1461,1569
1461,1505
1466,1531
1469,1580
1471,1581
1477,1563
1477,1498
1479,1524
1480,1523
1480,1502
1482,1567
1483,1526
1489,1510
1501,1566
1504,1549
1505,1525
1512,1558
1517,1537
1520,1566
1529,1531
1533,1578
1536,1557
1545,1547
1548,1569
1554,1576
1558,1577
1562,1563
1574,1575
1577,1579
