0,1000
0,218
0,672
0,933
1,133
1,1369
1,1345
1,1565
2,1130
2,1497
2,44
2,1258
3,910
3,5
3,1042
3,1150
4,1022
4,1241
4,1476
4,955
5,1412
5,266
5,1568
6,226
6,1329
6,202
6,1457
7,1549
7,1392
7,1483
7,506
8,1505
8,641
8,267
8,620
9,1440
9,268
9,1353
9,313
10,444
10,1551
10,574
10,685
11,1397
11,902
11,925
11,98
12,1053
12,1269
12,1531
12,837
13,1486
13,1335
13,14
13,1095
14,144
14,1402
14,1511
15,1490
15,213
15,103
15,1207
16,1424
16,1401
16,1270
16,36
17,1471
17,84
17,455
17,499
18,409
18,127
18,63
18,1491
19,170
19,672
19,518
19,125
20,260
20,1409
20,540
20,561
21,606
21,45
21,935
21,261
22,735
22,823
22,1129
22,88
23,825
23,736
23,934
23,1345
24,154
24,244
24,1260
24,1368
25,1415
25,1196
25,242
25,1456
26,290
26,1546
26,203
26,115
27,422
27,94
27,1238
27,95
28,205
28,113
28,335
28,1240
29,1504
29,1527
29,291
29,421
30,313
30,73
30,1418
30,161
31,834
31,923
31,751
31,117
32,769
32,903
32,97
32,1485
33,1008
33,1485
33,660
33,164
34,946
34,1442
34,1533
34,143
35,1140
35,1380
35,920
35,1469
36,298
36,1162
36,1447
37,1206
37,149
37,323
37,1384
38,1536
38,343
38,298
38,342
39,214
39,366
39,41
39,521
40,628
40,192
40,1581
40,147
41,1494
41,1579
41,454
42,65
42,1583
42,413
42,520
43,717
43,913
43,761
43,824
44,717
44,1064
44,977
45,1369
45,1302
45,933
46,1194
46,1041
46,1476
46,1132
47,1021
47,244
47,201
47,1524
48,1525
48,1521
48,1110
48,1458
49,398
49,309
49,1154
49,51
50,314
50,180
50,201
50,1566
51,1349
51,423
51,421
52,376
52,116
52,183
52,1461
53,74
53,1508
53,617
53,641
54,858
54,1549
54,531
54,1419
55,794
55,228
55,250
55,1554
56,923
56,142
56,1008
56,988
57,1075
57,1164
57,1357
57,987
58,1316
58,1422
58,1143
58,1469
59,364
59,1317
59,1032
59,125
60,431
60,475
60,169
60,321
61,430
61,1537
61,474
61,190
62,324
62,498
62,321
62,280
63,301
63,629
63,215
64,648
64,1450
64,588
64,172
65,740
65,1473
65,805
66,1564
66,781
66,134
66,958
67,1457
67,131
67,89
67,1064
68,1435
68,1259
68,1348
68,1498
69,245
69,244
69,1455
69,1347
70,1567
70,1500
70,377
70,1130
71,266
71,1568
71,508
71,1522
72,598
72,489
72,1504
72,312
73,378
73,487
73,139
74,377
74,119
74,1439
75,773
75,205
75,533
75,639
76,945
76,141
76,119
76,729
77,1575
77,141
77,1530
77,750
78,189
78,1012
78,1052
78,1444
79,1252
79,1422
79,80
79,188
80,1270
80,188
80,1579
81,1142
81,254
81,1490
81,1118
82,1318
82,1427
82,433
82,342
83,585
83,212
83,1427
83,1428
84,1583
84,542
84,478
85,196
85,1408
85,432
85,413
86,630
86,564
86,391
86,347
87,845
87,306
87,762
87,1583
88,1540
88,804
88,715
89,845
89,1456
89,1154
90,177
90,1241
90,1217
90,307
91,1523
91,199
91,1477
91,93
92,1523
92,1085
92,1328
92,111
93,1544
93,1565
93,1546
94,576
94,1504
94,183
95,662
95,639
95,138
96,508
96,402
96,139
96,207
97,554
97,618
97,771
98,729
98,795
98,272
99,1054
99,878
99,229
99,338
100,1511
100,1054
100,1032
100,187
101,1055
101,879
101,319
101,320
102,1555
102,1250
102,1445
102,1100
103,147
103,344
103,1318
104,256
104,1382
104,453
104,1141
105,256
105,586
105,281
105,214
106,1362
106,239
106,1407
106,501
107,213
107,500
107,283
107,454
108,1541
108,1474
108,498
108,694
109,588
109,871
109,325
109,218
110,956
110,1045
110,178
110,802
111,285
111,199
111,1542
112,264
112,1459
112,222
112,198
113,201
113,376
113,419
114,1350
114,1413
114,1522
114,357
115,1483
115,1438
115,1436
116,290
116,663
116,1548
117,205
117,815
117,463
118,881
118,748
118,225
118,227
119,208
119,966
120,946
120,1054
120,705
120,164
121,122
121,1207
121,1077
121,273
122,1467
122,1577
122,1424
123,1340
123,1553
123,319
123,1120
124,1446
124,1208
124,1187
124,1488
125,474
125,475
126,497
126,1425
126,368
126,281
127,718
127,608
127,235
128,565
128,257
128,629
128,805
129,871
129,738
129,610
129,828
130,456
130,545
130,520
130,979
131,1541
131,891
131,1476
132,1499
132,1064
132,197
132,738
133,1369
133,1131
133,1174
134,1393
134,1133
134,1479
135,1086
135,1307
135,179
135,1416
136,159
136,1151
136,1373
136,1174
137,1394
137,1482
137,551
137,1197
138,551
138,226
138,159
139,595
139,574
140,1484
140,335
140,639
140,141
141,251
142,792
142,642
142,165
143,707
143,360
143,880
144,1096
144,231
144,945
145,1382
145,1209
145,1251
145,1293
146,1142
146,1077
146,1272
146,1098
147,232
147,298
148,1426
148,1534
148,259
148,387
149,366
149,1449
149,368
150,196
150,587
150,476
150,522
151,652
151,325
151,302
151,478
152,324
152,174
152,824
152,697
153,282
153,890
153,1022
153,586
154,1499
154,263
154,783
155,1109
155,1068
155,1543
155,1088
156,1173
156,1107
156,376
156,1393
157,223
157,1500
157,1085
157,312
158,222
158,223
158,1217
158,1284
159,575
159,530
160,379
160,423
160,555
160,577
161,793
161,423
161,465
162,487
162,750
162,599
162,947
163,620
163,534
163,839
163,795
164,835
164,317
165,231
165,1009
165,166
166,384
166,968
166,1034
167,1339
167,1253
167,1184
167,1514
168,1448
168,431
168,410
168,299
169,1273
169,1450
169,1315
170,498
170,1426
170,299
171,631
171,195
171,1513
171,739
172,477
172,825
172,476
173,650
173,652
173,499
173,390
174,740
174,934
174,194
175,848
175,1132
175,1065
175,937
176,1109
176,760
176,804
176,1022
177,1240
177,1198
177,396
178,1499
178,219
178,263
179,309
179,1065
179,308
180,1216
180,397
180,1502
181,1306
181,399
181,510
181,1391
182,529
182,640
182,1458
182,1526
183,816
183,248
184,620
184,491
184,686
184,447
185,817
185,491
185,967
185,1550
186,749
186,857
186,814
186,533
187,771
187,273
187,275
188,1009
188,1230
189,208
189,1162
189,1121
190,235
190,277
190,410
191,1163
191,1580
191,344
191,364
192,496
192,408
192,1533
193,369
193,497
193,674
193,370
194,739
194,240
194,1559
195,456
195,565
195,238
196,737
196,347
197,913
197,1025
197,394
198,1109
198,1001
198,330
199,264
199,220
200,1174
200,1503
200,1391
200,1085
201,1349
202,1263
202,1349
202,442
203,1374
203,356
203,532
204,402
204,575
204,334
204,400
205,553
206,599
206,861
206,622
206,970
207,446
207,1033
207,274
208,405
208,792
209,989
209,1011
209,969
209,1098
210,1555
210,924
210,341
210,1186
211,1187
211,1536
211,1577
211,1122
212,1470
212,1360
212,214
213,520
213,215
214,1429
215,369
215,388
216,718
216,433
216,567
216,803
217,413
217,1540
217,674
217,218
218,1583
219,1003
219,914
219,957
220,1002
220,350
220,309
221,1479
221,439
221,1544
221,1002
222,1239
222,1043
223,1196
223,225
224,1418
224,397
224,1437
224,269
225,596
225,1547
226,1568
226,596
227,815
227,293
227,1506
228,335
228,839
228,727
229,926
229,445
229,296
230,1101
230,295
230,730
230,923
231,948
231,294
232,252
232,385
232,1140
233,299
233,1164
233,429
233,1297
234,1492
234,431
234,1340
234,1427
235,1490
235,430
236,1339
236,412
236,301
236,1560
237,653
237,432
237,455
237,1517
238,346
238,280
238,720
239,718
239,784
239,304
240,914
240,1068
240,282
241,284
241,914
241,697
241,326
242,286
242,1111
242,1133
243,1153
243,1087
243,1156
243,289
244,1481
245,443
245,398
245,1501
246,1523
246,1570
246,442
246,401
247,1550
247,683
247,1417
247,1481
248,665
248,596
248,555
249,422
249,552
249,902
249,359
250,817
250,753
250,381
251,816
251,664
251,750
252,1252
252,360
252,362
253,1077
253,449
253,1272
253,1033
254,1425
254,1056
254,1144
255,1209
255,277
255,1121
255,388
256,1472
256,475
257,412
257,411
257,301
258,522
258,1428
258,695
258,1536
259,807
259,279
259,454
260,870
260,542
260,607
261,502
261,328
261,808
262,851
262,503
262,871
262,524
263,327
263,1024
264,827
264,329
265,1393
265,1435
265,1153
265,1287
266,289
266,1111
267,333
267,418
267,1240
268,1392
268,1460
268,1548
269,1482
269,595
269,1462
270,379
270,420
270,512
270,422
271,840
271,1549
271,1570
271,447
272,274
272,556
272,489
273,772
273,797
274,1033
274,945
275,1122
275,1011
275,1188
276,278
276,1099
276,990
276,1165
277,1557
277,1186
278,367
278,476
278,430
279,1317
279,1429
279,1515
280,1406
280,673
281,367
281,413
282,760
282,436
283,327
283,1025
283,502
284,568
284,458
284,742
285,1046
285,479
285,979
286,331
286,1287
286,329
287,1547
287,373
287,1044
287,288
288,334
288,289
288,1111
289,1284
290,576
290,444
291,596
291,684
291,358
292,1569
292,641
292,664
292,378
293,862
293,378
293,772
294,946
294,928
294,1058
295,511
295,880
295,448
296,1076
296,859
296,341
297,1167
297,1099
297,1165
297,989
298,495
299,1253
300,1362
300,412
300,452
300,1296
302,716
302,456
302,323
303,829
303,763
303,567
303,674
304,434
304,719
304,720
305,677
305,655
305,457
305,522
306,676
306,348
306,916
307,1069
307,526
307,1197
308,1000
308,349
308,418
309,442
310,1112
310,1130
310,332
310,1525
311,1306
311,355
311,399
311,1176
312,1502
312,1439
313,1436
313,532
314,467
314,530
314,403
315,662
315,358
315,818
315,579
316,684
316,598
316,338
316,575
317,511
317,490
317,363
318,534
318,512
318,1013
318,1120
319,537
319,967
320,991
320,1513
320,473
321,474
321,1533
322,1229
322,389
322,341
322,1188
323,520
323,1363
324,1448
324,628
325,1580
325,477
326,783
326,590
326,586
327,414
327,524
328,329
328,1046
328,655
329,741
330,1331
330,958
330,463
331,1546
331,375
331,1155
332,1370
332,440
332,1548
333,1567
333,507
333,421
334,1306
334,485
335,640
336,749
336,466
336,488
336,881
337,753
337,422
337,622
337,949
338,971
338,533
339,1080
339,667
339,1143
339,924
340,382
340,992
340,385
340,861
341,1404
342,1447
342,1188
343,1359
343,1473
343,1446
344,1338
344,1577
345,366
345,1362
345,652
345,387
346,1493
346,521
346,653
347,456
347,479
348,1003
348,696
348,894
349,631
349,608
349,981
350,1110
350,1047
350,504
351,1263
351,481
351,1022
351,894
352,1329
352,396
352,1091
352,1330
353,1243
353,1350
353,1286
353,1458
354,1372
354,1459
354,508
354,615
355,1523
355,1524
355,401
356,573
356,683
356,486
357,1569
357,705
357,1527
358,555
358,443
359,906
359,731
359,401
360,1078
360,405
361,1079
361,1146
361,1034
361,645
362,1210
362,1057
362,992
363,473
363,990
363,927
364,383
364,1316
365,1451
365,562
365,1210
365,541
366,1469
367,1491
367,1361
368,1582
368,606
369,782
369,741
370,696
370,630
370,651
371,806
371,434
371,1045
371,547
372,762
372,588
372,983
372,502
373,763
373,527
373,439
374,1416
374,462
374,1243
374,1242
375,527
375,1349
375,1263
376,1437
377,594
377,1505
378,400
379,705
379,554
380,926
380,859
380,578
380,400
381,972
381,1059
381,1057
382,512
382,599
382,927
383,902
383,471
383,1078
384,926
384,1233
384,1015
385,1167
385,1316
386,1078
386,408
386,1319
386,1384
387,1298
387,1295
388,1407
388,1491
389,584
389,1449
389,1561
390,435
390,585
390,563
391,435
391,829
391,568
392,589
392,895
392,764
392,630
393,459
393,830
393,438
393,1088
394,546
394,1222
394,1003
395,1352
395,1134
395,438
395,851
396,1221
396,1265
397,1219
397,1265
398,1351
398,572
399,1262
399,1483
400,445
401,420
402,663
402,839
403,774
403,663
403,797
404,579
404,665
404,818
404,859
405,776
405,882
406,905
406,667
406,949
406,731
407,1341
407,1231
407,1122
407,515
408,516
408,1122
409,1360
409,1515
409,1449
410,1579
410,519
411,1407
411,1451
411,544
412,477
414,895
414,612
414,869
415,1089
415,523
415,1111
415,761
416,873
416,937
416,720
416,764
417,611
417,1309
417,1045
417,893
418,1178
418,1416
419,1439
419,1418
419,1371
420,1481
420,1503
421,620
423,840
424,794
424,884
424,950
424,903
425,644
425,536
425,925
425,1014
426,885
426,863
426,428
426,947
427,492
427,644
427,1210
427,904
428,470
428,1254
428,1145
429,472
429,1142
429,451
430,648
431,1452
432,607
432,695
433,478
433,521
434,654
434,563
435,499
435,828
436,699
436,1027
436,719
437,1088
437,1004
437,982
437,677
438,567
438,1047
439,1221
439,982
440,593
440,460
440,1332
441,1482
441,1375
441,1505
441,530
442,1375
443,529
443,1436
444,729
444,751
445,640
445,597
446,706
446,793
446,882
447,842
447,490
448,752
448,1125
448,973
449,603
449,581
449,929
450,1015
450,492
450,798
450,1014
451,453
451,1059
451,1145
452,540
452,1275
452,1559
453,1318
453,1342
454,695
455,1580
455,501
457,651
457,697
457,720
458,917
458,940
458,961
459,830
459,718
459,482
460,635
460,613
460,1002
461,593
461,1023
461,570
461,1067
462,724
462,1462
462,573
463,1200
463,618
464,1353
464,659
464,660
464,1507
465,1527
465,1417
465,660
466,619
466,727
466,709
467,949
467,619
467,666
468,688
468,728
468,795
468,623
469,621
469,1147
469,731
469,863
470,690
470,1210
470,1232
471,1016
471,777
471,601
472,1255
472,1103
472,583
473,1277
473,1146
474,1299
475,1539
476,1557
477,1493
478,1581
479,742
479,937
480,1134
480,565
480,961
480,1069
481,523
481,701
481,1001
482,765
482,1091
482,571
483,680
483,766
483,503
483,616
484,1242
484,592
484,1420
484,1158
485,1241
485,529
485,1441
486,1461
486,1480
486,528
487,1482
487,1460
488,509
488,574
488,554
489,818
489,578
490,949
490,774
491,666
491,622
492,512
492,973
493,1037
493,645
493,841
493,860
494,1167
494,710
494,513
494,841
495,560
495,714
495,1231
496,1493
496,1275
496,583
497,650
497,1493
498,694
499,649
500,895
500,738
500,650
501,872
501,892
502,1027
503,917
503,981
504,939
504,612
504,1024
505,1396
505,810
505,506
505,1115
506,1375
506,1506
507,1528
507,1507
507,617
508,553
509,1528
509,1505
509,638
510,1525
510,621
510,730
511,838
511,927
513,709
513,708
513,773
514,1125
514,1123
514,775
514,1079
515,604
515,1079
515,798
516,1014
516,1409
516,777
517,1363
517,1341
517,1385
517,1343
518,1299
518,1320
518,1409
519,717
519,1496
519,587
521,851
522,870
523,806
523,893
524,807
524,546
525,829
525,1159
525,1199
525,1264
526,830
526,550
526,1308
527,1397
527,1440
528,1264
528,1202
528,1332
529,1572
530,749
531,661
531,793
531,1417
532,726
532,837
533,643
534,1014
534,994
535,969
535,817
535,1080
535,1125
536,599
536,710
536,688
537,713
537,1102
537,1058
538,1189
538,798
538,1430
538,692
539,1209
539,625
539,1296
539,671
540,1274
540,759
541,1560
541,1276
541,1517
542,652
542,1471
543,566
543,870
543,674
543,565
544,719
544,675
544,741
545,1026
545,806
545,656
546,765
546,960
547,915
547,831
547,610
548,614
548,677
548,896
548,1289
549,1331
549,1199
549,1243
550,1267
550,1178
550,1439
551,1330
551,1265
552,728
552,770
552,1460
553,705
553,707
554,578
555,708
556,925
556,839
556,774
557,669
557,843
557,819
557,730
558,991
558,710
558,730
558,800
559,1166
559,1321
559,884
559,1190
560,1124
560,1254
560,711
561,1449
561,1558
561,1362
562,1384
562,1342
562,1386
563,608
563,1363
564,848
564,740
564,632
566,567
566,894
566,763
568,983
568,1090
569,571
569,636
569,679
569,724
570,1155
570,786
570,744
571,789
571,1223
572,613
572,1572
572,1267
573,659
573,662
574,1571
575,751
576,753
576,598
577,906
577,621
577,597
578,686
579,1212
579,688
580,755
580,1321
580,930
580,1123
581,1035
581,668
581,1256
582,972
582,1495
582,1408
582,1365
583,1232
583,779
584,1430
584,607
584,1538
585,606
585,1492
586,1492
587,849
587,827
588,738
589,786
589,894
589,722
590,653
590,676
590,744
591,1089
591,787
591,1310
591,745
592,833
592,1200
592,919
593,1220
593,984
594,616
594,1549
594,615
595,792
595,727
597,771
597,641
598,772
600,1037
600,642
600,1168
600,820
601,622
601,1018
601,1057
602,1105
602,884
602,1342
602,777
603,1060
603,732
603,669
604,1407
604,1323
604,1189
605,1516
605,1386
605,823
605,759
606,739
607,736
608,609
609,852
609,785
609,939
610,785
610,634
611,784
611,1002
611,918
612,1178
612,1049
613,1155
613,1090
614,747
614,1113
614,939
615,745
615,1376
616,1571
616,617
617,1504
618,662
618,1441
619,708
619,860
621,859
623,646
623,1124
623,864
624,1212
624,1322
624,905
624,735
625,1102
625,689
625,756
626,866
626,1233
626,1518
626,802
627,1541
627,1323
627,694
627,628
628,782
629,1537
629,803
630,848
631,716
631,1582
632,982
632,739
632,633
633,1114
633,918
633,1135
634,1006
634,1092
634,915
635,1070
635,898
635,700
636,1355
636,742
636,1421
637,853
637,1461
637,918
637,1157
638,812
638,1463
638,702
639,1571
640,770
642,709
642,684
643,645
643,776
643,798
644,756
644,1060
645,884
646,885
646,994
646,820
647,1214
647,649
647,1017
647,888
648,1385
648,737
649,670
649,802
650,1473
651,1562
651,1559
653,980
654,962
654,873
654,851
655,1112
655,785
656,765
656,1005
656,1223
657,854
657,897
657,1072
657,1331
658,1309
658,1331
658,1201
658,766
659,1508
659,1399
660,835
661,749
661,1507
661,1332
663,882
664,817
664,991
665,711
665,907
666,712
666,970
667,776
667,1104
668,993
668,801
668,1170
669,802
669,1017
670,1081
670,864
670,1232
671,1344
671,1560
671,1343
672,869
672,1516
673,1562
673,849
673,696
675,892
675,938
675,981
676,983
676,936
677,958
678,831
678,1049
678,963
678,959
679,962
679,1288
679,1117
680,940
680,1378
680,1443
681,1224
681,1246
681,768
681,788
682,812
682,1463
682,1527
682,1421
683,1484
683,1461
684,881
685,926
685,1570
685,773
686,838
686,860
687,1101
687,970
687,948
687,1146
688,773
689,1298
689,1038
689,842
690,1170
690,1189
690,754
691,1280
691,1450
691,1193
691,759
692,868
692,1495
692,1279
693,1432
693,1581
693,847
693,1278
694,762
695,1580
696,741
697,915
698,873
698,787
698,1093
698,1114
699,721
699,984
699,896
700,1004
700,1158
700,872
701,1356
701,1312
701,1156
702,767
702,1159
702,1483
703,770
703,1265
703,876
703,1506
704,812
704,724
704,1508
704,833
706,967
706,1462
706,726
707,927
707,947
708,771
709,1057
710,1081
711,778
711,1236
712,1081
712,1255
712,778
713,734
713,1277
713,1236
714,909
714,1277
714,1386
715,1321
715,824
715,778
716,1473
716,1430
717,1581
719,982
721,1027
721,960
721,897
722,1177
722,1221
722,898
723,1354
723,1376
723,766
723,1161
724,1529
725,943
725,1269
725,1007
725,1203
726,1571
726,1486
727,795
728,967
728,1570
729,1035
731,1146
732,1102
732,1147
732,1145
733,972
733,1036
733,1299
733,1039
734,800
734,1320
734,1519
735,1497
735,1213
736,1455
736,803
737,826
737,1431
740,935
742,1135
743,1179
743,1178
743,828
743,895
744,1266
744,875
745,1267
745,1311
746,920
746,1398
746,1356
746,1572
747,1530
747,1464
747,770
748,1509
748,789
748,1356
750,1551
751,861
752,904
752,862
752,1036
753,971
754,756
754,1082
754,1213
755,1367
755,775
755,1235
756,1189
757,1105
757,801
757,1345
757,1083
758,1387
758,1191
758,1411
758,759
760,1539
760,1409
761,1000
761,849
762,935
763,784
764,786
764,853
765,1158
766,872
767,1074
767,1028
767,789
768,1116
768,1550
768,1005
769,1353
769,942
769,880
772,904
774,794
775,821
775,1147
776,1233
777,1038
778,1453
779,1564
779,1364
779,1343
780,891
780,909
780,1300
780,1299
781,848
782,890
782,871
783,957
783,1001
784,939
785,1068
786,1025
787,854
787,917
788,1333
788,963
788,877
789,809
790,1423
790,1050
790,986
790,1396
791,966
791,1528
791,1377
791,1074
792,1053
793,1509
794,970
796,905
796,993
796,929
796,883
797,1148
797,1211
799,819
799,974
799,1148
799,1084
800,1281
800,1410
801,820
801,889
803,912
804,956
804,1561
805,938
805,1561
806,1025
807,892
807,1026
808,1091
808,852
809,1115
809,1117
809,1204
810,1094
810,1138
810,1093
811,921
811,1398
811,1379
811,1313
812,985
813,1400
813,857
813,836
813,899
814,836
814,1032
814,1552
815,881
815,1013
816,1036
816,837
818,903
819,952
819,994
820,1234
821,1107
821,843
821,1171
822,1255
822,907
822,1039
822,1364
823,1300
823,1455
824,1408
825,980
825,934
826,937
826,892
826,958
827,1044
827,891
828,1027
829,1114
830,1073
831,1048
831,1071
832,1118
832,1465
832,833
832,1095
833,1313
834,966
834,1181
834,1010
835,1033
835,1444
836,1531
836,965
837,902
838,924
838,1012
840,971
840,929
841,951
841,907
842,1149
842,1015
843,889
843,931
844,1150
844,1083
844,1172
844,1369
845,977
845,976
846,867
846,1386
846,1344
846,890
847,980
847,868
847,979
849,1000
850,1023
850,1070
850,936
850,1046
852,983
852,898
853,1266
853,875
854,1465
854,1223
855,1179
855,1485
855,944
855,1314
856,857
856,1030
856,1553
856,1442
857,944
858,1098
858,1574
858,1013
860,862
861,991
862,994
863,1103
863,1169
864,928
864,1390
865,1104
865,1018
865,1103
865,1063
866,1215
866,1431
866,1106
867,1149
867,1281
867,1540
868,911
868,1452
869,977
869,1024
870,938
872,1067
873,1246
874,1115
874,1268
874,981
874,1203
875,1159
875,1203
876,878
876,1510
876,1249
877,1136
877,1291
877,1138
878,1511
878,1529
879,1096
879,1465
880,945
882,928
883,1035
883,950
883,992
885,1126
885,1062
886,1257
886,1212
886,1190
886,930
887,1168
887,976
887,1192
887,1081
888,1280
888,954
888,1060
889,1412
889,1085
890,1498
891,1498
893,1132
893,936
896,1048
896,1136
897,1399
897,1116
898,1030
899,985
899,1139
899,1202
900,1484
900,1463
900,1380
900,1271
901,946
901,1077
901,968
901,1463
903,1099
904,950
905,1016
906,1124
906,952
907,1234
908,1017
908,1279
908,1020
908,1106
909,1564
909,1278
910,1366
910,1496
910,1452
911,1127
911,1216
911,1193
912,1151
912,1475
912,1456
913,1043
913,1044
914,960
915,1045
916,1156
916,1201
916,1048
917,1006
918,963
919,1222
919,1400
919,1509
920,963
920,1136
921,1293
921,1488
921,1137
922,1510
922,986
922,1055
922,1574
923,1162
924,969
925,1144
928,950
929,1126
930,1277
930,1454
931,1061
931,1301
931,1413
932,1390
932,1324
932,1195
932,1391
933,1065
933,1128
934,1001
935,978
936,1112
938,1067
940,1204
940,1245
941,1182
941,1442
941,1422
941,1135
942,1029
942,1376
942,1072
943,1575
943,1097
943,1137
944,987
944,988
947,1098
948,1034
948,1190
951,1432
951,1040
951,975
952,1347
952,1234
953,1322
953,1434
953,1172
953,1152
954,1281
954,1325
954,999
955,1431
955,1520
955,1129
956,1067
956,999
957,959
957,999
959,1200
959,1091
960,961
961,1113
962,1205
962,1069
964,1204
964,1402
964,1573
964,1160
965,1420
965,1205
965,1512
966,1228
968,1575
968,1101
969,1165
971,1169
972,1211
973,1193
973,995
974,996
974,1215
974,1214
975,1387
975,1279
975,1256
976,1323
976,1540
977,1566
978,1433
978,1412
978,1196
979,1089
980,1177
984,1048
984,1050
985,1031
985,1202
986,1007
986,1379
987,1247
987,1574
988,1074
988,1512
989,1053
989,1010
990,1100
990,1166
992,1016
993,1059
993,1101
995,1343
996,1387
996,1212
996,1433
997,1169
997,1258
997,1238
997,1366
998,1477
998,1106
998,1562
998,1257
999,1346
1003,1089
1004,1244
1004,1289
1005,1159
1005,1049
1006,1268
1006,1222
1007,1202
1007,1270
1008,1206
1008,1444
1009,1055
1009,1251
1010,1120
1010,1251
1011,1121
1011,1055
1012,1231
1012,1034
1013,1209
1015,1060
1016,1080
1017,1344
1018,1543
1018,1326
1019,1256
1019,1238
1019,1543
1019,1389
1020,1280
1020,1283
1020,1258
1021,1086
1021,1041
1021,1284
1023,1218
1023,1219
1024,1026
1026,1289
1028,1291
1028,1205
1028,1378
1029,1247
1029,1487
1029,1489
1030,1381
1030,1162
1031,1139
1031,1095
1031,1358
1032,1573
1035,1056
1036,1056
1037,1166
1037,1149
1038,1062
1038,1147
1039,1192
1039,1059
1040,1519
1040,1282
1040,1128
1041,1563
1041,1562
1042,1237
1042,1479
1042,1283
1043,1152
1043,1541
1044,1133
1046,1069
1047,1245
1047,1179
1049,1313
1050,1070
1050,1466
1051,1400
1051,1333
1051,1271
1051,1337
1052,1336
1052,1531
1052,1161
1053,1512
1054,1380
1056,1100
1058,1102
1058,1232
1061,1105
1061,1365
1061,1255
1062,1281
1062,1367
1063,1303
1063,1086
1063,1217
1064,1083
1065,1520
1066,1129
1066,1326
1066,1219
1066,1348
1068,1198
1070,1114
1071,1073
1071,1180
1071,1247
1072,1354
1072,1333
1073,1248
1073,1224
1074,1075
1075,1269
1075,1445
1076,1487
1076,1183
1076,1186
1078,1273
1079,1191
1080,1126
1082,1125
1082,1211
1082,1233
1083,1107
1084,1324
1084,1410
1084,1258
1086,1345
1087,1542
1087,1197
1087,1218
1088,1305
1090,1092
1090,1201
1092,1224
1092,1312
1093,1135
1093,1115
1094,1292
1094,1336
1094,1468
1095,1576
1096,1382
1096,1403
1097,1467
1097,1335
1097,1358
1099,1340
1100,1142
1103,1300
1104,1237
1104,1366
1105,1214
1106,1239
1107,1259
1108,1259
1108,1214
1108,1432
1108,1302
1109,1567
1110,1262
1110,1566
1112,1307
1113,1198
1113,1157
1116,1377
1116,1464
1117,1225
1117,1552
1118,1421
1118,1422
1119,1186
1119,1336
1119,1291
1119,1556
1120,1230
1121,1252
1123,1278
1123,1168
1124,1344
1126,1476
1127,1411
1127,1346
1127,1370
1128,1414
1128,1235
1129,1236
1130,1282
1131,1241
1131,1285
1131,1478
1132,1351
1133,1285
1134,1136
1134,1242
1137,1443
1137,1290
1138,1334
1138,1401
1139,1163
1139,1291
1140,1339
1140,1555
1141,1426
1141,1576
1141,1489
1143,1361
1143,1297
1144,1274
1144,1211
1145,1191
1148,1301
1148,1170
1149,1388
1150,1412
1150,1260
1151,1479
1151,1305
1152,1239
1152,1173
1153,1566
1153,1350
1154,1373
1154,1328
1155,1330
1156,1222
1157,1290
1157,1309
1158,1334
1160,1420
1160,1487
1160,1270
1161,1338
1161,1314
1163,1337
1163,1316
1164,1402
1164,1188
1165,1555
1166,1253
1167,1341
1168,1257
1169,1302
1170,1324
1171,1519
1171,1435
1171,1279
1172,1215
1172,1323
1173,1240
1173,1434
1174,1502
1175,1350
1175,1437
1175,1260
1175,1413
1176,1373
1176,1199
1176,1327
1177,1374
1177,1352
1179,1354
1180,1311
1180,1268
1180,1290
1181,1357
1181,1205
1181,1182
1182,1224
1182,1294
1183,1486
1183,1425
1183,1400
1184,1294
1184,1535
1184,1424
1185,1357
1185,1470
1185,1250
1185,1227
1187,1406
1187,1252
1190,1231
1191,1301
1192,1302
1192,1498
1193,1368
1194,1324
1194,1501
1194,1303
1195,1261
1195,1368
1195,1433
1196,1542
1197,1459
1198,1524
1199,1395
1200,1242
1201,1355
1203,1246
1204,1443
1206,1249
1206,1226
1207,1358
1207,1514
1208,1228
1208,1447
1208,1535
1213,1346
1213,1454
1215,1497
1216,1367
1216,1456
1217,1325
1218,1502
1218,1285
1219,1305
1220,1353
1220,1262
1220,1329
1221,1376
1223,1288
1225,1337
1225,1227
1225,1267
1226,1311
1226,1469
1226,1576
1227,1293
1227,1468
1228,1467
1228,1578
1229,1556
1229,1446
1229,1448
1230,1514
1230,1340
1234,1256
1235,1366
1235,1389
1236,1410
1237,1370
1237,1433
1238,1434
1239,1499
1243,1244
1244,1286
1244,1377
1245,1375
1245,1334
1246,1398
1247,1312
1248,1423
1248,1292
1248,1574
1249,1554
1249,1401
1250,1296
1250,1445
1251,1488
1253,1297
1254,1405
1254,1408
1257,1300
1259,1414
1260,1303
1261,1415
1261,1500
1261,1545
1262,1501
1263,1351
1264,1417
1264,1415
1266,1374
1266,1334
1268,1335
1269,1554
1271,1578
1271,1533
1272,1489
1272,1274
1273,1515
1273,1405
1274,1428
1275,1383
1275,1515
1276,1516
1276,1365
1276,1451
1278,1363
1280,1457
1282,1545
1282,1457
1283,1284
1283,1545
1285,1392
1286,1568
1286,1503
1287,1397
1287,1372
1288,1311
1288,1355
1289,1310
1290,1485
1292,1378
1292,1510
1293,1358
1294,1403
1294,1357
1295,1314
1295,1577
1295,1427
1296,1429
1297,1535
1298,1517
1298,1406
1301,1411
1303,1370
1304,1393
1304,1520
1304,1565
1304,1478
1305,1480
1306,1395
1307,1440
1307,1416
1308,1372
1308,1481
1308,1526
1309,1440
1310,1442
1310,1398
1312,1532
1313,1315
1314,1511
1315,1361
1315,1470
1317,1472
1317,1359
1318,1558
1319,1536
1319,1404
1319,1342
1320,1384
1320,1428
1321,1475
1322,1364
1322,1452
1325,1567
1325,1478
1326,1389
1326,1347
1327,1480
1327,1434
1327,1394
1328,1329
1328,1525
1330,1419
1332,1396
1333,1352
1335,1488
1336,1443
1337,1534
1338,1424
1338,1404
1339,1382
1341,1426
1346,1563
1347,1545
1348,1391
1348,1371
1351,1394
1352,1550
1354,1418
1355,1528
1356,1552
1359,1447
1359,1468
1360,1471
1360,1578
1361,1556
1364,1497
1365,1539
1367,1474
1368,1477
1371,1543
1371,1373
1372,1547
1374,1396
1377,1419
1378,1379
1379,1468
1380,1534
1381,1512
1381,1470
1381,1575
1383,1450
1383,1472
1383,1534
1385,1405
1385,1561
1387,1582
1388,1563
1388,1495
1388,1474
1389,1454
1390,1411
1390,1410
1392,1546
1394,1501
1395,1397
1395,1437
1399,1423
1399,1530
1401,1467
1402,1403
1403,1558
1404,1537
1405,1472
1406,1557
1413,1432
1414,1460
1414,1477
1415,1459
1419,1420
1421,1441
1423,1531
1425,1532
1429,1494
1430,1517
1431,1454
1435,1564
1436,1544
1438,1526
1438,1503
1438,1462
1441,1551
1444,1466
1445,1532
1446,1535
1448,1490
1451,1494
1453,1496
1453,1518
1453,1560
1455,1475
1458,1521
1464,1506
1464,1509
1465,1573
1466,1553
1466,1554
1471,1538
1474,1495
1475,1582
1478,1565
1480,1524
1484,1573
1486,1532
1487,1489
1491,1556
1492,1559
1494,1539
1496,1542
1500,1522
1507,1553
1508,1551
1510,1529
1513,1557
1513,1579
1514,1578
1516,1538
1518,1563
1518,1538
1519,1521
1520,1522
1521,1544
1526,1572
1529,1552
1530,1576
1537,1558
1547,1569
1548,1569
