0,822
0,88
0,1518
0,586
1,1475
1,866
1,87
1,1063
2,197
2,112
2,1173
2,1324
3,911
3,934
3,1436
3,67
4,177
4,224
4,155
4,1306
5,355
5,1195
5,1305
5,1371
6,247
6,1501
6,1436
6,136
7,357
7,310
7,140
7,202
8,116
8,160
8,464
8,1548
9,1395
9,1440
9,184
9,705
10,620
10,792
10,660
10,879
11,1575
11,1485
11,1574
11,681
12,1463
12,793
12,1380
12,1031
13,1008
13,1443
13,232
13,1073
14,1534
14,1162
14,253
14,1011
15,1164
15,213
15,1011
15,192
16,431
16,1315
16,321
16,411
17,125
17,1381
17,82
17,345
18,125
18,1558
18,347
18,282
19,127
19,347
19,1385
19,1579
20,1363
20,283
20,171
20,1428
21,586
21,1496
21,1582
21,1563
22,671
22,781
22,129
22,1474
23,1086
23,45
23,1258
23,44
24,176
24,1502
24,1153
24,1044
25,26
25,110
25,1566
25,113
26,46
26,1281
26,399
27,1413
27,1151
27,1395
27,287
28,1417
28,139
28,314
28,204
29,551
29,182
29,93
29,183
30,1529
30,749
30,1506
30,660
31,161
31,619
31,1552
31,55
32,725
32,945
32,988
32,509
33,100
33,770
33,857
33,748
34,943
34,770
34,143
34,945
35,100
35,1533
35,1075
35,990
36,1404
36,1423
36,1270
36,1227
37,1426
37,342
37,299
37,1253
38,1384
38,234
38,454
38,1514
39,387
39,1471
39,170
39,389
40,1493
40,606
40,434
40,477
41,738
41,347
41,387
41,762
42,1452
42,563
42,849
42,1496
43,326
43,652
43,128
43,606
44,1539
44,260
44,671
45,1583
45,1173
45,1259
46,69
46,892
46,1325
47,89
47,1282
47,933
47,1543
48,1088
48,268
48,155
48,202
49,1241
49,398
49,70
49,1524
50,400
50,72
50,1524
50,1501
51,446
51,94
51,73
51,290
52,141
52,488
52,1483
52,421
53,377
53,642
53,316
53,726
54,1530
54,466
54,815
54,230
55,1551
55,838
55,682
56,1507
56,1032
56,231
56,1553
57,946
57,966
57,969
57,1445
58,1530
58,1404
58,321
58,1335
59,124
59,1187
59,101
59,1295
60,1296
60,1490
60,61
60,103
61,1578
61,1360
61,150
62,387
62,85
62,456
62,517
63,588
63,628
63,630
63,196
64,500
64,675
64,411
64,497
65,673
65,194
65,934
65,587
66,805
66,261
66,1540
66,1045
67,132
67,1368
67,174
68,1347
68,1215
68,1546
68,133
69,1328
69,1500
69,1392
70,1371
70,225
70,136
71,332
71,73
71,1437
71,1286
72,181
72,379
72,620
73,1463
73,376
74,773
74,555
74,1527
74,1484
75,250
75,465
75,121
75,1573
76,836
76,122
76,1573
76,1484
77,1467
77,1096
77,813
77,1464
78,1074
78,1508
78,924
78,1293
79,147
79,1358
79,922
79,80
80,232
80,1557
80,1338
81,1468
81,1206
81,1532
81,1230
82,1206
82,298
82,192
83,366
83,303
83,84
83,1341
84,565
84,1515
84,171
85,628
85,152
85,151
86,651
86,935
86,1517
86,846
87,587
87,629
87,327
88,758
88,1000
88,175
89,1541
89,1216
89,1521
90,243
90,221
90,1020
90,1541
91,1433
91,222
91,93
91,1455
92,134
92,1153
92,1151
92,1546
93,1437
93,335
94,1283
94,576
94,379
95,1569
95,399
95,729
95,683
96,162
96,684
96,401
96,795
97,686
97,1506
97,359
97,247
98,511
98,358
98,1573
98,727
99,229
99,252
99,900
99,1550
100,231
100,1336
101,1250
101,1337
101,1293
102,1488
102,213
102,1165
102,1097
103,1206
103,257
103,320
104,105
104,1271
104,365
104,1576
105,1317
105,127
105,478
106,672
106,521
106,631
106,193
107,217
107,260
107,761
107,283
108,324
108,652
108,695
108,736
109,783
109,564
109,219
109,804
110,111
110,892
110,1065
111,1391
111,1196
111,351
112,1240
112,954
112,1565
113,1107
113,1065
113,1371
114,1219
114,378
114,160
114,310
115,244
115,135
115,1417
115,1350
116,618
116,641
116,379
117,1572
117,662
117,269
117,227
118,356
118,1528
118,184
118,422
119,882
119,923
119,967
119,748
120,836
120,1053
120,728
120,704
121,1531
121,1532
121,165
122,277
122,1490
122,990
123,1340
123,990
123,1578
123,1336
124,125
124,1402
124,1054
125,300
126,322
126,520
126,342
126,1318
127,1579
127,239
128,605
128,740
128,1449
129,346
129,238
129,367
130,544
130,1518
130,1561
130,285
131,1001
131,934
131,912
131,1454
132,198
132,329
132,804
133,265
133,1477
133,155
134,287
134,1285
134,1065
135,158
135,1281
135,1067
136,1482
136,333
137,247
137,531
137,1372
137,1457
138,1438
138,1545
138,1567
138,1525
139,1438
139,1570
139,794
140,380
140,141
140,489
141,708
141,1507
142,882
142,575
142,143
142,359
143,902
143,1078
144,1316
144,363
144,1077
145,1229
145,1553
145,1444
145,1510
146,1184
146,1230
146,988
146,192
147,1576
147,298
147,1231
148,1577
148,1341
148,411
148,1273
149,474
149,195
149,386
149,1382
150,414
150,1561
150,607
151,194
151,390
151,804
152,346
152,827
152,780
153,371
153,849
153,828
153,1540
154,761
154,198
154,174
154,890
155,1131
156,1565
156,1198
156,1459
156,1044
157,331
157,1132
157,267
157,246
158,1262
158,181
158,1242
159,1548
159,533
159,466
159,402
160,446
160,1567
161,771
161,1482
161,795
162,859
162,750
162,164
163,880
163,750
163,968
163,318
164,273
164,296
164,770
165,1207
165,298
165,1163
166,1403
166,1252
166,1185
166,1511
167,275
167,1492
167,1055
167,253
168,210
168,1361
168,345
168,1119
169,1493
169,278
169,1271
169,190
170,432
170,453
170,256
171,173
171,325
172,781
172,457
172,280
172,523
173,543
173,651
173,523
174,305
174,175
175,1002
175,719
176,1108
176,217
176,1198
177,912
177,242
177,1260
178,935
178,354
178,1066
178,1501
179,1261
179,245
179,309
179,201
180,357
180,1241
180,1129
180,375
181,1479
181,1373
182,465
182,619
182,706
183,442
183,358
183,444
184,774
184,903
185,858
185,469
185,837
185,948
186,857
186,684
186,1032
186,381
187,231
187,254
187,382
187,860
188,1554
188,968
188,190
188,254
189,1339
189,1140
189,1053
189,1446
190,1533
190,1055
191,1341
191,237
191,1319
191,1271
192,1470
193,540
193,456
193,235
194,301
194,477
195,807
195,218
195,936
196,545
196,693
196,412
197,1022
197,261
197,803
198,460
198,912
199,956
199,1393
199,1479
199,1282
200,354
200,286
200,1022
200,289
201,1524
201,421
201,1393
202,1480
202,399
203,247
203,423
203,1374
203,1329
204,573
204,794
204,662
205,553
205,622
205,1571
205,687
206,533
206,817
206,967
206,229
207,902
207,405
207,599
207,315
208,925
208,1097
208,274
208,1099
209,948
209,341
209,1163
209,902
210,1380
210,991
210,1446
211,1402
211,1232
211,1514
211,1469
212,1405
212,1359
212,475
212,1470
213,1494
213,1448
214,651
214,409
214,1405
214,215
215,630
215,607
215,304
216,653
216,1538
216,737
216,545
217,458
217,480
218,565
218,394
218,717
219,740
219,958
219,1065
220,848
220,1090
220,1242
220,1025
221,1262
221,241
221,1156
222,1459
222,1264
222,1394
223,1174
223,1216
223,1457
223,1263
224,488
224,374
224,1435
225,486
225,333
225,618
226,311
226,290
226,379
226,466
227,1483
227,772
227,334
228,382
228,727
228,883
228,597
229,685
229,991
230,513
230,793
230,1121
231,319
232,1533
232,969
233,1057
233,473
233,234
233,1425
234,1577
234,1449
235,1535
235,1341
235,1406
236,279
236,299
236,1317
236,454
237,522
237,652
237,390
238,1539
238,541
238,501
239,893
239,695
239,610
240,478
240,435
240,892
240,1002
241,501
241,1000
241,848
242,1284
242,481
242,262
243,1177
243,374
243,331
244,1481
244,462
244,485
245,267
245,1482
245,1392
246,529
246,1568
246,443
248,683
248,468
248,839
248,1525
249,773
249,836
249,532
249,927
250,381
250,880
250,794
251,664
251,534
251,1057
251,1036
252,1141
252,1055
252,275
253,339
253,1010
254,1468
254,384
255,1076
255,1120
255,1165
255,1406
256,345
257,1339
257,301
257,369
258,1493
258,280
258,474
258,368
259,500
259,785
259,806
259,412
260,500
260,348
261,916
261,326
262,764
262,306
262,741
263,979
263,1241
263,980
263,935
264,956
264,1286
264,305
264,349
265,1240
265,1133
265,1069
266,1304
266,352
266,375
266,1504
267,1544
267,1370
268,1330
268,1414
268,270
269,598
269,619
269,336
270,336
270,1505
270,617
271,598
271,773
271,596
271,443
272,447
272,401
272,422
272,666
273,577
273,1058
273,275
274,1013
274,318
274,858
275,839
276,1426
276,1383
276,1123
276,297
277,1404
277,1229
277,1098
278,1536
278,517
278,1187
279,477
279,476
279,1405
280,498
280,1429
281,500
281,301
281,366
281,1515
282,869
282,829
282,369
283,870
283,416
284,828
284,979
284,847
284,871
285,568
285,589
285,1199
286,914
286,1175
286,1261
287,1372
287,463
288,1241
288,442
288,1152
288,1239
289,1327
289,507
289,398
290,553
290,618
291,685
291,551
291,531
291,442
292,904
292,489
292,359
292,335
293,469
293,881
293,730
293,554
294,358
294,731
294,315
294,771
295,1100
295,448
295,1099
295,664
296,339
296,815
296,1012
297,299
297,430
297,1208
298,1185
299,1537
300,1407
300,1385
300,1297
301,1557
302,1581
302,585
302,562
302,1557
303,697
303,652
303,694
304,654
304,546
304,346
305,763
305,869
306,479
306,849
306,850
307,999
307,1198
307,349
307,308
308,1175
308,978
308,330
309,1240
309,1221
309,1373
310,356
310,1327
311,356
311,506
311,1545
312,422
312,333
312,1523
312,1524
313,706
313,334
313,511
313,532
314,360
314,597
314,556
315,859
315,858
316,710
316,753
316,383
317,949
317,1011
317,1078
317,664
318,1230
318,515
319,495
319,1077
319,450
320,1556
320,1122
320,1272
321,1580
321,1578
322,1275
322,1450
322,1207
323,1404
323,1429
323,543
323,520
324,520
324,1557
324,1513
325,650
325,629
325,589
326,825
326,415
327,826
327,1004
327,609
328,786
328,352
328,676
328,765
329,436
329,1154
329,395
330,981
330,1023
330,570
331,571
331,1308
332,1352
332,1284
332,463
333,1570
334,380
334,597
335,816
335,467
336,360
336,640
337,554
337,752
337,796
337,707
338,905
338,404
338,643
338,406
339,925
339,1012
340,494
340,1166
340,1186
340,1145
341,1209
341,1272
341,496
342,1317
342,1165
343,1447
343,388
343,517
343,1450
344,1534
344,1359
344,367
344,1274
345,650
346,391
347,348
348,433
348,761
349,718
349,480
350,502
350,1177
350,1091
350,523
351,1111
351,1200
351,590
352,353
352,1242
353,1481
353,440
353,550
354,419
354,594
355,1393
355,595
355,466
356,576
357,642
357,1461
358,552
359,509
360,621
360,510
361,948
361,534
361,775
361,624
362,903
362,1144
362,1188
362,1276
363,581
363,1080
363,1189
364,431
364,1318
364,1426
364,1034
365,1471
365,1210
365,584
366,499
366,498
367,1492
367,455
368,544
368,653
368,432
369,850
369,720
370,655
370,675
370,762
370,697
371,872
371,851
371,1026
372,1023
372,435
372,610
372,392
373,416
373,1244
373,851
373,1087
374,1418
374,1154
375,1286
375,1523
376,377
376,574
376,1329
377,1415
377,445
378,1350
378,595
378,1527
380,774
380,644
381,773
381,577
382,688
382,1037
383,1077
383,709
383,558
384,1319
384,516
384,560
385,515
385,1012
385,470
385,1099
386,1472
386,1208
386,1428
387,1558
388,540
388,650
388,412
389,739
389,476
389,1560
390,675
390,785
391,433
391,479
391,805
392,1024
392,413
392,896
393,588
393,1023
393,1068
393,395
394,1244
394,913
394,567
395,441
395,1263
396,593
396,1091
396,1178
396,1113
397,1155
397,1153
397,1113
397,1567
398,509
398,637
399,1504
400,423
400,685
400,530
401,771
401,709
402,840
402,795
402,837
403,775
403,750
403,730
403,903
404,709
404,406
404,840
405,819
405,818
405,688
406,1166
406,817
407,452
407,1321
407,1036
407,1229
408,1382
408,453
408,560
408,1319
409,1560
409,1581
409,563
410,519
410,1515
410,1558
410,1364
411,541
412,828
413,959
413,415
413,720
414,936
414,436
414,828
415,587
415,589
416,979
416,505
417,830
417,1133
417,1156
417,1221
418,1396
418,1397
418,594
418,1462
419,483
419,615
419,1548
420,1307
420,1547
420,1243
420,616
421,1418
421,1461
422,1505
423,445
423,796
424,445
424,622
424,862
424,728
425,754
425,1058
425,728
425,554
426,797
426,512
426,905
426,557
427,494
427,1233
427,969
427,1186
428,625
428,1188
428,560
428,992
429,1122
429,1275
429,604
429,1189
430,541
430,1252
430,473
431,1513
431,1452
432,1384
432,586
433,542
433,565
434,872
434,697
434,738
435,719
435,676
436,874
436,543
437,567
437,981
437,480
437,1005
438,763
438,853
438,809
438,850
439,722
439,504
439,1242
439,1417
440,528
440,1197
440,1067
441,1219
441,508
441,638
442,1331
443,506
443,706
444,553
444,662
444,1394
445,752
446,532
446,686
447,1081
447,665
447,903
448,469
448,841
448,1102
449,1056
449,1233
449,1146
449,1166
450,1123
450,732
450,929
451,646
451,668
451,1451
451,1210
452,585
452,472
452,1451
453,1383
453,561
454,542
454,583
455,653
455,478
455,584
456,522
456,1537
457,546
457,873
457,959
458,783
458,1069
458,786
459,914
459,568
459,566
459,525
460,611
460,635
460,484
461,1110
461,937
461,1199
461,896
462,1222
462,1503
462,1132
463,1349
463,1568
464,1549
464,1351
464,573
465,1546
465,1528
467,926
468,640
468,535
468,533
469,859
470,862
470,708
470,558
471,973
471,625
471,1123
471,1122
472,627
472,1321
472,1124
473,538
473,1361
474,1471
474,1187
475,1536
475,1296
475,1514
476,1491
476,1384
477,805
478,590
479,568
479,1002
480,895
481,983
481,785
481,1046
482,571
482,1158
482,1179
482,1134
483,529
483,526
483,525
484,1482
484,1418
484,703
485,549
485,1396
485,1289
486,1547
486,1419
486,1394
487,750
487,1547
487,1570
487,572
488,661
488,619
489,772
489,730
490,884
490,1014
490,687
490,707
491,1013
491,751
491,557
491,1101
492,1058
492,1080
492,884
492,799
493,754
493,623
493,840
493,947
494,581
494,970
495,1296
495,1059
495,1427
496,582
496,1210
496,1430
497,520
497,605
497,1408
498,1535
498,629
499,521
499,693
499,1517
501,631
501,958
502,697
502,524
502,1049
503,1202
503,914
503,699
503,917
504,701
504,1200
504,894
505,659
505,614
505,547
506,530
506,703
507,659
507,661
507,509
508,1329
508,1572
508,1507
510,575
510,861
510,687
511,881
511,795
512,598
512,556
512,862
513,1167
513,820
513,1081
514,1144
514,928
514,1059
514,1014
515,1034
515,1146
516,1450
516,1036
516,1452
517,1536
518,1408
518,561
518,1297
518,1580
519,1448
519,1515
519,1559
521,608
521,784
522,719
522,740
523,698
524,827
524,656
524,631
525,633
525,632
526,658
526,1133
526,1158
527,681
527,1264
527,1176
527,1396
528,1438
528,1351
528,1179
529,660
529,1265
530,727
530,663
531,642
531,617
532,1483
533,926
534,776
534,1015
535,949
535,755
535,686
536,665
536,1104
536,1035
536,862
537,819
537,971
537,713
537,930
538,558
538,1104
538,1473
539,1255
539,1299
539,1495
539,562
540,1494
540,1231
541,1473
542,695
542,1496
543,673
544,895
544,893
545,567
545,609
546,569
546,1004
547,1289
547,549
547,788
548,1069
548,939
548,1354
548,767
549,1222
549,1397
550,1461
550,551
550,682
551,1439
552,641
552,661
552,596
553,1549
554,555
555,729
555,643
556,602
556,708
557,1256
557,929
558,863
559,1362
559,689
559,1037
559,757
560,1516
561,1253
561,1427
562,1474
562,1298
563,1449
563,564
564,762
564,649
565,1580
566,633
566,874
566,610
567,1090
568,722
569,636
569,808
569,699
570,1331
570,635
570,1089
571,1419
571,1527
572,1330
572,1288
572,726
573,1377
573,1329
574,1375
574,1331
574,1439
575,684
575,1507
576,816
576,665
577,859
577,818
578,841
578,796
578,1079
578,1081
579,882
579,906
579,1017
579,1057
580,905
580,732
580,647
580,1079
581,842
581,865
582,1276
582,886
582,1169
583,1493
583,715
583,1321
584,1320
584,1473
585,1536
585,1453
586,1429
587,1537
588,917
588,894
589,1071
590,980
590,591
591,1113
591,1091
591,941
592,831
592,725
592,984
592,788
593,876
593,1354
593,1417
594,724
594,1506
595,683
595,1481
596,1418
596,814
597,639
598,643
599,904
599,641
599,950
600,733
600,1167
600,991
600,883
601,1122
601,992
601,1060
601,666
602,1149
602,1081
602,927
603,1364
603,1344
603,1279
603,995
604,1168
604,1257
604,1167
605,1582
605,734
606,715
606,1560
608,760
608,784
608,694
609,937
609,827
610,634
611,677
611,897
611,718
612,656
612,1311
612,1024
612,1179
613,742
613,831
613,959
613,916
614,832
614,961
614,724
615,1351
615,1332
615,1353
616,658
616,767
616,725
617,660
617,1463
618,1483
620,840
620,640
621,731
621,794
621,706
622,972
622,1015
623,643
623,752
623,774
624,865
624,1060
624,1148
625,1015
625,1126
626,907
626,1475
626,1211
626,1451
627,1322
627,1254
627,759
628,649
628,695
629,1562
630,762
630,803
631,829
632,936
632,678
632,1003
633,696
633,1115
634,940
634,984
634,745
635,876
635,724
636,830
636,1027
636,1220
637,1221
637,1050
637,1093
638,1267
638,683
638,746
639,772
639,1525
639,726
640,1461
641,665
642,949
644,797
644,928
644,1079
645,1148
645,1103
645,1038
645,1235
646,888
646,1342
646,1236
647,1366
647,1474
647,952
648,1254
648,670
648,1386
648,1298
649,782
649,694
650,1517
651,736
653,915
654,783
654,763
654,1090
655,766
655,962
655,1112
656,743
656,960
657,1355
657,985
657,852
657,1246
658,1395
658,790
659,813
659,1203
661,1569
662,707
663,1570
663,729
663,860
664,946
666,1015
666,860
667,1104
667,1145
667,970
667,929
668,906
668,775
668,1410
669,1324
669,953
669,1102
669,994
670,996
670,1170
670,714
671,1428
671,781
672,1494
672,1516
672,1343
673,675
673,782
674,848
674,783
674,871
674,872
676,873
676,827
677,1136
677,1046
677,873
678,1073
678,1136
678,1071
679,1028
679,1177
679,1160
679,1026
680,1353
680,1419
680,743
680,769
681,791
681,1094
682,1571
682,1526
684,1573
685,793
686,904
687,1035
688,971
688,1147
689,709
689,1213
689,776
690,1125
690,1367
690,908
690,1232
691,845
691,1105
691,735
691,1583
692,1541
692,953
692,1430
692,1453
693,737
693,716
694,1537
696,893
696,959
696,914
698,916
698,938
698,806
699,723
699,785
700,1112
700,1224
700,1291
700,1047
701,1157
701,747
701,986
702,1378
702,878
702,812
702,1312
703,1508
703,833
704,1509
704,771
704,1505
705,790
705,901
705,1441
707,727
708,751
710,1017
710,711
710,886
711,1147
711,994
711,970
712,733
712,866
712,1255
712,932
713,1539
713,1258
713,995
714,1323
714,1538
714,757
715,1320
715,1516
716,870
716,1519
716,1495
717,1559
717,847
717,957
718,805
718,740
719,939
720,722
720,807
721,984
721,851
721,1006
721,1116
722,1269
723,1202
723,1048
723,790
724,1073
725,1528
726,1421
728,837
729,753
730,776
731,948
731,993
732,756
732,1236
733,975
733,953
734,1104
734,1103
734,1039
735,780
735,779
735,1061
736,1320
736,887
737,1476
737,823
738,1581
738,1475
739,1583
739,826
739,759
741,1070
741,807
741,895
742,766
742,1068
742,806
743,897
743,764
744,1245
744,767
744,1072
744,787
745,1287
745,961
745,1463
746,1486
746,766
746,811
747,1355
747,1485
747,1375
748,813
748,881
749,814
749,769
749,882
751,926
751,946
752,1037
753,842
753,817
754,1014
754,1126
755,861
755,1300
755,756
756,1125
756,801
757,1128
757,1540
758,1039
758,824
758,1301
759,1583
759,1429
760,870
760,913
760,782
761,1561
763,937
764,918
764,806
765,1224
765,1222
765,962
766,1203
767,1181
768,1465
768,944
768,1550
768,920
769,1398
769,879
770,1552
772,905
774,1124
775,887
776,1257
777,1018
777,821
777,1190
777,1019
778,1277
778,998
778,1190
778,1386
779,1389
779,1432
779,1433
780,822
780,1408
781,824
782,802
784,871
784,851
786,810
786,1003
787,1290
787,1028
787,1094
788,1291
788,1487
789,835
789,941
789,1137
789,791
790,1443
791,1550
791,857
792,924
792,967
792,1033
793,816
796,883
797,908
797,1058
798,1257
798,1191
798,949
798,995
799,1214
799,822
799,820
800,1386
800,885
800,801
800,972
801,1172
801,1194
802,1106
802,977
802,846
803,954
803,1562
804,826
807,938
808,871
808,896
808,1028
809,1312
809,981
809,829
810,896
810,1026
810,1292
811,1205
811,900
811,831
812,876
812,1051
812,1075
813,1506
814,1033
814,1529
815,945
815,947
816,947
817,971
818,1017
818,993
819,1255
819,1212
820,1037
821,1147
821,1193
821,1106
822,932
823,999
823,1367
823,910
824,1517
824,1344
825,979
825,845
825,999
826,980
829,1115
830,1311
830,852
831,939
832,1159
832,1334
832,1182
833,875
833,1204
833,1223
834,1313
834,1140
834,964
834,1508
835,1419
835,855
835,1376
836,1464
837,1013
838,861
838,880
838,989
839,950
839,902
841,1211
841,1061
842,843
842,928
843,1107
843,1279
843,1299
844,1564
844,1038
844,1387
844,951
845,1170
845,1107
846,1475
846,998
847,955
847,957
848,1540
849,892
850,894
852,983
852,1071
853,1158
853,1070
853,962
854,1114
854,877
854,1226
854,1160
855,1030
855,1139
855,1092
856,879
856,1095
856,922
856,1334
857,1205
858,923
860,1079
861,1167
863,1145
863,885
863,1127
864,1412
864,1016
864,1125
864,1431
865,1277
865,996
866,1454
866,1019
867,1236
867,932
867,1541
867,1084
868,1432
868,1087
868,1431
868,888
869,1021
869,1564
870,980
872,1069
873,1159
874,1200
874,1027
875,1139
875,1157
875,1223
876,1180
877,1006
877,1072
877,1332
878,1184
878,1465
878,899
879,921
880,1120
881,1032
883,1101
884,1148
884,1212
885,970
885,1123
886,1190
886,971
887,1281
887,1344
888,1347
888,1041
889,1497
889,911
889,1170
889,1126
890,976
890,891
890,1086
891,955
891,1024
891,1520
893,1088
894,915
895,961
897,963
897,1051
898,1376
898,1399
898,1378
898,1030
899,918
899,1140
899,1489
900,1312
900,986
901,987
901,1467
901,1119
904,950
906,1256
906,1126
907,1080
907,1388
907,1324
908,1343
908,1017
909,1019
909,1280
909,1368
909,1474
910,975
910,1542
910,1431
911,1259
911,1302
912,976
913,1498
913,1046
915,1003
916,1156
917,1181
917,983
918,1204
918,1268
919,1357
919,963
919,1333
919,1292
920,1181
920,1354
920,1138
921,1576
921,1420
921,1118
922,1400
922,1423
923,1465
923,1076
924,1076
924,1013
925,1165
925,1099
926,992
927,1035
927,1016
928,993
929,1189
930,1411
930,1168
930,1279
931,1300
931,1171
931,1281
931,1430
932,976
933,1039
933,1411
933,1022
934,1345
935,1130
936,937
938,981
938,1067
939,1201
940,1049
940,1137
940,1134
941,1007
941,1249
942,1074
942,1313
942,1357
942,1337
943,1115
943,1574
943,1289
944,1116
944,1117
944,1442
945,1378
946,1035
947,989
950,1323
951,993
951,952
951,1193
952,998
952,1280
953,1564
954,1215
954,974
955,1326
955,1369
956,1130
956,1024
957,1044
957,958
958,1002
960,1180
960,1006
960,982
961,1004
962,1290
963,1401
963,1399
964,1313
964,1247
964,1465
965,1268
965,1529
965,1443
965,1054
966,1031
966,1009
966,1572
967,1121
968,1034
968,1012
969,1010
972,1233
972,1149
973,1299
973,1038
973,1387
974,1237
974,1498
974,1192
975,1343
975,1368
976,1172
977,1237
977,978
977,1066
978,1111
978,1369
982,1222
982,1090
982,1113
983,1005
984,1398
985,1314
985,1096
985,1510
986,1117
986,1531
987,1485
987,1489
987,1532
988,1227
988,1247
989,1183
989,1270
990,1143
991,1033
992,1102
994,1169
994,1124
995,1213
996,1018
996,1453
997,1258
997,1061
997,1196
997,1432
998,1368
999,1346
1000,1108
1000,1563
1001,1176
1001,1218
1001,1068
1003,1049
1004,1265
1005,1050
1005,1356
1006,1310
1007,1248
1007,1136
1007,1051
1008,1294
1008,1398
1008,1074
1009,1272
1009,1381
1009,1251
1010,1530
1010,1184
1011,1033
1014,1016
1016,1278
1018,1212
1018,1520
1019,1064
1020,1260
1020,1258
1020,1410
1021,1326
1021,1435
1021,1519
1022,1303
1023,1197
1025,1047
1025,1156
1025,1027
1026,1048
1027,1266
1028,1333
1029,1310
1029,1575
1029,1266
1029,1487
1030,1292
1030,1510
1031,1531
1031,1272
1032,1226
1034,1253
1036,1278
1038,1103
1039,1085
1040,1235
1040,1435
1040,1105
1040,1303
1041,1325
1041,1280
1041,1109
1042,1412
1042,1497
1042,1305
1042,1566
1043,1391
1043,1088
1043,1175
1043,1045
1044,1285
1045,1066
1045,1263
1046,1089
1047,1155
1047,1114
1048,1180
1048,1112
1049,1355
1050,1310
1050,1400
1051,1446
1052,1423
1052,1224
1052,1141
1052,1335
1053,1291
1053,1142
1054,1577
1054,1251
1055,1075
1056,1100
1056,1232
1056,1207
1057,1124
1059,1168
1059,1147
1060,1192
1060,1387
1061,1476
1062,1234
1062,1127
1062,1082
1062,1194
1063,1237
1063,1323
1063,1454
1064,1479
1064,1195
1064,1131
1066,1542
1067,1176
1068,1199
1070,1136
1070,1135
1071,1157
1072,1114
1072,1422
1073,1446
1074,1248
1075,1314
1076,1423
1077,1316
1078,1080
1078,1144
1082,1324
1082,1346
1082,1366
1083,1409
1083,1085
1083,1169
1083,1499
1084,1346
1084,1345
1084,1543
1085,1502
1085,1520
1086,1565
1086,1433
1087,1370
1087,1172
1088,1152
1089,1155
1089,1287
1091,1093
1092,1311
1092,1135
1092,1137
1093,1201
1093,1399
1094,1267
1094,1468
1095,1575
1095,1139
1095,1552
1096,1142
1096,1269
1097,1316
1097,1248
1098,1100
1098,1162
1098,1296
1100,1102
1101,1143
1101,1208
1103,1125
1105,1366
1105,1500
1106,1497
1106,1237
1107,1414
1108,1175
1108,1542
1109,1391
1109,1390
1109,1306
1110,1220
1110,1326
1110,1155
1111,1284
1111,1244
1112,1219
1114,1334
1115,1398
1116,1377
1116,1530
1117,1424
1117,1137
1118,1359
1118,1338
1118,1421
1119,1138
1119,1360
1120,1163
1120,1206
1121,1381
1121,1230
1127,1235
1127,1325
1128,1217
1128,1238
1128,1129
1129,1502
1129,1131
1130,1498
1130,1499
1131,1218
1132,1264
1132,1220
1133,1266
1134,1178
1134,1177
1135,1309
1135,1331
1138,1576
1138,1512
1139,1469
1140,1422
1141,1444
1141,1488
1142,1274
1142,1275
1143,1229
1143,1252
1144,1275
1145,1278
1146,1211
1146,1321
1148,1190
1149,1195
1149,1256
1150,1435
1150,1369
1150,1563
1150,1194
1151,1478
1151,1456
1152,1458
1152,1392
1153,1458
1154,1348
1154,1306
1157,1287
1158,1200
1159,1441
1159,1223
1160,1245
1160,1225
1161,1555
1161,1556
1161,1512
1161,1511
1162,1511
1162,1445
1163,1401
1164,1187
1164,1227
1164,1533
1166,1234
1168,1212
1169,1215
1170,1322
1171,1456
1171,1301
1171,1521
1172,1347
1173,1521
1173,1345
1174,1303
1174,1238
1174,1437
1176,1416
1178,1267
1178,1288
1179,1397
1180,1225
1181,1245
1182,1292
1182,1246
1182,1554
1183,1251
1183,1401
1183,1315
1184,1269
1185,1425
1185,1553
1186,1468
1186,1188
1188,1231
1189,1318
1191,1257
1191,1408
1191,1210
1192,1498
1192,1390
1193,1389
1193,1409
1194,1544
1195,1455
1196,1392
1196,1307
1197,1543
1197,1349
1198,1479
1199,1332
1201,1223
1201,1334
1202,1335
1202,1289
1203,1401
1203,1441
1204,1554
1204,1488
1205,1467
1205,1486
1207,1360
1208,1362
1209,1492
1209,1426
1209,1274
1211,1276
1213,1454
1213,1410
1214,1413
1214,1411
1214,1476
1215,1238
1216,1434
1216,1261
1217,1459
1217,1348
1217,1218
1218,1438
1219,1243
1220,1330
1221,1352
1224,1377
1225,1442
1225,1333
1226,1508
1226,1228
1227,1248
1228,1466
1228,1448
1228,1535
1231,1295
1232,1383
1233,1428
1234,1276
1234,1367
1235,1342
1236,1301
1238,1411
1239,1436
1239,1372
1239,1261
1240,1412
1243,1374
1243,1350
1244,1373
1245,1420
1246,1333
1246,1288
1247,1249
1247,1553
1249,1574
1249,1425
1250,1403
1250,1294
1250,1358
1251,1469
1252,1338
1253,1273
1254,1472
1254,1300
1255,1320
1256,1302
1259,1348
1259,1304
1260,1328
1260,1389
1262,1480
1262,1414
1263,1503
1264,1416
1265,1397
1265,1439
1266,1439
1267,1440
1268,1574
1268,1531
1269,1510
1270,1356
1270,1487
1271,1554
1273,1534
1273,1555
1274,1362
1277,1407
1277,1406
1278,1298
1279,1365
1280,1302
1282,1544
1282,1390
1283,1458
1283,1522
1283,1304
1284,1434
1285,1544
1285,1308
1286,1306
1287,1374
1288,1396
1290,1552
1290,1486
1291,1379
1293,1339
1293,1358
1294,1400
1294,1532
1295,1318
1295,1555
1297,1406
1297,1319
1298,1365
1299,1497
1300,1407
1301,1412
1302,1303
1304,1348
1305,1370
1305,1457
1307,1352
1307,1351
1308,1328
1308,1353
1309,1464
1309,1462
1309,1352
1310,1374
1311,1420
1312,1509
1313,1509
1314,1447
1314,1466
1315,1380
1315,1466
1316,1490
1317,1363
1322,1344
1322,1519
1323,1518
1325,1388
1326,1390
1327,1457
1327,1543
1328,1394
1330,1460
1332,1484
1335,1509
1336,1447
1336,1424
1337,1487
1337,1424
1338,1512
1339,1579
1340,1427
1340,1490
1340,1558
1342,1431
1342,1385
1343,1363
1345,1413
1346,1434
1347,1455
1349,1458
1349,1416
1350,1567
1353,1375
1354,1484
1355,1441
1356,1443
1356,1380
1357,1378
1357,1467
1358,1424
1359,1379
1360,1405
1361,1427
1361,1470
1362,1473
1363,1387
1364,1495
1364,1582
1365,1494
1365,1495
1366,1409
1367,1456
1369,1542
1370,1391
1371,1568
1372,1525
1373,1460
1375,1571
1376,1422
1376,1442
1377,1400
1379,1422
1379,1444
1381,1489
1382,1535
1382,1469
1383,1472
1384,1407
1385,1559
1386,1560
1388,1430
1388,1389
1393,1503
1395,1415
1399,1485
1402,1578
1402,1445
1403,1514
1403,1513
1409,1539
1410,1477
1413,1434
1414,1522
1415,1503
1415,1526
1416,1548
1420,1551
1421,1551
1421,1440
1425,1492
1432,1499
1433,1500
1436,1523
1437,1547
1440,1549
1442,1527
1444,1489
1445,1534
1447,1448
1449,1579
1450,1581
1451,1562
1452,1453
1455,1566
1456,1477
1459,1545
1460,1569
1460,1566
1462,1572
1462,1529
1464,1528
1466,1551
1470,1577
1471,1516
1472,1496
1476,1562
1477,1522
1478,1565
1478,1563
1478,1501
1480,1522
1480,1502
1481,1546
1486,1575
1488,1555
1491,1559
1491,1580
1491,1511
1499,1521
1500,1545
1504,1526
1504,1550
1505,1549
1512,1556
1513,1556
1518,1519
1520,1564
1523,1569
1526,1568
1538,1582
1538,1561
