0,715
0,1452
0,1542
0,870
1,910
1,1369
1,22
1,735
2,1346
2,1110
2,1283
2,1043
3,1131
3,24
3,890
3,1109
4,178
4,286
4,1284
4,1217
5,310
5,1523
5,181
5,6
6,248
6,1260
6,1546
7,335
7,226
7,29
7,553
8,379
8,597
8,550
8,114
9,225
9,660
9,1483
9,1461
10,1505
10,1377
10,1421
10,1396
11,794
11,596
11,793
11,703
12,1486
12,705
12,1140
12,120
13,1226
13,1095
13,1443
13,121
14,1338
14,1359
14,1356
14,1446
15,1250
15,211
15,144
15,1313
16,280
16,388
16,1139
16,101
17,124
17,1185
17,81
17,388
18,496
18,1341
18,456
18,630
19,542
19,1406
19,303
19,236
20,650
20,1474
20,455
20,1561
21,714
21,780
21,758
21,500
22,998
22,847
22,803
23,1453
23,956
23,67
23,131
24,26
24,1477
24,1479
25,1302
25,976
25,45
25,286
26,27
26,1459
26,1305
27,1546
27,1130
27,1152
28,71
28,244
28,376
28,312
29,53
29,399
29,574
30,445
30,1481
30,1462
30,489
31,423
31,247
31,117
31,116
32,1571
32,1441
32,616
32,814
33,812
33,899
33,162
33,166
34,1008
34,1487
34,747
34,1009
35,1468
35,1446
35,923
35,1573
36,233
36,209
36,945
36,1556
37,321
37,278
37,1227
37,1402
38,1228
38,106
38,1383
38,167
39,1559
39,1558
39,521
39,563
40,192
40,433
40,108
40,1560
41,1537
41,477
41,1539
41,281
42,782
42,1580
42,370
42,152
43,87
43,735
43,1021
43,910
44,801
44,1433
44,848
44,718
45,87
45,802
45,197
46,157
46,868
46,1153
46,954
47,1459
47,91
47,134
47,1412
48,159
48,1481
48,112
48,1500
49,1327
49,444
49,1478
49,1217
50,1241
50,246
50,1417
50,117
51,1371
51,138
51,507
51,573
52,641
52,226
52,509
52,510
53,509
53,96
53,1419
54,639
54,208
54,119
54,684
55,749
55,943
55,1053
55,57
56,964
56,1511
56,1358
56,1555
57,1052
57,1314
57,143
58,1557
58,1209
58,1531
58,1251
59,1533
59,1361
59,232
59,125
60,1227
60,123
60,301
60,1361
61,1449
61,343
61,345
61,213
62,673
62,1493
62,322
62,609
63,302
63,1449
63,238
63,588
64,171
64,85
64,826
64,692
65,675
65,714
65,1474
65,89
66,737
66,999
66,1431
66,155
67,1131
67,866
67,780
68,92
68,1371
68,201
68,1304
69,1369
69,134
69,1019
69,1349
70,1502
70,1261
70,398
70,1065
71,95
71,508
71,72
72,1571
72,551
72,1393
73,181
73,487
73,202
73,356
74,403
74,1525
74,1572
74,682
75,291
75,488
75,96
75,421
76,638
76,727
76,617
76,706
77,1508
77,144
77,966
77,1485
78,1010
78,815
78,967
78,254
79,1422
79,164
79,1183
79,1272
80,1074
80,125
80,1448
80,1578
81,1403
81,105
81,211
82,1274
82,255
82,476
82,194
83,1447
83,1494
83,695
83,300
84,739
84,387
84,605
84,1429
85,1518
85,672
85,519
86,88
86,806
86,759
86,457
87,871
87,716
88,1066
88,242
88,1455
89,155
89,826
89,285
90,1456
90,329
90,1150
90,1436
91,1150
91,997
91,1478
92,374
92,1303
92,1131
93,116
93,1286
93,1522
93,401
94,1547
94,529
94,1461
94,399
95,378
95,1350
95,334
96,1527
96,424
97,703
97,595
97,443
97,925
98,858
98,205
98,685
98,143
99,1508
99,813
99,1096
99,251
100,837
100,771
100,1053
100,901
101,1336
101,1426
101,1033
102,166
102,1053
102,1533
102,276
103,105
103,1271
103,1075
103,431
104,254
104,237
104,1317
104,150
105,1494
105,347
106,1451
106,1362
106,172
107,170
107,391
107,413
107,368
108,608
108,609
108,914
109,499
109,240
109,937
109,805
110,738
110,933
110,1564
110,977
111,154
111,1086
111,351
111,1543
112,997
112,288
112,286
113,243
113,242
113,244
113,1392
114,1504
114,1392
114,1523
115,485
115,331
115,158
115,201
116,203
116,420
117,206
117,444
118,403
118,597
118,1570
118,336
119,1573
119,293
119,250
120,1077
120,685
120,904
121,1423
121,232
121,728
122,902
122,1381
122,1445
122,1489
123,234
123,1010
123,1467
124,1252
124,1186
124,1031
125,1446
125,1250
126,386
126,147
126,235
126,1404
127,322
127,478
127,216
127,519
128,193
128,368
128,304
128,344
129,629
129,499
129,716
129,650
130,825
130,392
130,739
130,652
131,979
131,1561
131,285
132,867
132,262
132,174
132,220
133,179
133,1023
133,868
133,1022
134,1044
134,1129
135,243
135,1306
135,1350
135,1087
136,1415
136,1242
136,182
136,1327
137,291
137,203
137,181
137,532
138,485
138,1548
138,533
139,1418
139,487
139,445
139,1461
140,203
140,271
140,290
140,662
141,730
141,729
141,1485
141,313
142,835
142,1507
142,1530
142,838
143,969
143,968
144,968
144,1055
145,1382
145,364
145,1055
145,1513
146,387
146,213
146,1206
146,1514
147,431
147,254
147,452
148,149
148,1581
148,1340
148,1272
149,260
149,629
149,1513
150,434
150,236
150,302
151,562
151,388
151,457
151,608
152,217
152,328
152,893
153,675
153,936
153,847
153,1562
154,958
154,1109
154,1044
155,1241
155,1565
156,1347
156,1325
156,1172
156,1524
157,1547
157,266
157,1347
158,289
158,1393
158,354
159,1504
159,1458
159,1569
160,553
160,507
160,184
160,1526
161,422
161,794
161,360
161,207
162,316
162,946
162,704
163,491
163,815
163,555
163,227
164,1551
164,188
164,1141
165,770
165,794
165,924
165,1162
166,1209
166,858
167,340
167,1404
167,1336
168,1249
168,388
168,1470
168,1448
169,233
169,1297
169,1493
169,1469
170,1273
170,409
170,1513
171,522
171,303
171,411
172,849
172,541
172,498
173,1518
173,1538
173,587
173,741
174,828
174,261
174,893
175,1519
175,1086
175,934
175,781
176,263
176,1175
176,826
176,1155
177,266
177,1043
177,869
177,1174
178,1198
178,1199
178,1152
179,225
179,1326
179,354
180,1174
180,1436
180,1417
180,1260
181,1351
182,269
182,421
182,332
183,1460
183,573
183,552
183,270
184,379
184,205
184,404
185,796
185,748
185,552
185,774
186,773
186,230
186,1572
186,968
187,207
187,925
187,814
187,989
188,1100
188,1011
188,297
189,407
189,1447
189,1275
189,1361
190,1337
190,256
190,1206
190,1140
191,237
191,498
191,410
191,1362
192,343
192,585
192,345
193,239
193,280
193,323
194,608
194,760
194,650
195,457
195,367
195,301
195,502
196,304
196,760
196,956
196,847
197,957
197,849
197,260
198,1262
198,1199
198,222
198,1152
199,223
199,1391
199,306
199,263
200,1282
200,1000
200,1503
200,1238
201,1108
201,333
202,1239
202,401
202,551
203,1524
204,487
204,1503
204,464
204,334
205,839
205,796
206,248
206,274
206,271
207,534
207,358
208,403
208,449
208,1034
209,1186
209,1142
209,1576
210,1099
210,1143
210,1424
210,924
211,1166
211,1230
212,1555
212,1360
212,1316
212,1163
213,1557
213,344
214,673
214,542
214,1428
214,606
215,717
215,632
215,366
215,1448
216,697
216,1560
216,520
217,372
217,282
217,458
218,981
218,824
218,434
218,1025
219,284
219,892
219,869
219,1088
220,977
220,263
220,461
221,288
221,1000
221,1326
221,1501
222,223
222,1307
222,1308
223,1544
223,1501
224,1522
224,1348
224,1567
224,1460
225,1458
225,442
226,378
226,289
227,708
227,860
227,839
228,422
228,488
228,467
228,729
229,664
229,380
229,838
229,314
230,338
230,771
230,359
231,1033
231,793
231,277
231,991
232,364
232,383
233,1511
233,1056
234,1185
234,1076
234,299
235,1492
235,1403
235,1577
236,321
236,346
237,324
237,499
238,479
238,741
238,609
239,869
239,543
239,281
240,653
240,259
240,305
241,849
241,414
241,327
241,912
242,1065
242,1327
243,1023
243,351
244,397
244,441
245,422
245,1240
245,440
245,399
246,1261
246,466
246,575
247,332
247,489
247,553
248,422
248,316
249,839
249,884
249,292
249,272
250,750
250,665
250,316
251,1057
251,879
251,1013
252,298
252,859
252,926
252,1055
253,1275
253,882
253,1295
253,881
254,1578
255,428
255,1098
255,1472
256,1402
256,540
256,452
257,1229
257,586
257,542
257,1538
258,501
258,1557
258,1536
258,323
259,739
259,607
259,804
260,282
260,829
261,503
261,434
261,850
262,566
262,654
262,762
263,1089
264,1021
264,1176
264,310
264,1218
265,1239
265,310
265,1221
265,1415
266,1285
266,1086
267,1395
267,268
267,1371
267,1505
268,289
268,506
268,1568
269,1502
269,315
269,401
270,359
270,1506
270,376
271,599
271,663
272,641
272,598
272,991
273,338
273,469
273,292
273,684
274,535
274,468
274,750
275,451
275,471
275,971
275,1143
276,298
276,1448
276,1188
277,1296
277,1470
277,1276
278,1143
278,1165
278,1385
279,366
279,454
279,323
279,432
280,607
280,281
281,1581
282,367
282,434
283,325
283,716
283,392
283,631
284,655
284,633
284,610
285,461
285,912
286,526
287,1415
287,527
287,1089
287,1264
288,1239
288,506
289,1283
290,1306
290,1395
290,398
291,312
291,311
292,577
292,815
293,444
293,903
293,883
294,359
294,643
294,644
294,578
295,470
295,1142
295,1187
295,905
296,1014
296,320
296,1253
296,1231
297,992
297,1208
297,1144
298,1382
298,1536
299,452
299,1406
299,1297
300,1315
300,1515
300,389
301,369
301,1406
302,1493
302,366
303,675
303,872
304,783
304,764
305,825
305,1026
305,1045
306,326
306,349
306,544
307,460
307,893
307,1154
307,1113
308,938
308,981
308,1287
308,1243
309,1043
309,1263
309,1265
309,1174
310,1480
311,465
311,1240
311,1197
312,1349
312,1545
313,357
313,380
313,597
314,708
314,661
314,447
315,316
315,447
315,336
317,707
317,905
317,1100
317,1011
318,623
318,558
318,1056
318,1189
319,883
319,1232
319,1233
319,1207
320,1185
320,1164
320,1490
321,1317
321,1276
322,453
322,1232
323,563
324,652
324,326
324,1470
325,541
325,676
325,478
326,390
326,870
327,390
327,979
327,610
328,632
328,720
328,438
329,1025
329,1157
329,740
330,484
330,592
330,1044
330,1001
331,1132
331,1112
331,1502
332,1154
332,1374
333,487
333,1372
333,1262
334,661
334,1506
335,795
335,1526
335,465
336,380
336,728
337,556
337,972
337,731
337,1036
338,511
338,1101
339,405
339,754
339,665
339,643
340,491
340,1055
340,1143
341,1339
341,992
341,1145
341,991
342,1121
342,1493
343,1577
343,584
344,1578
344,1425
345,1516
345,675
346,782
346,520
346,783
347,916
347,609
347,717
348,433
348,587
348,544
348,610
349,611
349,369
349,740
350,416
350,980
350,960
350,894
351,1132
351,1024
352,459
352,416
352,1024
352,1088
353,1089
353,1392
353,1567
353,438
354,1242
354,396
355,1261
355,1417
355,1549
355,1285
356,358
356,508
356,1373
357,1437
357,466
357,1439
358,816
358,1549
359,555
360,948
360,534
360,404
361,881
361,841
361,925
361,862
362,535
362,992
362,881
362,406
363,430
363,1121
363,514
363,470
364,473
364,1362
365,1404
365,561
365,1360
365,1341
366,1364
367,453
367,695
368,1517
368,1578
369,412
369,740
370,696
370,568
370,785
371,678
371,587
371,437
371,721
372,1111
372,852
372,1069
373,895
373,1046
373,592
373,960
374,572
374,1242
374,527
375,486
375,1329
375,1436
375,1178
376,1240
376,571
377,1394
377,1328
377,421
377,506
378,641
378,1459
379,1571
379,595
380,576
381,469
381,641
381,493
381,775
382,882
382,796
382,1011
382,1103
383,993
383,512
383,1035
384,1078
384,448
384,925
384,1320
385,518
385,1273
385,1189
385,450
386,538
386,518
386,408
387,452
387,1251
389,761
389,432
389,497
390,871
390,498
391,785
391,479
391,611
392,741
392,873
393,1002
393,698
393,896
393,848
394,417
394,480
394,1222
394,1179
395,1067
395,612
395,1135
395,1155
396,485
396,398
396,528
397,1200
397,1134
397,1243
398,1394
399,1571
400,1462
400,1569
400,402
400,1549
401,420
402,510
402,837
402,575
403,469
404,1080
404,1122
405,862
405,555
405,514
406,1101
406,1058
406,495
407,1123
407,970
407,1384
408,1536
408,1491
408,1342
409,1405
409,1144
409,472
410,429
410,628
410,1517
411,1405
411,431
411,606
412,827
412,719
412,586
413,870
413,590
413,522
414,784
414,1069
414,763
415,480
415,567
415,435
415,461
416,546
416,633
417,938
417,742
417,1197
418,1198
418,1156
418,1353
418,1419
419,483
419,1460
419,1395
419,1396
420,530
420,550
421,1396
423,574
423,751
423,684
424,728
424,970
424,885
425,513
425,578
425,1103
425,427
426,772
426,731
426,1124
426,667
427,774
427,819
427,798
428,1275
428,990
428,1101
429,1427
429,1142
429,1298
430,1165
430,1429
430,540
431,1297
432,1580
432,1561
433,673
433,1472
435,719
435,937
435,914
436,1027
436,677
436,565
436,1112
437,1047
437,762
437,1068
438,1176
438,1114
439,1004
439,526
439,569
439,1330
440,615
440,1328
440,1266
441,1112
441,1220
441,530
442,1393
442,1374
442,1437
443,683
443,507
443,1527
444,1480
445,1548
445,511
446,618
446,753
446,554
446,620
447,707
447,469
448,1056
448,947
448,990
449,668
449,993
449,1035
450,492
450,1099
450,1252
451,646
451,625
451,496
453,1427
453,584
454,1492
454,605
454,563
455,628
455,649
455,1472
456,522
456,500
456,608
457,828
458,786
458,697
458,588
459,481
459,983
459,936
460,1132
460,764
460,741
462,1111
462,1438
462,1439
462,1091
463,1352
463,1219
463,1176
463,1307
464,465
464,1441
464,1329
465,620
466,1483
466,509
467,816
467,599
467,663
468,707
468,862
468,620
470,536
470,1059
471,732
471,603
471,1320
472,1190
472,1297
472,1124
473,692
473,1471
473,1450
474,1209
474,1362
474,1233
474,1383
475,1473
475,1558
475,1495
475,695
476,1580
476,1429
476,651
477,674
477,1449
477,827
478,674
478,611
479,544
479,591
480,656
480,917
481,918
481,1199
481,961
482,1332
482,896
482,809
482,679
483,1438
483,614
483,1242
484,703
484,1070
484,1331
485,1570
486,1482
486,661
486,1459
488,1503
488,599
489,598
489,926
490,840
490,751
490,577
490,644
491,667
491,1080
492,665
492,625
492,1188
493,1189
493,950
493,1254
494,798
494,1385
494,1253
494,1145
495,713
495,624
495,1384
496,1407
496,1363
497,1514
497,1583
497,1491
498,1557
499,586
500,565
500,563
501,630
501,893
501,806
502,894
502,765
502,1134
503,1200
503,1026
503,1155
504,938
504,1003
504,589
504,523
505,788
505,1223
505,917
505,1330
506,1263
507,593
508,617
508,1484
509,727
510,1569
510,532
511,597
511,512
512,685
512,619
513,733
513,864
513,838
514,755
514,534
515,582
515,1016
515,1319
515,1081
516,627
516,1190
516,1296
516,562
517,1209
517,1166
517,1496
517,1537
518,626
518,583
519,1428
519,760
520,674
520,584
521,564
521,785
521,807
522,719
523,1070
523,984
523,632
524,635
524,982
524,566
524,1135
525,1004
525,1245
525,678
525,851
526,568
526,1028
527,548
527,660
528,1179
528,702
528,1176
529,1549
529,1550
529,596
530,640
530,748
531,533
531,1416
531,664
531,1482
532,751
532,1481
533,947
533,643
534,640
535,905
535,772
536,581
536,712
536,1017
537,1256
537,539
537,1319
537,1057
538,950
538,1144
538,1276
539,1516
539,605
539,671
540,1342
540,694
541,717
541,1540
542,762
543,629
543,696
543,585
544,916
545,874
545,917
545,961
545,807
546,1027
546,939
546,762
547,1223
547,1048
547,1028
547,1047
548,1311
548,724
548,919
549,1310
549,1111
549,982
549,660
550,789
550,1329
551,1418
551,1525
552,1419
552,1463
553,1482
554,749
554,574
554,706
555,928
556,621
556,861
556,1123
557,600
557,907
557,664
557,1234
558,819
558,926
558,711
559,583
559,710
559,971
559,951
560,690
560,1256
560,602
560,1451
561,1453
561,1582
561,1298
562,1581
562,736
564,1579
564,1471
564,1492
565,848
565,566
566,830
567,831
567,962
567,631
568,1221
568,612
569,960
569,613
569,745
570,767
570,984
570,960
570,1133
571,1375
571,854
571,1222
572,701
572,1352
572,613
573,659
573,1398
574,727
575,751
575,1462
576,838
576,1548
576,1526
577,640
577,750
578,840
578,624
579,1122
579,712
579,1013
579,1035
580,1235
580,842
580,970
580,929
581,949
581,1078
581,1081
582,1102
582,1210
582,1211
583,1581
583,1255
584,1387
585,693
585,1408
586,1515
587,720
588,718
588,699
589,936
589,1047
589,1024
590,698
590,810
590,1092
591,702
591,743
591,656
592,1177
592,1159
593,1177
593,1332
593,769
594,770
594,1527
594,1396
594,1440
595,617
595,1439
596,1507
596,836
598,730
598,797
599,1059
600,686
600,710
600,818
601,688
601,1126
601,777
601,841
602,691
602,818
602,1148
603,1126
603,1123
603,1210
604,1384
604,1323
604,822
604,1213
605,1256
606,630
606,1559
607,1496
607,1473
610,653
611,678
612,895
612,1093
613,830
613,1225
614,702
614,789
614,1397
615,700
615,1309
615,1220
616,1441
616,1552
616,791
617,856
618,1483
618,1484
618,794
619,1570
619,795
619,1504
620,729
621,840
621,1014
621,640
622,755
622,969
622,774
622,1057
623,972
623,712
623,1234
624,883
624,1146
625,1081
625,884
626,670
626,1365
626,1169
627,1537
627,1233
627,691
628,1341
628,1277
629,693
630,1559
631,915
631,959
632,848
633,1092
633,1134
634,767
634,1178
634,1244
634,1089
635,1115
635,916
635,898
636,1201
636,1331
636,1287
636,1137
637,701
637,853
637,1528
637,1485
638,768
638,1399
638,745
639,1504
639,1484
639,1464
642,818
642,840
642,972
642,708
643,686
644,710
644,973
645,667
645,1167
645,775
645,1059
646,1104
646,1079
646,930
647,1430
647,1080
647,1454
647,1214
648,1279
648,1540
648,1452
648,1125
649,760
649,1319
649,716
650,1453
651,697
651,693
651,1560
652,694
652,827
653,828
653,959
654,939
654,938
654,700
655,740
655,875
655,1049
656,768
656,811
657,808
657,942
657,983
657,1181
658,811
658,1289
658,1376
658,985
659,1223
659,1351
659,1288
660,1267
661,1526
662,1463
662,747
662,880
663,858
663,902
664,730
665,994
666,667
666,772
666,886
666,820
668,909
668,1254
668,689
669,1017
669,1385
669,1430
669,799
670,1236
670,866
670,1277
671,1322
671,868
671,758
672,1538
672,1363
672,1562
673,782
674,937
676,852
676,853
676,1090
677,1202
677,873
677,678
679,1004
679,1005
679,698
680,940
680,1268
680,1180
680,699
681,1158
681,1200
681,1352
681,962
682,1311
682,923
682,704
683,684
683,725
683,814
685,770
686,863
686,815
687,842
687,795
687,885
687,729
688,1255
688,904
688,927
689,1037
689,950
689,948
690,821
690,711
690,972
691,1083
691,1040
692,1582
692,757
693,781
694,783
694,759
695,892
696,936
696,894
697,850
698,831
699,1092
699,898
700,1376
700,766
701,1091
701,874
702,1572
703,1312
704,1462
704,747
705,879
705,1550
705,900
706,879
706,1572
707,771
708,861
709,906
709,951
709,929
709,885
710,816
711,883
711,1343
712,1302
713,1345
713,1276
713,974
714,1410
714,1170
715,890
715,1256
715,738
717,1583
718,958
718,957
719,980
720,783
720,851
721,1091
721,1046
721,743
722,808
722,742
722,764
722,1112
723,1138
723,1073
723,1179
723,789
724,1419
724,1374
724,1071
725,1486
725,963
725,1421
726,790
726,923
726,1440
727,795
728,752
730,885
731,1147
731,973
732,1104
732,1167
732,994
733,779
733,1366
733,756
734,822
734,1254
734,844
734,1498
735,1321
735,997
736,866
736,802
736,1410
737,1517
737,781
737,1450
738,913
738,1475
739,957
742,1113
742,941
743,1090
743,1093
744,745
744,766
744,1267
744,874
745,1049
746,1290
746,1574
746,1245
746,1465
747,1030
748,1311
748,1528
749,1553
749,944
750,752
752,753
752,816
753,860
753,927
754,1059
754,1079
754,1123
755,928
755,863
756,1365
756,1063
756,820
757,1430
757,1368
757,845
758,778
758,1321
759,1583
759,1407
761,891
761,890
761,1560
763,873
763,806
763,981
764,897
765,784
765,1246
765,1070
766,1093
766,895
767,1094
767,1139
768,1248
768,1357
769,812
769,900
769,1007
770,877
771,1011
772,860
773,927
773,946
773,970
774,906
775,1191
775,1018
776,1258
776,1278
776,1037
776,1168
777,1321
777,1301
777,1038
778,1062
778,1475
778,1364
779,1212
779,1519
779,1041
780,1257
780,1539
781,1451
782,871
784,1045
784,959
785,1114
786,1159
786,829
786,1006
787,1136
787,1138
787,1244
787,1288
788,1420
788,918
788,897
789,876
790,1248
790,1095
790,875
791,1334
791,812
791,1465
792,833
792,1574
792,945
792,946
793,835
793,813
796,1015
797,817
797,947
797,820
798,948
798,907
799,1125
799,1233
799,1061
800,1433
800,1518
800,1212
800,845
801,1364
801,1386
801,889
802,1432
802,953
803,1022
803,805
803,823
804,867
804,999
804,1582
805,979
805,890
806,808
807,873
807,984
808,1135
809,1156
809,853
809,1290
810,1157
810,1289
810,1201
811,986
811,875
812,1072
813,964
813,1292
814,1486
817,905
817,1012
817,1013
818,1016
819,1255
819,1038
820,1234
821,952
821,954
821,1192
822,1387
822,1520
823,865
823,868
823,1540
824,1518
824,1519
824,1454
825,934
825,913
826,958
827,980
828,957
829,980
829,872
830,850
830,963
831,1161
831,940
832,1334
832,1161
832,1136
832,1116
833,1531
833,1354
833,1162
834,967
834,1247
834,1528
834,1289
835,902
835,968
836,1421
836,922
836,1463
837,923
837,878
839,1036
841,1035
841,995
842,1104
842,888
843,1060
843,1127
843,1214
843,1279
844,865
844,1125
844,931
845,1281
845,998
846,1561
846,1390
846,1582
846,932
847,1411
849,891
850,1003
851,961
851,1024
852,1026
852,961
853,898
854,1117
854,1397
854,1400
855,899
855,1096
855,1509
855,1267
856,1508
856,963
856,1139
857,1530
857,1096
857,881
857,922
858,967
859,1034
859,1010
859,1012
860,1036
861,1015
861,1080
862,926
863,1257
863,994
864,952
864,906
864,931
865,1299
865,1563
866,1214
867,1257
867,1366
869,998
870,1045
871,1025
872,1090
872,1135
874,940
875,1399
876,1224
876,1160
876,1162
877,1422
877,1226
877,1031
878,944
878,1507
878,945
879,903
880,1464
880,1488
880,1529
882,1101
882,1077
884,1058
884,1082
886,992
886,1037
886,1171
887,1301
887,1344
887,994
887,1521
888,999
888,1367
888,1541
889,935
889,1107
889,1061
891,913
891,1497
892,981
892,912
894,1046
895,1157
896,1071
896,984
897,916
897,1400
898,1464
899,965
899,1140
900,1159
900,1420
901,1507
901,1532
901,944
902,1531
903,1033
903,1099
904,1058
904,948
906,930
907,951
907,1015
908,1128
908,1193
908,1213
908,1477
909,1147
909,1129
909,1562
910,1084
910,1020
911,1430
911,1497
911,1521
911,1499
912,978
913,1001
914,978
915,1027
915,1023
915,939
917,1115
918,1224
918,1048
919,1510
919,1181
919,1050
920,1380
920,1355
920,962
920,1204
921,1551
921,1028
921,1468
921,1010
922,989
922,942
924,1554
924,1529
927,1166
928,947
928,949
929,950
929,1344
930,1213
930,975
931,973
931,1040
932,976
932,1369
932,1148
933,935
933,1410
933,1521
934,979
934,1041
935,1108
935,1066
937,1177
939,1068
940,1029
941,983
941,1113
941,1334
942,1094
942,1445
943,1008
943,1224
943,1183
944,1485
945,1293
946,1099
949,1146
949,969
951,1280
952,1413
952,953
953,974
953,1259
954,1258
954,1564
955,1541
955,1521
955,1238
955,1564
956,1001
956,1562
958,1069
959,1045
962,1137
963,1378
964,1509
964,1163
965,1098
965,1097
965,1574
966,1205
966,1204
966,1552
967,1511
969,1121
971,1169
971,1016
973,1102
974,1476
974,1151
975,1259
975,1173
975,998
976,1258
976,1434
977,1324
977,1541
978,1044
978,1260
982,1067
982,1071
983,1005
985,1203
985,1336
985,1050
986,1441
986,1097
986,1576
987,1313
987,1333
987,1529
987,1137
988,1051
988,989
988,1247
988,1335
989,1532
990,1054
990,1231
991,1188
993,1147
993,1299
995,1368
995,1278
995,1432
996,1387
996,1409
996,1237
996,1345
997,1563
999,1215
1000,1197
1000,1153
1001,1066
1002,1110
1002,1022
1002,1221
1003,1223
1003,1067
1004,1090
1005,1222
1005,1029
1006,1269
1006,1378
1006,1332
1007,1073
1007,1358
1007,1377
1008,1442
1008,1421
1009,1228
1009,1029
1009,1268
1012,1251
1012,1575
1013,1122
1014,1231
1014,1211
1015,1060
1016,1278
1017,1191
1017,1128
1018,1062
1018,1216
1018,1543
1019,1414
1019,1149
1019,1171
1020,1257
1020,1107
1020,1564
1021,1023
1021,1434
1022,1175
1025,1158
1026,1178
1027,1244
1028,1288
1029,1075
1030,1269
1030,1381
1030,1425
1031,1380
1031,1293
1032,1380
1032,1119
1032,1142
1032,1465
1033,1337
1034,1056
1034,1100
1036,1147
1037,1039
1038,1280
1038,1410
1039,1388
1039,1103
1039,1279
1040,1150
1040,1322
1041,1325
1041,1519
1042,1412
1042,1174
1042,1106
1042,1127
1043,1304
1046,1199
1047,1220
1048,1180
1048,1268
1049,1136
1049,1400
1050,1269
1050,1118
1051,1335
1051,1333
1051,1553
1052,1378
1052,1228
1052,1403
1053,1512
1054,1357
1054,1552
1054,1250
1057,1187
1058,1210
1060,1061
1060,1083
1061,1476
1062,1280
1062,1500
1063,1370
1063,1389
1063,1195
1064,1107
1064,1282
1064,1435
1064,1153
1065,1433
1065,1108
1066,1088
1067,1196
1068,1133
1068,1177
1069,1157
1070,1071
1072,1246
1072,1379
1072,1115
1073,1532
1073,1379
1074,1531
1074,1093
1074,1207
1075,1313
1075,1119
1076,1423
1076,1230
1076,1182
1077,1424
1077,1402
1078,1166
1078,1120
1079,1165
1079,1191
1081,1169
1082,1102
1082,1300
1082,1211
1083,1151
1083,1303
1084,1215
1084,1501
1084,1195
1085,1130
1085,1282
1085,1500
1085,1563
1086,1456
1087,1412
1087,1196
1087,1262
1088,1241
1091,1178
1092,1310
1094,1376
1094,1467
1095,1335
1095,1487
1096,1510
1097,1358
1097,1206
1098,1339
1098,1316
1100,1229
1102,1278
1103,1124
1104,1215
1105,1192
1105,1212
1105,1236
1105,1324
1106,1456
1106,1281
1106,1259
1107,1545
1108,1237
1109,1110
1109,1151
1110,1131
1111,1284
1113,1288
1114,1312
1114,1355
1115,1244
1116,1245
1116,1510
1116,1179
1117,1468
1117,1445
1117,1267
1118,1161
1118,1573
1118,1425
1119,1225
1119,1513
1120,1208
1120,1512
1120,1186
1121,1207
1122,1187
1124,1211
1125,1148
1126,1192
1126,1346
1127,1477
1127,1281
1128,1544
1128,1431
1129,1347
1129,1173
1130,1520
1130,1132
1133,1263
1133,1220
1134,1289
1136,1354
1137,1270
1138,1554
1138,1402
1139,1469
1140,1229
1141,1512
1141,1316
1141,1360
1144,1210
1145,1187
1145,1167
1146,1300
1146,1169
1148,1388
1149,1299
1149,1322
1149,1150
1151,1196
1152,1523
1153,1370
1154,1218
1154,1155
1156,1375
1156,1351
1158,1334
1158,1202
1159,1312
1160,1249
1160,1355
1160,1204
1161,1312
1162,1487
1163,1575
1163,1401
1164,1426
1164,1315
1164,1293
1165,1273
1167,1232
1168,1190
1168,1323
1168,1188
1170,1300
1170,1193
1170,1499
1171,1434
1171,1501
1172,1565
1172,1194
1172,1325
1173,1326
1173,1281
1175,1435
1175,1305
1180,1182
1180,1353
1181,1488
1181,1270
1182,1442
1182,1488
1183,1510
1183,1401
1184,1535
1184,1553
1184,1317
1184,1556
1185,1295
1186,1489
1189,1386
1190,1451
1191,1343
1192,1389
1193,1498
1193,1389
1194,1240
1194,1215
1194,1456
1195,1367
1195,1216
1196,1259
1197,1394
1198,1349
1198,1219
1200,1219
1201,1265
1201,1243
1202,1222
1202,1400
1203,1401
1203,1292
1203,1268
1204,1575
1205,1359
1205,1225
1205,1466
1206,1535
1207,1579
1208,1295
1208,1579
1212,1344
1213,1302
1214,1476
1216,1324
1216,1413
1217,1567
1217,1218
1218,1416
1219,1328
1221,1353
1224,1291
1225,1466
1226,1249
1226,1487
1227,1426
1227,1247
1228,1248
1229,1359
1230,1294
1230,1491
1231,1339
1232,1473
1234,1255
1235,1368
1235,1497
1235,1342
1236,1301
1236,1367
1237,1323
1237,1499
1238,1522
1238,1389
1239,1479
1241,1287
1243,1285
1245,1332
1246,1266
1246,1309
1247,1355
1248,1555
1249,1554
1250,1555
1251,1534
1252,1468
1252,1428
1253,1515
1253,1277
1254,1409
1258,1431
1260,1457
1261,1566
1262,1479
1263,1348
1264,1266
1264,1287
1264,1284
1265,1310
1265,1505
1266,1331
1269,1488
1270,1574
1270,1446
1271,1316
1271,1444
1271,1314
1272,1295
1272,1471
1273,1340
1274,1294
1274,1317
1274,1298
1275,1318
1277,1472
1279,1496
1280,1499
1282,1498
1283,1416
1283,1370
1284,1434
1285,1329
1286,1395
1286,1307
1286,1417
1290,1292
1290,1464
1291,1573
1291,1423
1291,1554
1292,1508
1293,1314
1294,1380
1294,1512
1296,1558
1296,1514
1298,1474
1299,1343
1300,1346
1301,1478
1302,1433
1303,1522
1303,1542
1304,1390
1304,1305
1305,1568
1306,1307
1306,1566
1308,1375
1308,1438
1308,1352
1309,1351
1309,1506
1310,1398
1311,1444
1313,1379
1314,1509
1315,1425
1315,1490
1318,1426
1318,1556
1318,1473
1319,1536
1320,1385
1320,1517
1321,1407
1322,1476
1323,1520
1324,1411
1325,1565
1326,1390
1327,1438
1328,1330
1330,1374
1331,1350
1333,1356
1333,1443
1335,1381
1336,1556
1337,1534
1337,1514
1338,1358
1338,1357
1338,1491
1339,1383
1340,1447
1340,1405
1341,1427
1342,1409
1343,1388
1344,1365
1345,1565
1345,1541
1346,1542
1347,1370
1348,1545
1348,1546
1349,1372
1350,1416
1353,1354
1354,1356
1356,1424
1357,1534
1359,1447
1360,1428
1361,1384
1363,1387
1363,1559
1364,1386
1365,1540
1366,1475
1366,1367
1368,1454
1369,1415
1371,1392
1372,1479
1372,1545
1373,1547
1373,1437
1373,1503
1375,1570
1376,1506
1377,1551
1377,1466
1378,1530
1379,1443
1381,1469
1382,1576
1382,1404
1383,1535
1386,1408
1388,1477
1390,1520
1391,1502
1391,1480
1391,1455
1393,1414
1394,1414
1397,1442
1397,1552
1398,1463
1398,1486
1399,1422
1399,1466
1401,1577
1403,1467
1405,1429
1406,1450
1407,1494
1408,1449
1408,1452
1409,1494
1411,1543
1411,1432
1412,1431
1413,1432
1413,1566
1414,1525
1418,1525
1418,1527
1420,1439
1420,1509
1422,1551
1423,1424
1427,1535
1435,1567
1435,1478
1436,1481
1437,1568
1440,1528
1442,1484
1443,1532
1444,1490
1444,1530
1445,1465
1450,1495
1452,1474
1453,1583
1454,1498
1455,1497
1455,1457
1457,1544
1457,1458
1458,1524
1460,1547
1461,1480
1467,1490
1469,1576
1470,1533
1471,1492
1475,1542
1482,1483
1495,1516
1495,1515
1496,1538
1500,1546
1505,1568
1511,1553
1516,1539
1523,1569
1524,1544
1529,1550
1533,1579
1534,1558
1537,1580
1539,1563
1543,1566
1548,1550
1575,1577
