0,803
0,1410
0,1367
0,196
803,630
803,673
803,804
1410,65
1410,1433
1410,1474
1367,1344
1367,1368
1367,1390
196,437
196,1562
196,304
1,24
1,131
1,823
1,1040
24,47
24,1063
24,1085
131,110
131,262
131,1023
823,690
823,822
823,824
1040,1017
1040,1041
1040,846
2,3
2,25
2,1064
2,1563
3,4
3,26
3,1564
25,48
25,1174
25,1563
1064,1041
1064,1065
1064,1087
1563,1152
1563,1564
4,5
4,27
4,1565
26,49
26,1173
26,1219
1564,45
1564,1565
5,28
5,1351
5,1566
27,28
27,50
27,1196
1565,1542
1565,1566
28,29
28,51
1351,1350
1351,1352
1351,1374
1566,1543
1566,1567
6,7
6,29
6,1439
6,1567
7,8
7,30
7,1568
29,30
29,52
1439,549
1439,1438
1439,1440
1567,1544
1567,1568
8,9
8,31
8,1569
30,31
30,53
1568,1545
1568,1569
9,10
9,32
9,1570
31,54
31,703
1569,1546
1569,1570
10,11
10,1550
10,1571
32,55
32,879
32,165
1570,575
1570,1547
11,747
11,989
11,1032
1550,1332
1550,1527
1550,1573
1571,1396
1571,1507
1571,1548
747,724
747,726
747,746
989,34
989,143
989,987
1032,210
1032,1031
1032,1033
12,836
12,901
12,1442
12,1573
836,837
836,857
836,859
901,925
901,1551
901,899
1442,33
1442,637
1442,1419
1573,122
1573,1397
13,1228
13,1119
13,1073
13,1336
1228,103
1228,1209
1228,1227
1119,81
1119,1118
1119,1120
1073,1072
1073,1074
1073,1075
1336,14
1336,60
1336,1334
14,1335
14,1117
14,964
1335,744
1335,1312
1335,1358
1117,1115
1117,1116
1117,1118
964,944
964,945
964,965
15,167
15,104
15,78
15,1535
167,209
167,1403
167,1491
104,17
104,409
104,1579
78,1141
78,1120
78,1270
1535,36
1535,433
1535,1533
16,1121
16,1491
16,1578
16,1467
1121,1140
1121,1141
1121,1142
1491,58
1491,126
1578,62
1578,236
1578,321
1467,58
1467,101
1467,1465
17,1186
17,189
17,1489
1186,1184
1186,1187
1186,1188
189,103
189,1055
189,967
1489,1468
1489,1487
1489,1490
18,344
18,126
18,172
18,19
344,20
344,1384
344,409
126,83
126,125
172,129
172,675
172,654
19,194
19,499
19,520
194,173
194,281
194,695
499,62
499,259
499,1583
520,42
520,370
520,1539
20,1537
20,1581
20,1406
1537,517
1537,565
1537,651
1581,193
1581,628
1581,693
1406,409
1406,1364
1406,1386
21,1451
21,108
21,171
21,693
1451,454
1451,605
1451,759
108,107
108,109
108,129
171,345
171,1536
171,587
693,761
693,869
22,1023
22,1498
22,1430
22,848
1023,1022
1023,1024
1498,1475
1498,1499
1498,1521
1430,584
1430,759
1430,1431
848,263
848,847
848,849
23,46
23,1021
23,1107
23,1260
46,45
46,47
46,69
1021,998
1021,1020
1021,1022
1107,1084
1107,1106
1107,1259
1260,1237
1260,1283
1260,1261
47,48
47,70
1063,66
1063,1061
1063,1042
1085,1062
1085,1108
1085,1130
48,49
48,71
1174,286
1174,1151
1174,1197
49,50
49,72
1173,1172
1173,1196
1173,1171
1219,286
1219,1218
1219,1220
50,51
50,73
1196,156
1196,1328
51,52
51,74
52,53
52,75
53,54
53,76
54,55
54,77
703,680
703,683
703,704
55,56
55,251
879,684
879,858
879,878
165,142
165,188
165,1294
33,858
33,1033
33,1463
858,317
858,859
1033,296
1033,1034
1463,441
1463,1440
1463,1484
34,946
34,1356
34,79
946,382
946,947
946,967
1356,1355
1356,1357
1356,1337
79,56
79,102
79,1012
35,1443
35,1511
35,1053
35,1185
1443,987
1443,1420
1443,1466
1511,209
1511,1510
1511,1512
1053,856
1053,1051
1053,1052
1185,102
1185,1140
1185,1184
36,1314
36,1031
36,1183
1314,1313
1314,1315
1314,1316
1031,1030
1031,1029
1183,1164
1183,1181
1183,1182
37,1318
37,1577
37,1339
37,105
1318,473
1318,1317
1318,1340
1577,1575
1577,1576
1577,1579
1339,236
1339,278
1339,301
105,60
105,430
105,562
38,1448
38,1294
38,1250
38,1163
1448,321
1448,323
1448,453
1294,1293
1294,1295
1250,169
1250,1249
1250,1251
1163,168
1163,1143
1163,1161
39,386
39,519
39,365
39,1381
386,385
386,387
386,1342
519,151
519,1340
519,736
365,341
365,1232
365,411
1381,257
1381,1358
1381,1404
40,739
40,432
40,1383
40,128
739,44
739,629
739,1540
432,106
432,173
432,1473
1383,106
1383,235
1383,367
128,1558
128,1471
128,457
41,1536
41,586
41,63
41,631
1536,61
1536,389
586,192
586,433
586,1582
63,1429
63,671
63,608
631,149
631,390
631,455
42,1540
42,541
42,718
1540,626
1540,1539
541,651
541,1474
541,587
718,130
718,215
718,478
43,630
43,607
43,606
43,1539
630,564
630,1561
607,260
607,412
607,1580
606,390
606,1409
606,1408
1539,583
44,805
44,780
44,1409
805,88
805,153
805,371
780,779
780,781
780,1365
1409,517
1409,714
45,68
45,1475
68,67
68,69
68,91
1475,1497
1475,1517
69,70
69,92
70,71
70,93
71,72
71,94
72,73
72,95
73,74
73,96
74,75
74,97
75,76
75,98
76,77
76,99
77,100
77,1509
56,57
56,1076
251,250
251,252
251,274
57,1508
57,1227
57,1295
1076,211
1076,275
1076,1074
1508,1507
1508,1509
1508,1510
1227,144
1227,1247
1295,1384
1295,1296
58,81
58,168
81,82
81,1229
168,1403
168,1492
59,1206
59,1469
59,1427
59,1249
1206,82
1206,1204
1206,1205
1469,169
1469,300
1469,367
1427,476
1427,1425
1427,1446
1249,1226
1249,1248
60,343
60,1382
343,82
343,1579
343,1429
1382,101
1382,213
1382,408
61,368
61,1315
61,1534
368,261
368,1514
368,1580
1315,1313
1315,1316
1534,80
1534,257
1534,1533
62,609
62,1470
609,455
609,501
609,740
1470,254
1470,257
1470,454
1429,64
1429,758
671,1341
671,1432
671,715
608,151
608,502
608,674
64,388
64,544
64,588
388,192
388,1274
388,1360
544,327
544,346
544,676
588,480
588,652
588,981
65,627
65,692
65,827
627,430
627,518
627,801
692,1320
692,1431
692,1496
827,87
827,611
827,675
66,67
66,89
66,153
67,90
67,1108
89,88
89,90
89,112
153,132
153,152
90,91
90,113
1108,157
1108,1131
91,92
91,114
92,93
92,115
93,94
93,116
94,95
94,117
95,96
95,118
96,97
96,119
97,98
97,120
98,99
98,121
99,100
99,900
100,123
100,900
1509,1507
1509,1510
1141,80
1141,1142
1120,166
1120,966
1270,1269
1270,1271
1270,1272
102,1251
102,1338
1012,404
1012,1011
1012,1035
80,1556
80,1531
1556,148
1556,1554
1556,1555
1531,144
1531,1512
1531,1529
82,1580
1229,233
1229,297
1229,299
1580,672
83,106
83,1450
83,456
106,107
1450,212
1450,342
1450,497
456,433
456,804
456,696
84,413
84,303
84,258
84,1561
413,238
413,542
413,785
303,280
303,304
303,389
258,256
258,281
258,300
1561,324
1561,453
85,497
85,1452
85,1583
85,391
497,237
497,1298
1452,517
1452,650
1452,694
1583,543
1583,673
391,195
391,282
391,677
86,737
86,605
86,150
86,783
737,540
737,652
737,1453
605,1363
605,1559
150,500
150,628
150,1495
783,677
783,782
783,804
87,762
87,1476
87,736
762,435
762,716
762,804
1476,757
1476,1477
1476,1499
736,560
736,1387
88,109
88,847
109,259
109,390
847,846
847,870
112,111
112,113
112,135
113,114
113,136
114,115
114,137
115,116
115,138
116,117
116,139
117,118
117,140
118,119
118,141
119,120
119,142
120,121
120,143
121,122
121,232
900,877
900,923
123,122
123,146
123,1490
101,1077
101,1488
1077,1075
1077,1078
1077,1096
1488,1468
1488,1486
1488,1487
1251,166
1251,212
1338,103
1338,147
1338,342
103,410
410,323
410,1363
410,1428
409,428
430,1211
430,562
562,455
562,758
107,719
107,825
719,414
719,765
719,850
825,802
825,824
825,826
129,127
129,717
259,652
259,784
390,478
110,111
110,133
110,1131
111,134
111,1283
133,132
133,134
133,156
1131,267
1131,1154
134,135
134,157
1283,1282
1283,1284
135,136
135,158
136,137
136,159
137,138
137,160
138,139
138,161
139,140
139,162
140,141
140,163
141,142
141,164
142,143
143,990
122,164
232,231
232,233
232,1207
164,163
164,187
146,145
146,147
146,1404
1490,1468
1490,1510
124,125
124,1252
124,1357
124,1226
125,431
125,148
1252,254
1252,1253
1252,1275
1357,1337
1357,1358
1226,788
1226,1225
431,476
431,1274
431,516
148,1359
148,411
127,695
127,694
127,1449
695,304
695,826
694,802
694,714
1449,1471
1449,1473
1449,1493
1558,364
1558,369
1558,1557
1471,451
1471,473
457,436
457,478
457,982
717,454
717,1562
717,1538
130,806
130,913
130,347
806,458
806,459
806,807
913,912
913,914
913,936
347,567
347,675
347,959
262,174
262,263
262,1069
132,892
132,1045
892,416
892,891
892,893
1045,176
1045,1022
1045,1044
156,179
156,1067
157,180
157,1259
158,159
158,181
158,1130
159,160
159,182
160,161
160,183
161,162
161,184
162,163
162,185
163,186
990,991
990,1011
990,1013
144,145
144,987
145,1118
145,1423
987,986
1118,1116
1423,1402
1423,1421
1423,1422
147,170
147,1162
1404,1402
1404,1405
170,151
170,193
170,234
1162,1160
1162,1161
1162,1164
1359,1340
1359,1358
1359,1360
411,152
411,1517
149,1560
149,1428
149,1316
1560,455
1560,477
1560,716
1428,472
1428,583
1316,1317
500,324
500,674
500,566
628,629
628,691
1495,474
1495,649
1495,1496
151,152
152,610
610,567
610,568
610,982
154,155
154,177
154,1154
154,1175
155,178
155,1369
155,1415
177,176
177,178
177,200
1154,483
1154,1155
1175,1152
1175,1176
1175,1198
178,179
178,201
1369,1368
1369,1370
1369,1392
1415,1414
1415,1416
1415,1438
179,180
179,202
1067,1066
1067,1068
1067,1198
180,181
180,203
1259,1258
1259,1238
181,182
181,204
1130,199
1130,1153
182,183
182,205
183,184
183,206
184,185
184,207
185,186
185,208
186,187
186,686
187,210
187,1055
188,166
188,211
188,1013
166,1208
1208,275
1208,406
1208,1209
209,208
209,210
1403,320
1403,1401
1492,298
1492,364
1492,518
169,542
169,1207
542,543
542,585
1207,319
1207,1139
193,191
193,216
234,211
234,1144
234,319
345,1514
345,1582
345,1447
587,543
587,675
654,369
654,916
654,763
173,589
173,653
589,480
589,502
589,918
653,476
653,477
653,634
174,175
174,197
174,240
175,828
175,1024
175,1520
197,176
197,1066
197,1089
240,239
240,241
240,545
828,547
828,829
828,851
1024,525
1024,1001
1520,1519
1520,1521
1520,1543
176,958
958,935
958,957
958,959
200,199
200,201
200,223
201,202
201,224
202,203
202,225
203,204
203,226
204,205
204,227
205,206
205,228
206,207
206,229
207,208
207,230
208,339
686,597
686,709
686,753
210,233
1055,449
1055,1054
211,387
1013,425
1013,534
967,966
967,968
190,191
190,322
190,1337
190,1274
191,214
191,1293
322,277
322,1494
322,452
1337,1317
1274,428
214,213
214,237
214,434
1293,1291
1293,1292
192,1341
192,1472
1341,540
1341,1253
1472,412
1472,560
1472,715
216,217
216,415
216,716
281,280
281,283
195,280
195,324
195,304
280,279
324,632
437,218
437,526
437,938
1562,673
1562,1541
1066,1043
1066,1065
1089,375
1089,438
1089,1112
198,199
198,219
198,980
198,1111
199,1110
219,218
219,915
219,763
980,957
980,979
980,981
1111,220
1111,483
1111,1110
1110,1087
1110,1133
223,222
223,224
223,246
224,225
224,247
225,226
225,248
226,227
226,249
227,228
227,250
228,229
228,880
229,230
229,252
230,231
230,253
339,316
339,338
339,340
233,473
387,302
387,498
212,1273
212,496
1273,235
1273,340
1273,1296
496,450
496,475
496,1298
213,235
213,452
235,1494
452,604
452,1144
237,238
237,522
434,325
434,784
434,761
215,498
215,760
215,1557
498,453
498,561
760,346
760,672
760,761
1557,1555
1557,1576
217,218
217,891
217,283
415,764
415,939
415,566
716,1497
218,959
891,890
891,914
283,652
283,435
959,960
915,284
915,656
915,916
763,326
763,392
220,221
220,241
220,243
221,222
221,265
221,1044
241,871
241,1132
243,242
243,244
243,266
222,244
222,245
265,264
265,266
265,288
1044,1043
1044,1087
244,245
244,1199
245,246
245,268
246,247
246,269
247,248
247,270
248,249
248,271
249,250
249,272
250,273
880,881
880,903
880,924
252,253
252,773
231,295
231,902
253,254
253,276
295,294
295,296
295,512
902,903
902,922
902,1011
473,429
1144,362
1144,1142
319,429
319,1276
1494,346
1494,649
236,474
236,301
474,341
474,560
301,1516
301,412
238,239
238,1516
522,260
522,632
522,633
239,369
239,501
1516,650
1516,759
369,435
501,435
501,565
545,260
545,480
545,982
871,546
871,870
871,872
1132,307
1132,397
1132,417
242,263
242,395
242,936
263,305
395,372
395,374
395,396
936,740
936,935
266,267
266,289
1199,1198
1199,1200
1199,1222
268,267
268,269
268,291
269,270
269,292
270,271
270,293
271,272
271,294
272,273
272,968
273,274
273,296
274,275
274,579
773,750
773,774
773,796
254,255
276,275
276,277
276,299
255,256
255,1319
255,364
256,279
256,1230
1319,471
1319,1296
1319,1320
364,407
279,278
279,302
1230,299
1230,1209
1230,1210
257,1515
1515,366
1515,429
1515,585
300,1362
300,1533
784,523
784,524
260,740
740,633
261,285
261,781
261,566
285,264
285,284
285,394
781,782
781,1453
566,479
1069,438
1069,962
1069,1068
305,306
305,328
305,849
264,287
264,482
287,286
287,288
287,310
482,459
482,483
482,505
288,289
288,311
267,290
289,290
289,312
290,291
290,313
291,292
291,314
292,293
292,315
293,294
293,316
294,317
968,969
968,991
296,297
579,556
579,602
579,819
277,278
277,1362
299,1254
278,1514
1362,367
1362,407
1514,366
302,325
302,1426
282,807
282,563
282,564
807,591
807,741
563,478
563,521
563,1518
564,370
564,632
284,869
284,1026
869,868
869,870
1026,393
1026,1025
1026,1158
394,371
394,417
394,893
286,307
307,306
307,393
310,309
310,311
310,333
311,312
311,334
312,313
312,335
313,314
313,336
314,315
314,337
315,316
315,338
316,317
317,383
512,489
512,511
512,753
297,1317
297,1098
1098,1096
1098,1097
1098,1100
298,363
298,451
298,1447
363,1277
363,1187
363,493
451,584
451,1099
1447,1445
1447,1446
1254,1191
1254,1275
1254,1277
1533,1532
412,523
325,326
325,348
1426,389
1426,453
1426,1424
389,540
306,329
306,981
328,327
328,329
328,873
849,674
849,826
329,308
329,330
981,526
393,416
393,852
308,309
308,331
308,1306
309,332
309,1416
331,330
331,332
331,354
1306,1305
1306,1307
1306,1329
332,333
332,355
1416,1393
1416,1417
333,334
333,356
334,335
334,357
335,336
335,358
336,337
336,359
337,338
337,360
338,361
383,382
383,384
383,1080
318,600
318,643
318,448
318,1231
600,513
600,643
600,820
643,448
643,576
448,492
448,665
1231,342
1231,472
1231,516
429,1385
1276,366
1276,493
1276,625
320,341
320,1361
320,1100
341,428
1361,539
1361,1360
1361,1385
1100,340
1100,450
321,1164
321,1425
1164,1165
1425,1405
1425,1424
323,1513
323,477
1513,1493
1513,1512
1513,1532
477,738
632,764
326,327
326,629
348,349
348,371
348,741
327,350
629,824
350,349
350,351
350,373
873,523
873,872
873,874
330,351
330,353
351,1197
351,1241
353,352
353,354
353,376
354,355
354,377
355,356
355,378
356,357
356,379
357,358
357,380
358,359
358,381
359,360
359,578
360,491
360,710
361,381
361,881
361,362
340,538
538,494
538,1253
538,1233
428,1255
342,1210
1210,1209
1210,1212
1384,366
1384,584
1582,648
1582,759
346,782
782,1517
567,1027
567,809
349,372
349,699
371,895
741,612
741,983
372,373
372,1003
699,1290
699,1027
699,1113
373,352
373,374
1197,1153
1197,1220
1241,1218
1241,1242
1241,1264
352,375
352,1000
375,376
375,398
1000,977
1000,999
1000,1001
376,377
376,399
377,378
377,400
378,379
378,401
379,380
379,402
380,381
380,403
381,404
578,555
578,776
578,1038
491,405
491,490
491,602
710,733
710,755
710,1060
881,882
881,904
362,427
362,1233
427,1297
427,472
427,1124
1233,1213
1233,1232
1277,582
1277,1255
1187,470
1187,1188
493,1078
493,1145
407,1407
407,1058
1232,406
1232,514
367,561
561,1408
561,1188
370,785
370,916
785,1004
785,1005
916,939
895,635
895,894
895,896
1003,569
1003,613
1003,1002
374,397
374,484
397,398
397,420
484,485
484,505
484,507
398,399
398,421
399,400
399,422
400,401
400,423
401,402
401,424
402,403
402,425
403,404
403,708
404,687
382,1167
382,1122
1167,667
1167,1148
1167,1166
1122,426
1122,515
1122,582
384,385
384,495
384,1297
1080,385
1080,624
1080,756
385,1146
495,449
495,1297
495,1321
1297,1296
1146,539
1146,670
1146,690
1342,626
1342,1323
1342,1343
1360,1380
540,1496
677,696
677,1115
392,460
392,786
392,1070
460,720
460,1091
460,1202
786,937
786,1223
786,1027
1070,1050
1070,1068
1070,1071
416,438
416,439
852,851
852,853
852,875
417,418
417,1025
893,870
893,894
396,419
396,1221
396,1350
419,418
419,420
419,442
1221,1220
1221,1222
1221,1244
1350,1349
1350,1373
420,421
420,443
421,422
421,444
422,423
422,445
423,424
423,446
424,425
424,447
425,601
708,685
708,707
708,709
687,598
687,624
687,820
405,406
405,754
405,1188
406,1101
754,731
754,775
754,1018
1101,537
1101,1102
1101,1103
1407,408
1407,476
1407,559
1058,559
1058,1056
1058,1059
408,1559
408,494
1559,585
1559,651
494,1168
494,1235
1363,475
1363,518
1517,1497
523,1092
414,764
414,738
414,698
764,697
738,650
738,868
698,696
698,1028
698,1047
939,938
939,962
438,548
439,418
439,440
439,1179
418,441
1025,1002
1025,1068
441,442
441,464
442,443
442,465
443,444
443,466
444,445
444,467
445,446
445,468
446,447
446,683
447,711
447,1079
601,1014
601,1039
601,1061
426,536
426,1124
426,469
536,623
536,645
536,1125
1124,583
1124,645
469,468
469,1078
469,1102
472,1168
1255,1256
1255,1278
1385,647
1385,672
1211,470
1211,537
1211,626
516,1408
516,649
1473,1474
1473,1493
433,1405
1405,1364
761,696
436,459
436,829
436,917
459,635
829,766
829,830
917,894
917,940
917,808
526,503
526,549
938,937
938,961
548,525
548,571
548,701
440,463
440,1135
440,1375
1179,611
1179,1156
1179,1178
463,462
463,464
463,486
1135,636
1135,1112
1135,1246
1375,1352
1375,1374
1375,1376
464,465
464,487
465,466
465,488
466,467
466,489
467,468
467,490
468,794
683,660
683,706
711,492
711,733
711,1344
1079,1059
1079,1081
1079,1099
492,969
492,1082
665,535
665,642
665,798
449,582
449,1189
582,1344
1189,557
1189,602
1189,688
450,1340
450,1099
1099,1097
584,1538
604,1166
604,1518
604,691
454,565
565,479
982,502
458,787
458,809
458,503
787,788
787,899
787,960
809,697
809,765
503,525
503,872
635,658
635,1046
720,543
720,634
720,897
1091,504
1091,569
1091,676
1202,461
1202,612
1202,1201
461,611
461,1090
461,1071
611,1178
1090,1088
1090,1112
1090,1113
1071,742
1071,1051
462,483
462,485
462,1242
485,486
485,508
1242,549
1242,1265
486,487
486,509
487,488
487,510
488,489
488,511
489,490
490,772
794,771
794,795
794,817
1078,1059
1102,668
1102,688
470,971
470,1190
971,623
971,970
971,972
1190,1169
1190,1191
1190,1192
471,777
471,1081
471,1166
777,776
777,778
777,1345
1081,689
1081,1059
1166,1165
1168,580
1168,645
560,1125
475,583
475,521
521,1538
521,1493
479,961
479,1048
961,547
961,984
1048,570
1048,1029
1048,1050
480,1046
1046,481
1046,1047
481,897
481,590
481,940
897,874
897,920
590,1092
590,743
590,678
940,504
940,963
505,702
505,1245
507,506
507,508
507,530
508,509
508,531
509,510
509,532
510,511
510,533
511,534
772,749
772,771
772,795
602,625
969,970
969,992
1082,513
1082,515
1082,1105
1145,1143
1145,1147
1145,1165
1235,514
1235,603
1235,1215
1321,734
1321,758
1321,1299
1298,646
1298,757
674,650
502,960
960,766
525,850
872,613
504,1157
504,918
1157,721
1157,1136
1157,1137
918,657
918,721
702,679
702,725
702,857
1245,1222
1245,1244
1245,1246
506,527
506,529
506,1333
527,528
527,1243
527,1418
529,528
529,530
529,552
1333,723
1333,1310
1333,1506
530,531
530,553
531,532
531,554
532,555
532,1549
533,556
533,620
534,599
534,1035
753,730
753,776
513,948
513,667
948,925
948,947
948,949
667,1322
667,1104
514,1017
514,1057
1017,666
1017,994
1057,1036
1057,1037
1057,1056
515,1035
515,1256
1035,558
1256,1258
1256,1278
1408,1386
649,518
517,646
646,732
646,799
1538,1518
633,831
633,984
1092,700
1092,742
524,723
524,937
524,1027
723,746
723,983
937,914
850,655
850,851
549,550
528,551
528,1311
1243,1220
1243,1244
1243,1266
1418,1417
1418,1419
1418,1394
551,550
551,552
551,574
1311,1288
1311,1310
1311,1334
552,553
552,575
553,554
553,576
554,555
554,577
555,556
1549,620
1549,1526
1549,1548
556,973
620,619
620,621
599,576
599,622
599,644
535,797
535,995
535,1034
797,774
797,796
797,820
995,972
995,994
995,1018
1034,1036
1034,1054
623,622
623,624
645,669
1125,757
1125,1123
537,1275
537,557
1275,625
557,729
557,1234
1253,1272
539,1300
539,585
1300,1299
1300,1302
1300,1322
1496,1519
651,1474
676,896
676,1005
546,656
546,612
546,1134
656,679
656,789
612,547
1134,568
1134,1114
1134,1133
547,914
571,550
571,572
571,1417
701,724
701,1156
701,1290
550,573
573,572
573,574
573,596
574,575
574,597
575,576
577,622
577,642
577,775
973,950
973,972
973,996
729,706
729,728
729,752
1234,558
1234,626
1234,1257
558,668
558,1126
668,713
668,1014
1126,714
1126,1127
1126,1147
559,1015
559,581
1015,798
1015,992
1015,1038
581,1387
581,688
581,1236
758,1149
1518,673
568,742
568,1113
742,831
1113,1093
569,570
569,592
570,1200
570,1332
592,591
592,593
592,615
1200,657
1200,680
1332,1309
1332,1331
572,593
572,595
1417,596
593,594
593,833
595,594
595,618
595,835
596,597
596,619
597,598
622,621
642,619
642,641
775,752
775,798
776,799
1038,778
1038,1061
819,796
819,818
819,842
580,690
580,1212
580,1191
690,1104
1212,1213
1212,1214
1191,1062
1387,603
1387,715
688,1104
1236,1215
1236,1237
1236,1238
1344,689
743,1047
743,1268
743,1224
678,697
678,963
678,941
591,1006
591,1049
1006,721
1006,1004
1006,1007
1049,634
1049,700
1049,722
615,594
615,614
615,616
594,617
833,613
833,832
833,834
617,616
617,618
617,640
618,619
618,641
835,640
835,814
835,834
598,621
598,793
621,730
793,770
793,792
793,816
644,709
644,1170
644,994
820,843
1014,991
1014,1037
1039,735
1039,1016
1039,1062
1061,1084
625,624
603,669
603,800
669,845
669,1453
800,648
800,670
800,1322
691,996
691,1497
1178,1177
1178,1159
613,614
614,637
614,744
637,616
637,638
744,877
744,1136
616,639
639,638
639,662
639,1398
640,641
640,663
641,664
730,707
730,731
801,670
801,713
801,1325
824,846
831,830
831,832
984,1007
984,985
634,700
700,1269
658,659
658,681
658,746
636,659
636,789
636,875
659,638
659,660
789,788
789,790
875,874
875,876
638,661
661,660
661,662
661,684
662,663
662,685
1398,1379
1398,1399
1398,1400
663,664
663,1528
664,685
664,752
709,732
1170,1345
1170,1150
1170,1169
994,993
732,731
732,755
799,822
799,1060
647,802
647,1192
647,1104
802,779
1192,1172
1192,1193
648,1301
648,1343
1301,1194
1301,1302
1301,1324
1343,1320
1343,1366
655,766
655,894
655,853
766,767
853,830
853,854
679,680
679,1180
657,1047
657,919
919,896
919,920
919,808
681,660
681,680
681,682
746,769
684,685
684,707
1528,1483
1528,1527
1528,1529
752,751
798,821
666,774
666,1016
666,974
774,751
1016,689
1016,993
974,951
974,975
974,997
1322,1323
713,1541
713,1320
845,822
845,844
845,846
1453,734
670,1279
1279,1278
1279,1280
1279,1299
1432,778
1432,1433
1432,1455
715,1454
672,890
890,867
890,889
896,765
1005,788
1005,1004
1115,1114
1115,1116
697,826
963,986
963,942
941,898
941,942
941,943
1180,1181
1180,1182
1180,1201
682,705
682,1377
682,1462
705,704
705,706
705,728
1377,1354
1377,1400
1377,1376
1462,1461
1462,1551
1462,1441
706,707
689,1366
1366,1389
1366,1346
996,997
996,1019
1431,1194
1431,1454
714,868
1028,1004
1028,1008
1028,1029
1290,1291
1290,1292
1269,1268
1269,1271
724,725
724,1355
1156,1133
1156,1155
725,704
725,726
857,834
857,856
704,727
727,726
727,728
727,750
728,751
733,712
733,756
755,712
755,1171
1060,1037
1060,1083
712,1388
712,1149
1388,1389
1388,1411
1388,1365
1149,1127
1149,1148
1541,1542
868,867
1454,1455
1454,1477
765,983
721,830
722,1355
722,1289
722,983
1355,1354
1289,1266
1289,1288
1289,1312
726,749
749,748
749,750
750,751
731,1123
1123,1103
1123,1143
756,779
756,1257
734,1257
734,1084
1257,1151
1084,1083
735,1302
735,1147
735,1214
1302,1303
1147,1127
1214,1195
1214,1213
1268,1248
1268,1267
1224,1223
1224,1225
1224,1204
877,876
877,878
1136,1137
1136,1138
745,768
745,1158
745,1244
745,1225
768,767
768,769
768,791
1158,1159
1158,1160
1225,1205
769,748
769,770
748,771
748,924
771,770
924,925
924,947
1018,1019
1018,1041
1171,1172
1171,1169
779,778
757,1411
1411,1412
1411,1434
767,790
767,899
790,791
790,813
899,898
791,770
791,792
795,796
795,818
1345,1368
1345,1326
1365,1364
1365,1386
1223,1222
1223,1203
813,792
813,814
813,811
792,815
815,814
815,816
815,838
816,817
816,839
817,818
817,840
818,841
821,822
821,844
821,1019
1325,1324
1325,1326
1325,1348
814,837
837,838
837,860
838,839
838,861
839,840
839,862
840,841
840,863
841,842
841,864
842,843
842,865
843,844
843,866
844,867
851,874
832,810
832,811
834,812
859,860
859,882
860,861
860,883
861,862
861,884
862,863
862,885
863,864
863,886
864,865
864,887
865,866
865,888
866,867
866,889
854,855
854,808
854,812
855,856
855,878
855,1334
856,876
878,898
1334,1313
882,883
882,905
883,884
883,906
884,885
884,907
885,886
885,908
886,887
886,909
887,888
887,910
888,889
888,911
889,912
876,1246
1246,1247
903,904
903,926
904,905
904,927
905,906
905,928
906,907
906,929
907,908
907,930
908,909
908,931
909,910
909,932
910,911
910,933
911,912
911,934
912,935
920,921
920,943
923,922
923,921
923,943
925,926
1551,1529
1551,1530
922,921
922,1400
1011,1010
926,927
926,949
927,928
927,950
928,929
928,951
929,930
929,952
930,931
930,953
931,932
931,954
932,933
932,955
933,934
933,956
934,935
934,957
921,898
943,966
1400,1399
947,970
949,950
949,972
950,951
951,952
952,953
952,975
953,954
953,976
954,955
954,977
955,956
955,978
956,957
956,979
962,985
962,942
966,1485
970,993
975,976
975,998
976,977
976,999
977,978
978,979
978,1001
979,1002
985,986
985,965
986,1009
1485,1484
1485,1441
1485,1486
991,992
992,993
997,998
997,1020
998,999
999,1022
1001,1002
1007,1030
1007,988
1009,1010
1009,988
1009,1008
1019,1020
1020,1043
1030,1010
1030,1029
1010,1008
1037,1036
1041,1042
1043,1042
1062,1258
1042,1065
1065,1240
1087,1086
1083,1106
1083,1103
1258,1238
1240,1217
1240,1263
1240,1346
1198,1177
1105,1128
1105,1103
1105,1106
1106,1086
1112,1088
1128,1129
1128,1151
1128,1109
1133,1114
1129,1152
1129,1239
1129,1109
1151,1150
1152,1304
1239,1216
1239,1262
1239,1237
1153,1176
1153,1155
1139,1312
1139,1137
1139,1138
1312,1313
1140,1466
1140,1138
1466,1464
1466,1465
1304,1281
1304,1303
1304,1305
1176,1177
1176,1309
1155,1177
1172,1193
1309,1308
1309,1310
1193,1216
1193,1194
1216,1217
1216,1195
1194,1217
1217,1218
1195,1218
1195,1215
1328,1305
1328,1327
1328,1329
1237,1238
1262,1263
1262,1285
1262,1261
1263,1264
1263,1286
1346,1327
1346,1348
1264,1265
1264,1287
1265,1266
1265,1288
1266,1267
1247,1248
1247,1267
1248,1267
1285,1284
1285,1286
1285,1308
1286,1287
1286,1505
1287,1288
1287,1310
1280,1281
1280,1278
1280,1299
1281,1282
1281,1519
1282,1305
1282,1261
1519,1542
1284,1307
1284,1261
1307,1308
1307,1330
1308,1331
1505,1482
1505,1504
1505,1506
1324,1323
1324,1347
1303,1326
1303,1323
1326,1327
1329,1330
1329,1352
1330,1331
1330,1353
1331,1354
1347,1348
1347,1370
1347,1327
1348,1349
1352,1353
1353,1354
1353,1376
1506,1507
1506,1486
1368,1391
1370,1371
1370,1393
1349,1371
1349,1372
1373,1372
1373,1374
1373,1396
1374,1397
1376,1378
1389,1390
1389,1412
1390,1391
1390,1413
1391,1392
1391,1414
1392,1393
1392,1371
1371,1372
1393,1394
1372,1395
1395,1394
1395,1396
1395,1440
1396,1419
1397,1420
1397,1378
1412,1413
1412,1435
1413,1414
1413,1436
1414,1437
1394,1440
1419,1420
1420,1421
1434,1433
1434,1435
1434,1457
1435,1436
1435,1458
1436,1437
1436,1459
1437,1438
1437,1460
1438,1461
1433,1456
1455,1456
1455,1478
1456,1457
1456,1479
1457,1458
1457,1480
1458,1459
1458,1481
1459,1460
1459,1482
1460,1461
1460,1483
1461,1484
1477,1478
1477,1500
1478,1479
1478,1501
1479,1480
1479,1502
1480,1481
1480,1503
1481,1482
1481,1504
1482,1483
1483,1484
1499,1500
1499,1522
1500,1501
1500,1523
1501,1502
1501,1524
1502,1503
1502,1525
1503,1504
1503,1526
1504,1527
1521,1522
1521,1544
1522,1523
1522,1545
1523,1524
1523,1546
1524,1525
1524,1547
1525,1526
1525,1548
1526,1527
1542,1543
1543,1544
1544,1545
1545,1546
1546,1547
1547,1548
808,810
810,811
810,812
811,812
942,944
944,945
944,965
945,965
945,988
988,1008
1036,1056
1050,1051
1050,1052
1051,1052
1052,1054
1054,1056
1072,1074
1072,1093
1072,1094
1074,1075
1075,1094
1086,1088
1086,1109
1088,1109
1093,1094
1093,1095
1094,1095
1095,1096
1095,1097
1096,1097
1114,1116
1127,1148
1137,1138
1142,1143
1148,1150
1150,1169
1159,1160
1159,1161
1160,1161
1165,1184
1181,1182
1181,1201
1182,1184
1201,1203
1203,1204
1203,1205
1204,1205
1213,1215
1271,1272
1271,1291
1272,1292
1291,1292
1364,1386
1378,1379
1378,1380
1379,1380
1379,1399
1380,1399
1401,1402
1401,1421
1401,1422
1402,1422
1421,1422
1424,1444
1424,1445
1441,1464
1441,1465
1444,1445
1444,1446
1444,1464
1445,1446
1464,1465
1468,1487
1486,1487
1512,1532
1529,1530
1530,1532
1530,1552
1552,1553
1552,1554
1552,1572
1553,1554
1553,1555
1553,1572
1554,1555
1572,1574
1574,1575
1574,1576
1575,1576
