0,651
0,1538
0,1497
0,65
651,127
651,606
651,736
1538,84
1538,260
1538,1518
1497,42
1497,606
1497,780
65,1581
65,1451
65,1409
1,24
1,131
1,823
1,1040
24,47
24,1063
24,1085
131,110
131,262
131,1023
823,87
823,822
823,1280
1040,996
1040,1017
1040,1041
2,3
2,25
2,1064
2,1563
3,4
3,26
3,1564
25,48
25,1174
25,1563
1064,1041
1064,1065
1064,1087
1563,1152
1563,1564
4,5
4,27
4,1565
26,49
26,1173
26,1219
1564,45
1564,1565
5,28
5,1351
5,1566
27,28
27,50
27,1196
1565,1542
1565,1566
28,29
28,51
1351,1350
1351,1352
1351,1374
1566,1543
1566,1567
6,7
6,29
6,1439
6,1567
7,8
7,30
7,1568
29,30
29,52
1439,549
1439,1438
1439,1440
1567,1544
1567,1568
8,9
8,31
8,1569
30,31
30,53
1568,1545
1568,1569
9,10
9,32
9,1570
31,54
31,703
1569,1546
1569,1570
10,11
10,1550
10,1571
32,55
32,165
32,879
1570,575
1570,1547
11,747
11,923
11,989
1550,1332
1550,1527
1550,1573
1571,1396
1571,1507
1571,1548
747,724
747,726
747,746
923,143
923,230
923,900
989,167
989,987
989,1075
12,836
12,901
12,1442
12,1573
836,837
836,857
836,859
901,880
901,925
901,1033
1442,33
1442,637
1442,1419
1573,1397
1573,1572
13,1184
13,1423
13,1531
13,1052
1184,101
1184,1165
1184,1183
1423,144
1423,1403
1423,1421
1531,899
1531,1529
1531,1530
1052,58
1052,144
1052,1051
14,80
14,1443
14,59
14,1269
80,1357
80,1575
80,300
1443,35
1443,744
1443,1420
59,37
59,1054
59,1514
1269,1250
1269,1268
1269,1270
15,1251
15,1357
15,1142
15,1165
1251,57
1251,212
1251,321
1357,855
1357,1337
1142,341
1142,1141
1142,1143
1165,298
1165,1163
16,1578
16,322
16,1272
16,1511
1578,320
1578,323
1578,388
322,169
322,433
322,1187
1272,102
1272,170
1272,1253
1511,1512
1511,1513
1511,1530
17,1403
17,81
17,1228
17,1515
1403,1402
1403,1404
81,58
81,82
81,1470
1228,61
1228,211
1228,256
1515,60
1515,150
1515,321
18,1557
18,434
18,1491
18,474
1557,169
1557,192
1557,476
434,214
434,325
434,784
1491,300
1491,430
1491,519
474,19
474,38
474,1558
19,1582
19,543
19,586
1582,21
1582,541
1582,604
543,392
543,672
543,545
586,348
586,1473
586,630
20,759
20,1537
20,324
20,1385
759,1494
759,1453
759,1366
1537,148
1537,412
1537,562
324,193
324,1494
324,1581
1385,693
1385,1383
1385,1386
21,195
21,695
21,260
195,173
195,502
195,782
695,84
695,478
695,697
260,631
260,1561
22,783
22,848
22,1023
22,1498
783,501
783,782
783,804
848,263
848,847
848,849
1023,1022
1023,1024
1498,1475
1498,1499
1498,1521
23,46
23,1021
23,1107
23,1260
46,45
46,47
46,69
1021,998
1021,1020
1021,1022
1107,1084
1107,1106
1107,1259
1260,1237
1260,1283
1260,1241
47,48
47,70
1063,1061
1063,1042
1063,1082
1085,1062
1085,1108
1085,1130
48,49
48,71
1174,1151
1174,1197
1174,1172
49,50
49,72
1173,1172
1173,1196
1173,1193
1219,286
1219,1218
1219,1220
50,51
50,73
1196,156
1196,1328
51,52
51,74
52,53
52,75
53,54
53,76
54,55
54,77
703,680
703,683
703,704
55,56
55,251
165,142
165,187
165,188
879,684
879,858
879,878
33,858
33,1033
33,1463
858,317
858,859
1033,145
1033,296
1463,441
1463,1440
1463,1484
34,946
34,1356
34,1464
34,1510
946,382
946,947
946,967
1356,876
1356,988
1356,1355
1464,1441
1464,1465
1464,1466
1510,145
1510,1487
1510,1489
35,1185
35,1400
35,1378
1185,1183
1185,1186
1185,1187
1400,79
1400,1377
1400,1399
1378,898
1378,1379
1378,1380
36,1055
36,1164
36,124
36,1315
1055,190
1055,209
1055,1034
1164,102
1164,255
1164,341
124,1534
124,1292
124,1077
1315,943
1315,1296
1315,1313
37,39
37,1533
37,1163
39,85
39,521
39,1513
1533,60
1533,1514
1533,1532
1163,78
1163,1182
38,1536
38,497
38,1446
1536,346
1536,408
1536,1534
497,367
497,1559
497,1472
1446,78
1446,169
1446,1444
85,1494
85,500
85,588
521,130
521,370
521,1493
1513,105
1513,1492
40,1429
40,608
40,41
40,105
1429,107
1429,737
1429,1409
608,109
608,478
608,716
41,83
41,518
41,323
105,542
105,1316
83,126
83,1383
83,409
518,171
518,1583
518,1365
323,128
323,1556
42,1583
42,649
42,391
1583,542
1583,628
649,629
649,1322
649,694
391,347
391,632
391,762
43,563
43,261
43,804
43,153
563,259
563,344
563,609
261,219
261,368
261,781
804,673
804,803
153,132
153,152
153,652
44,1539
44,1562
44,1452
44,737
1539,130
1539,627
1539,735
1562,86
1562,1540
1452,496
1452,692
1452,757
737,520
737,1581
45,68
45,1475
68,67
68,69
68,91
1475,778
1475,800
69,70
69,92
70,71
70,93
71,72
71,94
72,73
72,95
73,74
73,96
74,75
74,97
75,76
75,98
76,77
76,99
77,100
77,1509
56,57
56,79
56,1076
251,250
251,252
251,274
57,1208
57,1508
79,102
79,1359
1076,211
1076,253
1076,275
1208,166
1208,167
1208,275
1508,78
1508,615
1508,1507
58,1380
58,1096
1380,103
1380,1359
1096,103
1096,1095
1096,1097
1054,988
1054,1034
1054,1053
1514,320
1514,412
60,123
60,1404
123,100
123,122
123,146
1404,519
1404,1402
61,1381
61,303
61,1297
1381,212
1381,1358
1381,1379
303,217
303,761
303,1558
1297,495
1297,1296
1297,1316
62,520
62,1426
62,457
62,544
520,279
520,760
1426,127
1426,149
1426,388
457,697
457,696
457,633
544,960
544,739
544,565
63,475
63,106
63,192
63,173
475,453
475,1559
475,648
106,561
106,650
106,1383
192,1360
192,411
173,152
173,606
64,1474
64,258
64,782
64,739
1474,694
1474,735
1474,758
258,256
258,281
258,453
782,781
739,150
739,693
1581,583
1451,472
1451,671
1451,780
1409,1408
1409,1450
66,67
66,89
66,738
66,824
67,90
67,1108
89,88
89,90
89,112
738,108
738,414
738,542
824,607
824,846
824,1454
90,91
90,113
1108,157
1108,1131
91,92
91,114
92,93
92,115
93,94
93,116
94,95
94,117
95,96
95,118
96,97
96,119
97,98
97,120
98,99
98,121
99,100
99,900
100,1207
1509,854
1509,899
1509,965
78,1118
1118,144
1118,1098
1118,1116
102,1270
1359,1338
1359,1379
1575,166
1575,1556
1575,1574
300,477
300,1470
82,1580
82,278
82,1361
1470,126
1470,1469
1580,476
1580,500
1580,672
278,277
278,279
278,1339
1361,298
1361,366
1361,541
126,452
126,585
1383,1382
409,191
409,1516
409,1231
84,281
84,432
281,283
281,1517
432,108
432,216
432,499
1494,717
500,1559
500,565
588,369
588,564
588,609
86,542
86,1453
86,435
1453,1433
1453,1518
435,499
435,718
435,761
87,825
87,868
87,1541
825,607
825,802
825,826
868,802
868,867
868,869
1541,88
1541,713
1541,847
88,109
88,805
109,218
109,803
805,238
805,371
805,522
112,111
112,113
112,135
113,114
113,136
114,115
114,137
115,116
115,138
116,117
116,139
117,118
117,140
118,119
118,141
119,120
119,142
120,121
120,143
121,122
121,1554
900,877
900,1376
1207,1205
1207,1206
1207,1209
101,902
101,1012
101,1206
902,231
902,903
902,922
1012,404
1012,1011
1012,1032
1206,1204
1206,1205
1270,1250
1270,1268
103,1362
103,1249
1362,1341
1362,1342
1362,1363
1249,812
1249,922
1249,1248
104,412
104,1227
104,499
104,1382
412,410
1227,1226
1227,1247
1227,1248
499,717
1382,1384
1382,1401
1316,1296
1316,1314
561,539
561,646
561,1322
650,1473
650,1561
650,671
107,477
107,628
107,674
477,149
477,629
628,130
628,1471
674,454
674,478
674,631
108,762
108,1518
762,346
762,368
1518,694
218,217
218,219
218,869
803,1410
803,1432
110,111
110,133
110,1131
111,134
111,1283
133,132
133,134
133,156
1131,267
1131,1154
134,135
134,157
1283,1282
1283,1284
135,136
135,158
136,137
136,159
137,138
137,160
138,139
138,161
139,140
139,162
140,141
140,163
141,142
141,164
142,143
143,990
122,164
122,166
1554,146
1554,988
1554,1552
164,163
164,187
166,1250
146,145
146,147
1534,1532
1534,1535
1292,854
1292,984
1292,1271
1077,1053
1077,1056
1077,1057
125,147
125,1314
125,168
125,148
147,170
147,213
1314,1313
1314,1336
168,234
168,1468
168,1162
148,345
148,1579
452,1100
452,1230
452,515
585,128
585,388
585,692
127,239
127,1516
239,128
239,567
239,653
1516,238
1516,540
128,282
282,196
282,433
282,564
129,741
129,390
129,630
129,716
741,564
741,654
741,1046
390,392
390,676
390,455
630,519
630,715
716,171
716,715
130,675
675,346
675,566
675,939
262,263
262,437
262,827
132,892
132,1045
892,416
892,891
892,893
1045,176
1045,1022
1045,1044
156,179
156,1067
157,180
157,1259
158,159
158,181
158,1130
159,160
159,182
160,161
160,183
161,162
161,184
162,163
162,185
163,186
990,991
990,1011
990,1013
144,987
987,986
987,1336
145,320
320,1058
170,151
170,193
213,214
213,235
213,1406
345,149
345,171
345,411
1579,367
1579,1577
149,606
150,151
150,1427
151,152
151,1540
1427,276
1427,368
1427,1406
152,629
1540,1561
629,1517
652,479
652,501
652,632
154,155
154,177
154,1154
154,1175
155,178
155,1369
155,1415
177,176
177,178
177,200
1154,483
1154,1155
1175,1152
1175,1176
1175,1198
178,179
178,201
1369,1368
1369,1370
1369,1392
1415,1414
1415,1416
1415,1438
179,180
179,202
1067,328
1067,1066
1067,1198
180,181
180,203
1259,801
1259,1258
181,182
181,204
1130,1153
1130,1132
182,183
182,205
183,184
183,206
184,185
184,207
185,186
185,208
186,187
186,686
187,210
188,211
188,1425
188,1188
1250,1271
167,209
167,1139
209,208
209,210
1139,811
1139,1138
1139,1140
234,211
234,1445
234,1492
1468,965
1468,1467
1468,1469
1162,963
1162,1160
1162,1161
169,1559
193,216
193,236
171,1450
1450,476
1450,692
172,370
172,1517
172,410
172,566
370,764
370,676
1517,455
410,342
410,673
566,456
566,765
174,175
174,197
174,240
174,849
175,828
175,1024
175,1520
197,176
197,827
197,1066
240,241
240,826
240,369
849,305
849,826
828,765
828,829
828,851
1024,525
1024,1001
1520,1519
1520,1521
1520,1543
176,958
958,935
958,957
958,959
200,199
200,201
200,223
201,202
201,224
202,203
202,225
203,204
203,226
204,205
204,227
205,206
205,228
206,207
206,229
207,208
207,967
208,339
686,533
686,597
686,709
210,233
210,1317
1425,343
1425,1424
1425,1444
1188,494
1188,1186
1188,1190
189,1490
189,1512
189,1075
189,1340
1490,280
1490,343
1490,1489
1512,236
1512,1492
1075,1053
1075,1074
1340,255
1340,365
1340,1320
190,429
190,1144
190,385
429,1448
429,1102
429,1036
1144,343
1144,406
1144,580
385,384
385,386
385,583
191,214
191,1295
191,389
214,237
1295,1384
1295,1274
1295,1293
389,280
389,326
389,411
1360,301
1360,430
1360,1341
411,344
216,217
216,826
236,301
236,1317
194,609
194,1472
194,431
194,763
609,437
1472,237
1472,692
431,255
431,1448
431,1495
763,369
763,1091
763,1046
502,587
502,809
502,1114
196,523
196,760
196,259
523,504
523,719
523,1071
760,283
760,673
259,237
259,414
827,718
827,720
1066,1043
1066,1065
198,199
198,219
198,980
198,1111
199,1110
199,1284
219,915
980,957
980,979
980,981
1111,220
1111,483
1111,936
1110,1087
1110,1133
1110,1109
1284,1285
1284,1307
223,222
223,224
223,246
224,225
224,247
225,226
225,248
226,227
226,249
227,228
227,250
228,229
228,880
229,230
229,252
967,966
967,968
339,316
339,338
339,340
233,232
233,1120
233,342
1317,297
1317,340
212,1140
212,1293
1140,920
1140,1121
1293,1294
1293,1312
235,1273
235,1253
235,517
1406,1408
1406,1428
237,718
215,696
215,562
215,1561
215,347
696,479
696,633
562,343
562,517
347,498
347,567
217,784
784,460
784,587
869,284
869,870
915,285
915,656
915,916
220,221
220,241
220,243
221,222
221,265
221,1044
241,871
241,1132
243,242
243,244
243,266
222,244
222,245
265,264
265,266
265,288
1044,1043
1044,1087
244,245
244,1199
245,246
245,268
246,247
246,269
247,248
247,270
248,249
248,271
249,250
249,272
250,273
880,881
880,924
230,231
230,535
252,253
252,773
231,232
231,295
535,797
535,995
535,1060
232,1229
232,1013
295,294
295,296
295,512
1229,297
1229,319
1229,1209
1013,297
1013,425
1120,966
1120,1119
1120,1121
342,539
342,1252
1445,1424
1445,1444
1445,1447
1492,1493
1273,340
1273,1271
1273,1274
1253,1232
1253,1254
517,386
517,1146
301,541
301,1493
718,501
238,781
238,672
781,780
672,890
567,479
567,654
653,568
653,611
653,872
369,519
871,546
871,870
871,872
1132,307
1132,397
242,263
242,395
242,936
263,305
395,372
395,374
395,396
936,913
936,935
266,267
266,289
1199,1198
1199,1200
1199,1222
268,267
268,269
268,291
269,270
269,292
270,271
270,293
271,272
271,294
272,273
272,968
273,274
273,296
274,275
274,579
253,254
253,1209
773,750
773,774
773,796
254,256
254,1252
254,427
1209,1230
256,279
1252,340
1252,1275
427,557
427,1276
427,1212
255,428
428,603
428,472
428,1189
279,302
257,367
257,386
257,433
257,365
367,631
386,387
433,1449
365,1254
365,1143
453,298
453,1471
414,761
414,522
631,785
368,1558
437,415
437,526
305,306
305,328
264,285
264,287
264,482
285,284
285,1087
287,286
287,288
287,310
482,459
482,483
482,505
288,289
288,311
267,290
289,290
289,312
290,291
290,313
291,292
291,314
292,293
292,315
293,294
293,316
294,317
968,969
968,991
296,297
275,276
579,556
579,602
579,819
276,277
276,363
277,299
277,1078
363,1405
363,1101
363,364
299,540
299,1405
299,1558
1078,407
1078,469
1078,514
1339,407
1339,1337
1339,1338
302,304
302,325
302,387
280,1560
280,456
1560,430
1560,564
1560,736
456,454
456,589
283,587
283,413
587,498
413,632
413,436
413,785
284,981
284,1026
981,306
981,526
1026,393
1026,1025
1026,1158
286,307
286,1242
307,306
307,415
1242,462
1242,549
1242,1241
310,309
310,311
310,333
311,312
311,334
312,313
312,335
313,314
313,336
314,315
314,337
315,316
315,338
316,317
317,688
512,489
512,511
512,753
298,1056
1056,1035
1056,1057
540,454
540,1496
1405,366
1405,498
541,627
1493,694
304,698
304,501
304,982
325,326
325,348
387,1473
387,455
761,589
698,545
698,590
698,1134
982,721
982,764
982,1245
306,329
328,329
328,565
329,308
329,330
415,392
415,677
308,309
308,331
308,1306
309,332
309,1416
331,330
331,332
331,354
1306,1305
1306,1307
1306,1329
332,333
332,355
1416,1393
1416,1417
333,334
333,356
334,335
334,357
335,336
335,358
336,337
336,359
337,338
337,360
338,361
688,645
688,1123
688,1233
318,1035
318,1186
318,536
318,362
1035,1034
1035,1037
1186,384
536,1080
536,1234
536,1126
362,1166
362,1059
362,1231
319,1121
319,537
319,558
1121,405
537,1279
537,690
537,1148
558,1212
558,1276
558,1058
1058,426
1058,471
321,1101
321,1407
1101,382
1101,1081
1407,691
1407,735
1407,1387
1187,449
1187,1167
1556,1535
1556,1555
326,327
326,740
348,349
348,371
327,350
327,458
327,829
740,393
740,458
740,479
350,349
350,351
350,373
458,787
458,610
829,766
829,1025
565,719
330,351
330,353
351,1197
351,1244
353,352
353,354
353,376
354,355
354,377
355,356
355,378
356,357
356,379
357,358
357,380
358,359
358,381
359,360
359,578
360,491
360,710
361,381
361,881
361,1014
341,1230
341,1141
1230,1232
1141,1143
1141,1161
539,714
539,1318
344,1577
344,454
1577,1535
1577,1576
346,455
498,1471
349,372
349,830
371,394
371,895
372,373
372,1003
830,831
830,983
830,1225
373,352
373,374
1197,1153
1197,1220
1244,745
1244,1221
1244,1243
352,375
352,1000
375,376
375,398
375,1089
1000,977
1000,999
1000,1001
376,377
376,399
377,378
377,400
378,379
378,401
379,380
379,402
380,381
380,403
381,404
578,555
578,776
578,1038
491,490
491,602
491,667
710,733
710,755
710,1060
881,882
881,904
1014,601
1014,668
1014,991
1166,383
1166,448
1166,583
1059,470
1059,755
1059,1039
1231,405
1231,1211
364,559
364,1145
364,1363
559,450
559,604
559,1122
1145,603
1145,626
1145,712
1363,366
1363,714
1254,515
1254,516
1143,383
366,496
496,605
496,1299
764,460
764,961
676,697
676,1069
394,417
394,893
394,612
895,635
895,894
895,896
1003,569
1003,613
1003,1002
374,397
374,484
397,398
397,420
484,485
484,505
484,507
398,399
398,421
1089,438
1089,526
1089,1112
399,400
399,422
400,401
400,423
401,402
401,424
402,403
402,425
403,404
403,708
404,687
382,383
382,471
383,384
471,1298
471,1168
384,492
492,969
492,1016
492,1189
583,1410
1473,605
388,1319
1319,430
1319,494
1319,1318
392,717
632,873
717,584
393,416
393,852
416,438
416,439
852,875
852,1115
852,1094
417,418
417,937
417,1025
893,870
893,894
612,959
612,1202
612,1223
396,419
396,1221
396,1350
419,418
419,420
419,442
1221,1220
1221,1222
1350,1349
1350,1373
420,421
420,443
421,422
421,444
422,423
422,445
423,424
423,446
424,425
424,447
425,601
708,685
708,707
708,709
687,598
687,624
687,820
405,1011
405,1015
1011,1010
1015,581
1015,798
1015,971
406,493
406,1037
406,1210
493,408
493,1146
493,1148
1037,426
1037,450
1210,426
1210,605
1210,1191
407,581
407,1167
581,1189
581,1343
1167,1168
1167,1169
408,1449
408,1448
1449,1428
1449,1447
1448,1428
673,476
436,459
436,960
436,1027
785,700
785,807
522,765
522,719
677,1071
677,1202
677,1072
438,548
438,1158
439,418
439,440
439,636
418,441
937,524
937,914
937,938
1025,1002
441,442
441,464
442,443
442,465
443,444
443,466
444,445
444,467
445,446
445,468
446,447
446,683
447,711
447,994
601,1039
601,1061
426,1190
1190,691
1190,1169
557,534
557,625
557,729
1276,473
1276,689
1212,1211
1212,1213
603,646
603,1256
472,1234
472,1321
1189,670
1102,473
1102,1081
1102,1100
1036,449
1036,495
1036,1034
1495,584
1495,647
1495,1496
459,635
459,806
960,723
960,959
1027,568
1027,873
1027,1005
526,549
548,525
548,571
548,701
1158,679
1158,745
440,463
440,1112
440,1375
636,659
636,1135
636,1289
463,462
463,464
463,486
1112,611
1112,1135
1375,1352
1375,1374
1375,1376
464,465
464,487
465,466
465,488
466,467
466,489
467,468
467,490
468,469
468,794
683,660
683,706
711,778
711,1062
711,1322
994,993
994,995
994,1017
448,643
448,665
448,732
643,576
643,600
643,731
665,469
665,642
665,798
732,709
732,778
732,1280
449,1122
449,1099
1122,494
1122,1103
1099,1079
1099,1097
1099,1098
450,1299
450,1125
1299,1280
1299,1300
1125,514
1125,1106
1125,1123
451,514
451,582
451,626
451,1298
514,1256
582,1275
582,1344
582,604
626,1255
626,736
1298,516
1298,758
1100,538
1100,1098
515,1123
515,1277
1471,1469
589,809
589,720
697,460
633,1004
633,807
787,788
787,1073
787,1181
610,481
610,1048
610,634
635,503
635,658
806,807
806,850
806,913
460,808
808,1028
808,1050
808,1134
461,1133
461,1179
461,1223
461,983
1133,678
1133,1156
1179,938
1179,1156
1179,1178
1223,941
1223,1222
983,916
983,939
462,483
462,485
485,486
485,508
486,487
486,509
487,488
487,510
488,489
488,511
489,490
490,772
469,1146
794,771
794,795
794,817
1146,667
470,1104
470,1255
470,580
1104,538
1104,1084
1104,1103
1255,627
1255,646
580,495
580,646
1168,516
1168,1149
1234,734
1234,1214
1321,756
1321,1320
1321,1341
473,1430
473,1232
1430,584
1430,777
1430,1431
1232,1233
648,602
648,1275
648,1432
478,611
611,1047
480,591
480,743
480,850
480,897
591,547
591,592
591,853
743,634
743,1334
743,1069
850,525
850,655
897,874
897,877
897,943
481,723
481,1046
481,1091
723,524
723,746
1046,1048
1091,1090
1091,1092
505,702
505,1245
507,506
507,508
507,530
508,509
508,531
509,510
509,532
510,511
510,533
511,534
772,749
772,771
772,795
602,625
667,1038
667,1170
969,555
969,970
1016,666
1016,993
1016,1039
1148,1124
1148,1147
494,1191
1191,1192
1191,1193
495,671
671,1387
605,607
809,1048
809,1160
1114,963
1114,1113
1114,1115
503,525
503,872
503,959
872,545
504,613
504,1198
504,1159
613,614
613,833
1159,722
1159,963
1159,1160
702,679
702,725
702,857
1245,899
1245,1222
506,527
506,529
506,1333
527,528
527,1243
527,1418
529,528
529,530
529,552
1333,921
1333,1310
1333,1506
530,531
530,553
531,532
531,554
532,555
532,1549
533,556
533,620
534,599
534,903
753,730
753,776
753,1017
513,600
513,948
513,1082
513,1080
600,556
600,820
948,925
948,947
948,949
1082,645
1082,1105
1080,1057
1080,1079
1256,1236
1256,1258
1123,1124
1277,691
1277,1278
1277,1279
516,1060
1060,1083
1365,757
1365,1364
1365,1366
765,832
719,873
1071,810
1071,1072
524,941
524,720
941,742
941,1181
720,1049
549,550
528,551
528,1246
1243,1220
1243,1266
1418,1417
1418,1419
1418,1394
551,550
551,552
551,574
1246,876
1246,1135
1246,1226
552,553
552,575
553,554
553,576
554,555
554,577
1549,620
1549,1526
1549,1548
556,973
620,619
620,621
599,576
599,622
599,644
903,904
903,926
797,774
797,796
797,820
995,972
995,1018
1126,731
1126,1124
1126,1127
1279,800
1279,1278
690,1367
690,1171
690,1233
538,669
538,1386
669,845
669,1257
669,1322
1386,647
1386,1366
714,1476
714,777
1318,1320
1318,1338
1496,846
1496,1519
627,734
545,940
940,1029
940,1180
940,1028
546,656
546,831
546,874
656,679
656,789
831,832
831,851
874,851
874,1073
547,700
547,914
547,1157
700,1202
700,1291
914,891
914,913
1157,742
1157,873
1157,898
571,550
571,572
571,1417
701,724
701,856
701,1156
550,573
573,572
573,574
573,596
574,575
574,597
575,576
577,622
577,642
577,775
973,950
973,972
973,996
625,624
625,1408
729,706
729,728
729,752
604,1300
560,670
560,756
560,1211
560,1408
670,734
670,1344
756,733
756,779
1211,1213
654,851
654,1113
568,1048
568,1137
1137,812
1137,1117
1137,1138
569,570
569,592
569,894
570,1200
570,1332
570,1397
592,593
592,615
894,655
1200,657
1200,680
1332,1309
1332,1331
1397,1374
1397,1420
572,593
572,595
1417,596
593,594
593,833
595,594
595,618
595,835
596,597
596,619
597,598
622,621
622,623
642,619
642,641
775,752
775,754
775,798
776,777
776,799
1038,644
1038,1061
819,796
819,818
819,842
1343,645
1343,1342
1343,1345
1275,1274
1344,1367
1344,1342
1410,693
1410,799
584,1384
1384,1364
590,918
590,810
590,721
918,786
918,807
918,1225
810,1291
810,1116
721,1136
721,786
853,655
853,854
853,1248
615,594
615,616
594,617
833,834
833,1267
617,616
617,618
617,640
618,619
618,641
835,640
835,814
835,834
598,621
598,793
621,730
793,770
793,792
793,816
644,709
644,1170
820,843
1039,1062
1061,1084
1300,1301
1300,1302
607,715
715,1387
634,1181
634,1203
1047,678
1047,699
1047,744
1202,1201
614,637
614,1135
614,1070
637,616
637,638
1070,678
1070,917
1070,1068
616,639
639,638
639,662
639,1398
640,641
640,663
641,664
730,707
730,731
623,624
623,971
623,1083
624,992
971,970
971,972
1083,754
1083,1106
992,733
992,991
992,993
736,1364
734,1278
1004,678
1004,938
1004,961
1181,1180
1203,811
1203,1183
1203,1204
658,659
658,681
658,746
659,638
659,660
1289,1266
1289,1288
1289,1312
638,661
661,660
661,662
661,684
662,663
662,685
1398,875
1398,1379
1398,1399
663,664
663,1528
664,685
664,752
731,754
1170,1345
1170,1150
645,1235
1235,1215
1235,1233
1235,1236
647,802
647,712
802,779
712,713
712,1147
1432,1433
1432,1455
1113,961
1113,1115
655,766
766,767
766,789
679,680
789,788
789,790
657,1178
657,1376
657,1180
1178,1177
1178,1180
1376,1353
681,660
681,680
681,682
746,769
684,685
684,707
1528,1483
1528,1527
1528,1529
752,751
798,821
666,774
666,974
666,1017
774,751
974,951
974,975
974,997
668,713
668,1388
668,1257
713,800
1388,777
1388,1389
1388,1411
1257,1151
1257,1238
845,822
845,844
845,846
1387,1389
890,867
890,889
890,891
939,916
939,962
1069,962
1069,1068
1072,742
1072,1074
682,705
682,1377
682,1462
705,704
705,706
705,728
1377,745
1377,1354
1462,813
1462,1461
1462,1551
706,707
689,735
689,757
689,1127
757,691
1127,758
1127,1129
1367,1368
1367,1390
1171,1172
1171,1150
1171,1169
693,1320
1134,984
1134,1155
699,1201
699,1224
699,1093
1201,917
1201,1177
1224,1205
1224,1225
1224,1226
1093,1092
1093,1094
1093,1095
1291,1271
1291,1290
724,725
724,1355
856,855
856,857
856,878
1156,1155
725,704
725,726
857,834
704,727
727,726
727,728
727,750
728,751
733,800
755,1019
755,1105
778,779
1062,1258
1147,1124
1147,1149
1476,801
1476,1477
1476,1499
1049,1030
1049,1050
1049,1051
1136,898
1136,917
1136,964
786,985
786,1268
722,742
722,919
722,1029
919,896
919,920
919,1401
1029,875
1029,1030
1355,788
1355,1354
726,749
749,748
749,750
750,751
754,1018
1280,1281
1278,1258
1364,1366
1334,855
1334,965
1334,1311
744,1335
744,1290
1335,854
1335,1312
1335,1358
1290,1268
1290,1312
745,768
768,767
768,769
768,791
769,748
769,770
748,771
748,924
771,770
924,925
924,947
1018,1019
1018,1041
1019,996
1019,1020
1105,1128
1105,1103
779,780
758,1431
1431,1194
1431,1454
961,1073
832,834
832,1488
767,790
767,1311
790,791
790,813
1311,1288
1311,1310
791,770
791,792
795,796
795,818
799,822
799,1301
985,896
985,962
985,986
788,1247
1073,942
1247,964
1247,1248
813,792
813,1485
792,815
815,814
815,816
815,838
816,817
816,839
817,818
817,840
818,841
821,822
821,844
821,1411
1301,1194
1301,1302
801,1237
801,1323
1237,1236
1237,1238
1323,1324
1323,1302
1323,1303
913,912
1028,1005
1028,1006
1050,1031
1050,1051
1160,1161
1116,1115
1116,1117
811,1420
811,1552
1420,1419
1552,1532
1552,1553
812,1182
812,1551
1182,942
1182,1183
1551,814
1551,1529
1485,966
1485,1484
1485,1441
814,837
837,838
837,860
838,839
838,861
839,840
839,862
840,841
840,863
841,842
841,864
842,843
842,865
843,844
843,866
844,867
1411,1412
1411,1434
846,847
1454,1455
1454,1477
1225,1226
1488,1469
1488,1486
1488,1487
1267,942
1267,1266
1267,1265
859,860
859,882
860,861
860,883
861,862
861,884
862,863
862,885
863,864
863,886
864,865
864,887
865,866
865,888
866,867
866,889
847,870
875,876
1094,984
1094,1095
855,878
878,877
882,883
882,905
883,884
883,906
884,885
884,907
885,886
885,908
886,887
886,909
887,888
887,910
888,889
888,911
889,912
876,877
904,905
904,927
905,906
905,928
906,907
906,929
907,908
907,930
908,909
908,931
909,910
909,932
910,911
910,933
911,912
911,934
912,935
891,1542
1542,1519
1542,1543
896,938
943,966
943,986
898,1530
1530,1529
899,944
944,1010
944,1576
944,1119
925,926
922,921
922,1204
926,927
926,949
927,928
927,950
928,929
928,951
929,930
929,952
930,931
930,953
931,932
931,954
932,933
932,955
933,934
933,956
934,935
934,957
916,1177
1177,1176
917,1092
1092,1090
920,921
920,1074
1401,1399
1401,1402
921,1313
1074,1053
1313,1294
1204,1205
947,970
949,950
949,972
950,951
951,952
952,953
952,975
953,954
953,976
954,955
954,977
955,956
955,978
956,957
956,979
962,1336
942,1466
1466,1465
1466,1467
986,1009
1010,1009
1010,1008
1576,945
1576,1574
1119,945
1119,1117
945,1358
945,1489
1358,988
1489,1487
970,993
975,976
975,998
976,977
976,999
977,978
978,979
978,1001
979,1002
1336,1337
963,964
964,1031
1031,1030
1031,1032
965,1161
996,997
997,998
997,1020
998,999
999,1022
1001,1002
984,1138
1138,1117
1009,1007
1009,1008
1020,1043
1041,1042
1043,1042
1042,1065
1065,1240
1084,1086
1240,1217
1240,1263
1240,1346
1068,1088
1068,1090
1106,1086
1128,1129
1128,1151
1128,1109
1129,1152
1129,1239
1151,1149
1152,1304
1239,1216
1239,1262
1239,1238
1153,1176
1153,1155
1304,1281
1304,1305
1304,1261
1176,1309
1345,1368
1345,1346
1172,1192
1309,1308
1309,1310
1193,1216
1193,1192
1216,1217
1216,1195
1194,1217
1194,1192
1217,1218
1195,1218
1195,1214
1195,1215
1218,1241
1328,1305
1328,1327
1328,1329
1241,1264
1262,1263
1262,1285
1262,1261
1263,1264
1263,1286
1346,1327
1346,1347
1264,1265
1264,1287
1266,1265
1285,1286
1285,1308
1286,1287
1286,1505
1265,1288
1287,1288
1287,1310
1281,1282
1281,1519
1282,1305
1282,1261
1307,1308
1307,1330
1308,1331
1505,1482
1505,1504
1505,1506
1302,1303
1303,1326
1303,1261
1326,1325
1326,1327
1326,1324
1329,1330
1329,1352
1330,1331
1330,1353
1331,1354
1324,1325
1324,1347
1325,1348
1325,1327
1347,1370
1347,1348
1348,1349
1348,1371
1352,1353
1353,1354
1506,1507
1506,1486
1368,1391
1370,1371
1370,1393
1349,1371
1349,1372
1373,1372
1373,1374
1373,1396
1390,1389
1390,1391
1390,1413
1391,1392
1391,1414
1392,1393
1392,1394
1371,1372
1393,1394
1372,1395
1395,1394
1395,1396
1395,1440
1396,1419
1389,1412
1412,1413
1412,1435
1413,1414
1413,1436
1414,1437
1434,1433
1434,1435
1434,1457
1435,1436
1435,1458
1436,1437
1436,1459
1437,1438
1437,1460
1438,1461
1433,1456
1455,1456
1455,1478
1456,1457
1456,1479
1457,1458
1457,1480
1458,1459
1458,1481
1459,1460
1459,1482
1460,1461
1460,1483
1461,1484
1440,1421
1477,1478
1477,1500
1478,1479
1478,1501
1479,1480
1479,1502
1480,1481
1480,1503
1481,1482
1481,1504
1482,1483
1483,1484
1499,1500
1499,1522
1500,1501
1500,1523
1501,1502
1501,1524
1502,1503
1502,1525
1503,1504
1503,1526
1504,1527
1521,1522
1521,1544
1522,1523
1522,1545
1523,1524
1523,1546
1524,1525
1524,1547
1525,1526
1525,1548
1526,1527
1507,1486
1543,1544
1544,1545
1545,1546
1546,1547
1547,1548
1005,1006
1005,1007
1006,1007
1006,1008
1007,1008
1030,1032
1032,1051
1057,1079
1079,1081
1081,1103
1086,1088
1086,1109
1088,1090
1088,1109
1095,1097
1097,1098
1149,1150
1150,1169
1213,1214
1213,1215
1214,1215
1236,1238
1274,1294
1294,1296
1337,1338
1341,1342
1399,1421
1402,1422
1421,1422
1422,1424
1422,1441
1424,1444
1428,1447
1441,1465
1447,1467
1465,1467
1486,1487
1532,1553
1535,1555
1553,1555
1553,1572
1555,1574
1572,1574
