0,1583
0,130
0,692
0,85
1583,671
1583,672
1583,739
130,153
130,672
130,1560
692,20
692,1366
692,1562
85,280
85,238
85,128
1,24
1,131
1,823
1,1040
24,47
24,1063
24,1085
131,110
131,262
131,1023
823,87
823,822
823,1280
1040,996
1040,1017
1040,1041
2,3
2,25
2,1064
2,1563
3,4
3,26
3,1564
25,48
25,1174
25,1563
1064,1041
1064,1065
1064,1087
1563,1152
1563,1564
4,5
4,27
4,1565
26,49
26,1173
26,1219
1564,45
1564,1565
5,28
5,1351
5,1566
27,28
27,50
27,1196
1565,1542
1565,1566
28,29
28,51
1351,1350
1351,1352
1351,1374
1566,1543
1566,1567
6,7
6,29
6,1439
6,1567
7,8
7,30
7,1568
29,30
29,52
1439,549
1439,1438
1439,1440
1567,1544
1567,1568
8,9
8,31
8,1569
30,31
30,53
1568,1545
1568,1569
9,10
9,32
9,1570
31,54
31,703
1569,1546
1569,1570
10,11
10,1550
10,1571
32,55
32,165
32,879
1570,575
1570,1547
11,747
11,923
11,989
1550,1332
1550,1527
1550,1573
1571,1396
1571,1507
1571,1548
747,724
747,726
747,746
923,143
923,230
923,900
989,167
989,987
989,1008
12,836
12,901
12,1442
12,1573
836,837
836,857
836,859
901,880
901,925
901,1033
1442,33
1442,637
1442,1419
1573,1397
1573,1572
13,1335
13,1402
13,1358
13,1511
1335,922
1335,1312
1335,1358
1402,1383
1402,1401
1402,1403
1358,1381
1358,1339
1511,15
1511,1490
1511,1510
14,80
14,1443
14,921
14,1316
80,16
80,1357
80,322
1443,35
1443,1420
1443,1441
921,78
921,920
921,922
1316,37
1316,105
1316,1297
15,1251
15,1357
15,1336
1251,57
1251,212
1251,213
1357,855
1357,963
1336,1314
1336,1315
1336,1337
16,1227
16,61
16,1207
1227,944
1227,1225
1227,1226
61,1384
61,235
61,390
1207,37
1207,100
1207,1187
17,1293
17,194
17,1338
17,499
1293,1291
1293,1295
1293,1313
194,213
194,519
194,740
1338,299
1338,1339
1338,1340
499,608
499,562
499,1428
18,584
18,1535
18,60
18,561
584,1384
584,1430
584,1495
1535,58
1535,84
1535,386
60,1514
60,1270
60,1447
561,106
561,474
561,1494
19,343
19,1451
19,1363
19,148
343,1472
343,1165
343,1381
1451,42
1451,562
1451,716
1363,323
1363,646
1363,650
148,1426
148,1579
148,299
20,1453
20,736
20,587
1453,1473
1453,1497
1453,1517
736,497
736,1256
736,1235
587,259
587,435
587,630
21,761
21,432
21,1409
21,433
761,414
761,651
761,1518
432,83
432,389
432,1318
1409,583
1409,585
1409,1408
433,391
433,1472
433,652
22,783
22,848
22,1023
22,1498
783,716
783,782
783,804
848,263
848,847
848,849
1023,1022
1023,1024
1498,1475
1498,1499
1498,1521
23,46
23,1021
23,1107
23,1260
46,45
46,47
46,69
1021,998
1021,1020
1021,1022
1107,1084
1107,1106
1107,1259
1260,1237
1260,1283
1260,1258
47,48
47,70
1063,1061
1063,1084
1063,1086
1085,1062
1085,1108
1085,1130
48,49
48,71
1174,1151
1174,1197
1174,1172
49,50
49,72
1173,1172
1173,1196
1173,1193
1219,286
1219,1218
1219,1220
50,51
50,73
1196,156
1196,1328
51,52
51,74
52,53
52,75
53,54
53,76
54,55
54,77
703,680
703,683
703,704
55,56
55,251
165,142
165,187
165,188
879,684
879,858
879,878
33,858
33,1033
33,1463
858,317
858,859
1033,145
1033,296
1463,441
1463,1440
1463,1484
34,946
34,1356
34,1313
34,1467
946,382
946,947
946,967
1356,876
1356,899
1356,1355
1313,744
1313,941
1467,123
1467,1465
1467,1466
35,1185
35,1400
35,102
1185,166
1185,168
1185,234
1400,79
1400,988
1400,1377
102,79
102,168
102,1250
36,166
36,1272
36,1577
36,1379
166,122
166,1208
1272,170
1272,299
1272,1253
1577,322
1577,1576
1577,1578
1379,1378
1379,1380
1379,1381
37,1249
37,1270
1249,59
1249,1247
1249,1248
1270,1250
1270,1269
38,1557
38,1209
38,1579
38,1406
1557,39
1557,257
1557,1555
1209,364
1209,451
1209,1187
1579,410
1579,585
1406,212
1406,476
1406,516
39,390
39,105
39,1274
390,40
390,804
105,542
105,1429
1274,538
1274,1294
1274,1295
40,301
40,608
40,631
301,1494
301,563
301,586
608,304
608,785
631,65
631,83
631,108
41,370
41,323
41,586
41,1539
370,106
370,741
370,481
323,59
323,564
586,435
586,1581
1539,543
1539,1518
1539,1540
42,367
42,1561
42,1518
367,171
367,234
367,1491
1561,44
1561,196
1561,476
1518,651
43,283
43,607
43,1517
43,239
283,281
283,762
283,696
607,129
607,412
607,1562
1517,63
1517,173
239,694
239,763
239,259
44,715
44,1042
44,1433
715,65
715,628
715,650
1042,1041
1042,1043
1042,1065
1433,1432
1433,1434
1433,1456
45,68
45,1475
68,67
68,69
68,91
1475,778
1475,800
69,70
69,92
70,71
70,93
71,72
71,94
72,73
72,95
73,74
73,96
74,75
74,97
75,76
75,98
76,77
76,99
77,100
77,1509
56,57
56,79
56,1076
251,250
251,252
251,274
57,1208
57,1508
79,101
1076,211
1076,275
1076,1074
1208,167
1208,275
1508,615
1508,965
1508,1507
58,81
58,320
58,1186
81,82
81,1360
81,408
320,298
320,1428
320,1425
1186,145
1186,342
1186,409
59,1143
59,78
1143,452
1143,1142
1143,1145
78,167
78,1161
1514,1493
1514,1512
1514,1513
1447,430
1447,1448
1447,1449
1384,257
1384,1295
235,213
235,1273
235,1536
62,169
62,149
62,212
62,1361
169,1558
169,408
169,541
149,519
149,1534
149,1318
212,1381
1361,451
1361,1359
1361,1362
63,562
63,171
63,564
562,126
171,1536
171,762
564,238
564,628
64,1474
64,518
64,217
64,1472
1474,648
1474,757
1474,780
518,431
518,1254
518,1253
217,216
217,218
217,872
1472,1471
65,694
65,717
694,1538
694,1452
717,324
717,347
717,411
66,67
66,89
66,738
66,824
67,90
67,1108
89,88
89,90
89,112
738,195
738,261
738,542
824,605
824,846
824,1454
90,91
90,113
1108,157
1108,1131
91,92
91,114
92,93
92,115
93,94
93,116
94,95
94,117
95,96
95,118
96,97
96,119
97,98
97,120
98,99
98,121
99,100
99,900
100,123
1509,854
1509,899
1509,1489
167,209
1161,1160
1161,1162
1161,1163
101,902
101,1012
101,1034
322,124
322,454
82,1580
82,563
82,365
1360,192
1360,1339
1360,1359
408,1230
408,516
1580,368
1580,651
1580,672
563,521
563,628
365,364
365,604
365,1536
83,1296
83,609
1296,103
1296,428
1296,1297
609,86
609,852
609,760
84,107
84,544
84,1450
107,281
107,649
107,653
544,501
544,523
544,762
1450,629
1450,1449
1450,1470
280,237
280,1558
280,519
238,173
238,741
128,431
128,345
128,455
86,196
86,260
86,1516
196,545
196,739
260,258
260,720
260,326
1516,303
1516,455
1516,1493
87,825
87,868
87,1541
825,109
825,802
825,826
868,802
868,867
868,869
1541,88
1541,713
1541,847
88,109
88,805
109,218
109,652
805,371
805,629
805,851
112,111
112,113
112,135
113,114
113,136
114,115
114,137
115,116
115,138
116,117
116,139
117,118
117,140
118,119
118,141
119,120
119,142
120,121
120,143
121,122
121,1052
900,877
900,1376
123,122
123,146
902,231
902,903
902,922
1012,404
1012,1011
1012,992
1034,494
1034,1035
1034,1036
168,256
168,430
1250,253
1250,1269
103,236
103,1292
103,1206
236,150
236,454
236,388
1292,1271
1292,1290
1292,1291
1206,191
1206,209
1206,1205
104,410
104,1533
104,1273
104,1383
410,215
410,454
1533,1534
1533,1553
1533,1554
1273,340
1273,1271
1383,321
1383,1382
542,500
542,543
1429,603
1429,649
1429,691
106,391
106,345
391,654
391,696
345,346
345,388
281,258
281,782
649,1341
649,1410
653,916
653,741
653,983
108,784
108,782
108,520
784,434
784,565
784,634
782,781
520,369
520,605
520,541
218,219
218,869
652,716
652,737
110,111
110,133
110,1131
111,134
111,1283
133,132
133,134
133,156
1131,267
1131,1154
134,135
134,157
1283,1282
1283,1284
135,136
135,158
136,137
136,159
137,138
137,160
138,139
138,161
139,140
139,162
140,141
140,163
141,142
141,164
142,143
143,990
122,164
1052,965
1052,1050
1052,1053
164,163
164,187
146,145
146,147
146,1405
124,1077
124,1054
124,1488
1077,341
1077,1075
1077,1096
1054,1053
1054,1055
1054,1056
1488,1468
1488,1469
1488,1486
125,1404
125,1294
125,1362
125,1428
1404,190
1404,1403
1404,1424
1294,126
1294,298
1362,603
1362,1364
1428,190
126,279
126,1491
279,256
279,278
279,302
1491,389
1491,1489
127,718
127,1448
127,1582
127,1538
718,237
718,827
718,719
1448,385
1448,430
1582,411
1582,1560
1582,1562
1538,324
1538,739
431,255
431,1495
455,1537
455,673
129,759
129,676
129,675
759,671
759,758
759,780
676,303
676,874
676,1090
675,172
675,500
675,568
153,132
153,152
153,436
672,890
1560,173
1560,695
262,263
262,437
262,827
132,892
132,1045
892,416
892,891
892,893
1045,176
1045,1022
1045,1044
156,179
156,1067
157,180
157,1259
158,159
158,181
158,1130
159,160
159,182
160,161
160,183
161,162
161,184
162,163
162,185
163,186
990,991
990,1011
990,1013
144,987
144,1532
144,1575
144,1055
987,986
987,1032
1532,1512
1532,1530
1532,1531
1575,1556
1575,1574
1575,1576
1055,1053
1055,1057
145,1056
1056,406
1056,492
147,170
147,1446
147,276
1405,255
1405,321
1405,453
170,151
170,193
1446,191
1446,257
1446,1444
276,275
276,277
276,1427
1426,1425
1426,1427
1426,1445
299,388
519,737
1534,1554
1534,1555
1318,255
1318,366
150,151
150,1427
150,565
151,152
151,521
1427,368
565,435
565,764
152,1497
152,737
521,344
521,1559
1497,605
1497,756
737,1473
436,327
436,459
436,960
154,155
154,177
154,1154
154,1175
155,178
155,1369
155,1415
177,176
177,178
177,200
1154,483
1154,1155
1175,1152
1175,1176
1175,1198
178,179
178,201
1369,1368
1369,1370
1369,1392
1415,1414
1415,1416
1415,1438
179,180
179,202
1067,328
1067,1066
1067,1198
180,181
180,203
1259,801
1259,1258
181,182
181,204
1130,1153
1130,1088
182,183
182,205
183,184
183,206
184,185
184,207
185,186
185,208
186,187
186,686
187,210
188,211
188,1445
188,1009
209,208
209,210
256,254
256,258
430,1189
1558,172
1558,1556
541,195
541,498
193,216
193,1578
193,478
1536,540
762,368
172,781
172,545
781,261
781,780
545,610
545,765
173,543
543,413
174,175
174,197
174,240
174,849
175,828
175,1024
175,1520
197,176
197,827
197,1066
240,241
240,826
240,524
849,305
849,826
828,765
828,829
828,851
1024,525
1024,1001
1520,1519
1520,1521
1520,1543
176,958
958,935
958,957
958,959
200,199
200,201
200,223
201,202
201,224
202,203
202,225
203,204
203,226
204,205
204,227
205,206
205,228
206,207
206,229
207,208
207,967
208,339
686,533
686,597
686,709
210,233
210,1317
211,234
211,1032
1445,920
1445,964
1009,986
1009,1010
1009,1008
189,945
189,1099
189,1337
189,429
945,1119
945,1141
945,1464
1099,1098
1099,1100
1099,1119
1337,1314
1337,1315
429,383
429,407
429,1229
190,1515
190,387
1515,346
1515,473
1515,651
387,302
387,386
387,1581
191,214
191,1295
214,213
214,237
214,434
192,215
192,1513
192,475
215,257
215,498
1513,1493
1513,1512
475,300
475,517
475,1320
216,826
216,258
1578,411
478,324
478,630
478,1581
740,610
740,673
740,677
195,633
195,803
633,282
633,1070
633,1114
803,804
803,1410
803,1432
739,458
827,392
1066,1043
1066,1065
198,199
198,219
198,980
198,1111
199,1110
199,1284
219,261
219,915
980,957
980,979
980,981
1111,220
1111,483
1111,936
1110,394
1110,1087
1110,1133
1284,1285
1284,1307
223,222
223,224
223,246
224,225
224,247
225,226
225,248
226,227
226,249
227,228
227,250
228,229
228,880
229,230
229,252
967,966
967,968
339,316
339,338
339,340
233,232
233,1120
233,1187
1317,297
1317,340
1317,1315
234,1231
1032,1030
1032,1031
237,456
434,282
434,325
498,496
498,1340
872,503
872,871
872,983
869,284
869,870
261,368
915,285
915,656
915,916
220,221
220,241
220,243
221,222
221,265
221,1044
241,871
241,1132
243,242
243,244
243,266
222,244
222,245
265,264
265,266
265,288
1044,1043
1044,1087
244,245
244,1199
245,246
245,268
246,247
246,269
247,248
247,270
248,249
248,271
249,250
249,272
250,273
880,881
880,924
230,231
230,535
252,253
252,773
231,232
231,295
535,797
535,995
535,1060
232,1013
232,1229
295,294
295,296
295,512
1013,297
1013,425
1229,297
1229,1228
1120,966
1120,1100
1120,1118
1187,452
1231,278
1231,298
1231,319
454,1340
388,1471
456,392
456,698
456,696
741,259
763,282
763,457
763,765
259,566
524,723
524,937
524,853
871,546
871,870
1132,307
1132,397
1132,1088
242,263
242,395
242,936
263,305
395,372
395,374
395,396
936,913
936,935
266,267
266,289
1199,1198
1199,1200
1199,1222
268,267
268,269
268,291
269,270
269,292
270,271
270,293
271,272
271,294
272,273
272,968
273,274
273,296
274,275
274,579
253,254
253,1184
773,750
773,774
773,796
254,1252
254,383
1184,1182
1184,1183
1184,1204
1252,340
1252,342
1252,1275
383,382
383,384
255,1142
1142,363
1142,406
566,347
566,674
566,830
720,1092
720,982
720,1005
326,325
326,327
326,851
437,415
437,526
437,1027
305,306
305,328
264,285
264,287
264,482
285,284
285,1087
287,286
287,288
287,310
482,459
482,483
482,505
288,289
288,311
267,290
289,290
289,312
290,291
290,313
291,292
291,314
292,293
292,315
293,294
293,316
294,317
968,969
968,991
296,297
579,556
579,602
579,819
277,278
277,1385
277,1188
278,496
1385,629
1385,693
1385,1364
1188,407
1188,517
1188,536
496,1537
496,606
302,304
302,325
282,807
807,522
807,785
807,806
696,632
284,981
284,1026
981,306
981,526
1026,393
1026,1025
1026,1158
286,307
286,1242
307,306
307,1198
1242,462
1242,549
1242,1241
310,309
310,311
310,333
311,312
311,334
312,313
312,335
313,314
313,336
314,315
314,337
315,316
315,338
316,317
317,688
512,489
512,511
512,753
298,1359
1359,1339
300,1537
300,473
300,1494
1537,517
473,344
473,1122
1494,630
304,808
304,588
325,348
303,760
303,392
760,369
760,412
392,415
808,504
808,1137
808,809
588,567
588,804
588,632
306,329
328,329
328,1004
329,308
329,330
308,309
308,331
308,1306
309,332
309,1416
331,330
331,332
331,354
1306,1305
1306,1307
1306,1329
332,333
332,355
1416,1393
1416,1417
333,334
333,356
334,335
334,357
335,336
335,358
336,337
336,359
337,338
337,360
338,361
688,537
688,645
688,1079
318,1146
318,1057
318,1101
318,1058
1146,560
1146,1145
1146,1147
1057,1037
1057,1058
1101,516
1101,602
1101,1059
1058,494
1058,1037
319,492
319,1189
319,1340
492,969
492,1016
1189,514
1189,536
1425,321
1425,1424
321,1210
1210,386
1210,426
1210,627
324,477
477,650
477,697
477,501
348,349
348,371
348,697
327,350
327,829
851,874
350,349
350,351
350,373
829,654
829,766
1004,611
1004,632
1004,743
330,351
330,353
351,1197
351,1244
353,352
353,354
353,376
354,355
354,377
355,356
355,378
356,357
356,379
357,358
357,380
358,359
358,381
359,360
359,578
360,491
360,710
361,381
361,881
361,1014
341,451
341,1276
341,474
451,1036
1276,366
1276,493
1276,539
474,497
474,1449
342,539
342,427
539,714
539,669
427,1298
427,1079
427,1121
1165,1145
1165,1163
1165,1164
344,1581
344,1559
1559,389
1559,674
346,589
346,606
589,502
589,1068
589,677
606,369
606,1452
347,479
347,458
479,457
479,481
479,1027
458,413
458,457
349,372
349,830
371,394
371,895
697,590
697,699
372,373
372,1003
830,393
830,831
373,352
373,374
1197,1153
1197,1220
1244,745
1244,1221
1244,1243
352,375
352,1000
375,376
375,398
375,1089
1000,977
1000,999
1000,1001
376,377
376,399
377,378
377,400
378,379
378,401
379,380
379,402
380,381
380,403
381,404
578,555
578,776
578,1038
491,490
491,602
491,667
710,733
710,755
710,1060
881,882
881,904
1014,601
1014,668
1014,991
362,448
362,1035
362,363
362,426
448,643
448,665
448,732
1035,470
1035,581
363,1015
363,1123
426,449
426,494
1015,405
1015,516
1015,798
1123,469
1123,1122
1123,1124
364,1470
364,1407
1470,497
1470,1468
1407,472
1407,1386
1407,1408
604,471
604,1191
604,1279
366,1382
366,1319
1382,1380
1382,1401
1319,406
1319,583
1319,626
369,585
585,650
481,764
481,1245
394,417
394,893
895,635
895,894
895,896
1003,569
1003,613
1003,1002
374,397
374,484
397,398
397,420
484,485
484,505
484,507
398,399
398,421
1089,438
1089,526
1089,1112
399,400
399,422
400,401
400,423
401,402
401,424
402,403
402,425
403,404
403,708
404,687
382,731
382,1103
731,643
731,730
731,754
1103,626
1103,669
1103,757
384,385
384,495
384,1233
385,386
385,1320
495,409
495,493
495,1471
1233,453
1233,648
1233,691
1320,493
1320,558
1471,1469
389,632
654,984
654,1113
415,413
415,500
393,416
393,852
416,438
416,439
852,875
852,1046
417,418
417,937
417,1025
893,870
893,894
396,419
396,1221
396,1350
419,418
419,420
419,442
1221,1220
1221,1222
1350,1349
1350,1373
420,421
420,443
421,422
421,444
422,423
422,445
423,424
423,446
424,425
424,447
425,601
708,685
708,707
708,709
687,598
687,624
687,820
405,1011
405,1232
405,1147
1011,1010
1232,581
1232,1212
1232,1230
1147,1127
1147,1145
406,1341
1341,538
1341,670
407,409
407,1078
409,1144
1078,493
1078,536
1078,558
1230,450
1230,1228
1144,471
1144,472
1144,514
411,540
540,1492
540,1322
412,435
412,523
523,1092
523,917
413,476
476,453
414,1025
414,522
414,1047
1025,1002
522,786
522,695
1047,853
1047,1046
1047,1048
500,502
438,548
438,1158
439,418
439,440
439,636
418,441
937,914
937,938
441,442
441,464
442,443
442,465
443,444
443,466
444,445
444,467
445,446
445,468
446,447
446,683
447,711
447,994
601,1039
601,1061
449,1102
449,515
449,470
494,1298
1298,603
1298,1297
1079,1059
1079,1080
1121,1122
1121,1140
1121,1141
428,452
428,1277
428,1036
452,627
1277,471
1277,1278
1277,1279
1036,1037
1495,647
1495,1496
459,635
459,806
960,723
960,959
960,1177
526,549
1027,504
1027,590
548,525
548,571
548,701
1158,679
1158,745
440,463
440,1112
440,1375
636,659
636,1135
636,1289
463,462
463,464
463,486
1112,614
1112,1135
1375,1352
1375,1374
1375,1376
464,465
464,487
465,466
465,488
466,467
466,489
467,468
467,490
468,469
468,794
683,660
683,706
711,778
711,1062
711,1060
994,993
994,995
994,1017
643,576
643,600
665,469
665,642
665,798
732,709
732,778
732,1280
1102,689
1102,1081
1102,1100
515,1275
515,777
515,1148
470,537
470,581
450,1299
450,469
450,646
1299,628
1299,1280
1299,1300
646,1387
646,1367
627,517
627,1410
453,1342
1342,1321
1342,1343
1342,1344
673,630
673,1430
698,1046
698,785
698,1114
457,939
939,916
939,962
939,1092
635,503
635,658
806,850
806,913
460,961
460,1115
460,1134
460,1068
961,1115
961,1069
961,1029
1115,568
1115,873
1134,721
1134,1091
1134,1136
1068,611
1068,1069
461,1133
461,1179
461,1223
461,1241
1133,1156
1133,1091
1179,938
1179,1156
1179,1178
1223,612
1223,810
1223,1222
1241,1218
1241,1264
462,483
462,485
485,486
485,508
486,487
486,509
487,488
487,510
488,489
488,511
489,490
490,772
794,771
794,795
794,817
537,558
537,1148
581,971
471,689
689,1104
689,1256
472,1166
472,690
1166,626
1166,1167
1166,1168
690,645
690,667
690,1167
1122,1124
497,582
1449,1469
501,611
501,786
480,591
480,743
480,850
480,897
591,547
591,592
591,1137
743,1334
743,1029
850,525
850,655
897,874
897,877
897,943
764,590
764,610
1245,505
1245,899
1245,1222
505,702
507,506
507,508
507,530
508,509
508,531
509,510
509,532
510,511
510,533
511,534
772,749
772,771
772,795
602,625
667,1038
667,1170
969,555
969,970
1016,666
1016,993
1016,1039
582,1275
582,1344
582,1253
502,940
502,1113
611,831
786,742
786,873
940,1312
940,1007
940,1116
1113,810
1113,982
503,525
503,959
959,612
504,742
504,1159
742,1093
742,1201
1159,984
1159,1138
1159,1139
702,679
702,725
702,857
506,527
506,529
506,1333
527,528
527,1243
527,1418
529,528
529,530
529,552
1333,941
1333,1310
1333,1506
530,531
530,553
531,532
531,554
532,555
532,1549
533,556
533,620
534,557
534,599
534,903
753,730
753,776
753,1017
513,600
513,948
513,1082
513,1124
600,556
600,820
948,925
948,947
948,949
1082,645
1082,735
1082,1105
1124,1125
514,1125
514,1080
1125,713
1125,1126
1080,712
1080,1059
1275,648
777,776
777,1388
777,1214
1148,735
1148,1127
1254,1234
1254,1253
1254,1255
605,758
695,674
695,719
1092,810
917,719
917,1181
917,1224
723,746
723,1093
853,655
853,854
549,550
528,551
528,1246
1243,1220
1243,1266
1418,1417
1418,1419
1418,1394
551,550
551,552
551,574
1246,613
1246,876
1246,1135
552,553
552,575
553,554
553,576
554,555
554,577
1549,620
1549,1526
1549,1548
556,973
620,619
620,621
557,625
557,729
557,1211
599,576
599,622
599,644
903,904
903,926
797,774
797,796
797,820
995,972
995,1018
1060,1083
536,580
580,1255
580,734
580,1168
558,1235
538,626
538,671
671,1235
714,1476
714,1192
714,1258
669,845
669,1257
1492,1473
1492,1490
1492,1493
1322,625
1322,693
1322,1321
610,918
765,832
546,656
546,831
546,874
656,679
656,789
831,832
547,700
547,914
547,1091
700,785
700,1202
700,1182
914,891
914,913
1091,1093
571,550
571,572
571,1417
701,724
701,856
701,1156
550,573
573,572
573,574
573,596
574,575
574,597
575,576
577,622
577,642
577,775
973,950
973,972
973,996
625,624
729,706
729,728
729,752
1211,1190
1211,1191
1211,1212
1235,1215
559,1167
559,1297
559,1126
559,1408
1167,668
1126,734
1126,1127
1408,1430
560,1279
560,691
560,1366
1279,1278
691,1452
1366,1364
1366,1386
674,1540
567,719
567,678
567,1157
678,612
678,1006
678,1050
1157,1155
1157,1177
1157,1180
568,721
568,1202
721,699
721,1071
1202,612
1202,985
569,570
569,592
569,894
570,1200
570,1332
570,1397
592,593
592,615
894,655
1200,657
1200,680
1332,1309
1332,1331
1397,1374
1397,1420
572,593
572,595
1417,596
593,594
593,833
595,594
595,618
595,835
596,597
596,619
597,598
622,621
622,623
642,619
642,641
775,752
775,754
775,798
776,799
1038,644
1038,1061
819,796
819,818
819,842
1255,712
1255,1234
734,1365
734,1171
1168,1169
1168,1190
971,623
971,970
971,972
1344,1367
1344,1343
583,1431
583,1473
1431,1194
1431,1430
1431,1454
677,938
677,1005
590,1070
1070,787
1070,809
1137,810
1137,920
615,594
615,616
594,617
833,613
833,834
833,1267
617,616
617,618
617,640
618,619
618,641
835,640
835,814
835,834
598,621
598,793
621,730
793,770
793,792
793,816
644,709
644,1170
820,843
1039,1062
1039,1037
1061,1084
603,1081
1081,1059
1081,1104
1191,1190
1191,1193
758,1170
758,1540
1452,713
918,722
918,875
918,1114
613,614
614,637
614,1135
637,616
637,638
616,639
639,638
639,662
639,1398
640,641
640,663
641,664
730,707
623,624
623,1083
624,756
1083,754
1083,1106
756,733
756,779
1410,799
629,1386
1386,1387
1114,811
634,1048
634,1203
634,744
1048,1046
1048,1049
1203,1183
1203,1201
1203,1204
744,1073
744,1421
658,659
658,681
658,746
659,638
659,660
1289,1266
1289,1288
1289,1312
638,661
661,660
661,662
661,684
662,663
662,685
1398,1378
1398,1399
1398,1420
663,664
663,1528
664,685
664,752
1170,1345
645,1192
1192,712
1192,755
1387,757
1387,1389
1367,1368
1367,1390
647,802
647,1365
647,1149
802,779
1365,693
1365,716
1149,670
1149,1127
1149,1150
648,1432
1432,1455
916,1090
983,811
983,1178
984,1225
984,1224
655,766
766,767
766,789
679,680
789,790
789,1441
657,1178
657,1376
657,832
1178,1177
1376,1353
832,834
681,660
681,680
681,682
746,769
684,685
684,707
1528,812
1528,1483
1528,1527
752,751
798,821
666,774
666,974
666,1017
774,751
974,951
974,975
974,997
668,713
668,1388
1388,1389
1388,1411
845,822
845,844
845,846
1257,1151
1257,1238
1257,1256
670,1256
670,1321
1321,1323
890,867
890,889
890,891
1540,735
1090,722
1090,787
938,896
1005,875
1005,898
1006,964
1006,1007
1006,1008
1050,1031
1050,1049
682,705
682,1377
682,1462
705,704
705,706
705,728
1377,745
1377,1354
1462,813
1462,1461
1462,1551
706,707
1104,1105
1104,1106
693,1278
1278,800
699,1072
699,962
1072,1071
1072,1073
1072,1074
962,985
962,1069
1182,1180
1182,1183
724,725
724,1355
856,855
856,857
856,878
1156,1155
725,704
725,726
857,834
704,727
727,726
727,728
727,750
728,751
733,800
733,992
755,1019
755,1105
778,779
1062,1258
712,1302
1302,1301
1302,1303
1302,1300
1476,801
1476,1477
1476,1499
982,722
982,1028
1071,1049
1071,1073
722,1094
1094,1075
1094,1095
1094,1096
1093,1074
1355,809
1355,1354
726,749
749,748
749,750
750,751
754,1018
1280,1281
800,1324
992,991
992,993
1171,1172
1171,1150
1171,1169
735,1300
1300,1301
1201,1247
1201,1265
1334,855
1334,1311
1334,1314
1029,919
1029,1028
1073,1053
1421,898
1421,1422
1421,1423
745,768
768,767
768,769
768,791
769,748
769,770
748,771
748,924
771,770
924,925
924,947
1018,1019
1018,1041
1019,996
1019,1020
1105,1128
779,780
757,1496
1496,846
1496,1519
767,790
767,1311
790,791
790,813
1311,1288
1311,1310
791,770
791,792
795,796
795,818
799,822
799,1301
1214,1195
1214,1212
1214,1213
873,1049
873,1069
787,1051
787,1290
1051,788
1051,964
1051,1031
1290,942
1290,1291
788,1181
788,1268
788,1007
1181,1160
1181,1180
1268,942
1268,963
1268,1267
1007,1008
1441,1422
1441,1464
813,792
813,1485
792,815
815,814
815,816
815,838
816,817
816,839
817,818
817,840
818,841
821,822
821,844
821,1411
1301,1194
1324,1323
1324,1325
1324,1347
801,1237
801,1323
1237,1236
1237,1238
1323,1303
913,912
809,1116
1116,919
1116,1117
811,941
811,1248
941,1224
1248,1228
1248,1247
812,1136
812,1553
812,1224
1136,898
1136,1138
1553,1552
1553,1554
1485,966
1485,1484
1485,1486
814,837
814,1551
837,838
837,860
1551,1530
1551,1552
838,839
838,861
839,840
839,862
840,841
840,863
841,842
841,864
842,843
842,865
843,844
843,866
844,867
1411,1412
1411,1434
846,847
1454,1455
1454,1477
1267,1266
1267,1247
859,860
859,882
860,861
860,883
861,862
861,884
862,863
862,885
863,864
863,886
864,865
864,887
865,866
865,888
866,867
866,889
847,870
875,876
854,1466
854,1269
1466,1444
1466,1465
1269,1271
855,878
878,877
882,883
882,905
883,884
883,906
884,885
884,907
885,886
885,908
886,887
886,909
887,888
887,910
888,889
888,911
889,912
876,877
904,905
904,927
905,906
905,928
906,907
906,929
907,908
907,930
908,909
908,931
909,910
909,932
910,911
910,933
911,912
911,934
912,935
891,1542
1542,1519
1542,1543
896,919
896,985
919,920
985,986
943,966
943,986
943,1010
898,1510
1510,942
1510,1490
899,944
944,1010
944,1312
925,926
922,1097
926,927
926,949
927,928
927,950
928,929
928,951
929,930
929,952
930,931
930,953
931,932
931,954
932,933
932,955
933,934
933,956
934,935
934,957
1097,1095
1097,1096
1097,1098
947,970
949,950
949,972
950,951
951,952
952,953
952,975
953,954
953,976
954,955
954,977
955,956
955,978
956,957
956,979
942,1486
1486,1487
1119,1117
1119,1118
1141,1139
1141,1140
1464,1444
1464,1465
970,993
975,976
975,998
976,977
976,999
977,978
978,979
978,1001
979,1002
1177,1176
963,1028
963,1204
1028,1030
1204,1205
964,1529
1529,1506
1529,1530
1529,1531
965,988
965,1552
988,1030
988,1117
1552,1554
996,997
997,998
997,1020
998,999
999,1022
1001,1002
1225,1205
1225,1226
1030,1031
1117,1118
1020,1043
1065,1240
1084,1086
1240,1217
1240,1263
1240,1346
1106,1086
1128,1129
1128,1151
1128,1109
1129,1152
1129,1239
1129,1109
1151,1109
1152,1304
1239,1216
1239,1262
1239,1238
1153,1176
1153,1155
1304,1281
1304,1305
1304,1261
1176,1309
1345,1368
1345,1326
1345,1343
1172,1150
1309,1308
1309,1310
1193,1216
1193,1194
1216,1217
1216,1195
1194,1217
1217,1218
1195,1218
1195,1215
1328,1305
1328,1327
1328,1329
1262,1263
1262,1285
1262,1261
1263,1264
1263,1286
1346,1327
1346,1347
1346,1348
1264,1265
1264,1287
1266,1265
1285,1286
1285,1308
1286,1287
1286,1505
1265,1288
1287,1288
1287,1310
1281,1282
1281,1519
1282,1305
1282,1261
1307,1308
1307,1330
1308,1331
1505,1482
1505,1504
1505,1506
1303,1326
1303,1261
1326,1325
1326,1327
1329,1330
1329,1352
1330,1331
1330,1353
1331,1354
1325,1348
1325,1327
1347,1370
1347,1348
1348,1349
1352,1353
1353,1354
1506,1507
1368,1391
1370,1371
1370,1393
1349,1371
1349,1372
1373,1372
1373,1374
1373,1396
1390,1389
1390,1391
1390,1413
1391,1392
1391,1414
1392,1393
1392,1371
1371,1372
1393,1394
1372,1395
1395,1394
1395,1396
1395,1440
1396,1419
1389,1412
1412,1413
1412,1435
1413,1414
1413,1436
1414,1437
1394,1440
1419,1420
1434,1435
1434,1457
1435,1436
1435,1458
1436,1437
1436,1459
1437,1438
1437,1460
1438,1461
1455,1456
1455,1478
1456,1457
1456,1479
1457,1458
1457,1480
1458,1459
1458,1481
1459,1460
1459,1482
1460,1461
1460,1483
1461,1484
1477,1478
1477,1500
1478,1479
1478,1501
1479,1480
1479,1502
1480,1481
1480,1503
1481,1482
1481,1504
1482,1483
1483,1484
1499,1500
1499,1522
1500,1501
1500,1523
1501,1502
1501,1524
1502,1503
1502,1525
1503,1504
1503,1526
1504,1527
1521,1522
1521,1544
1522,1523
1522,1545
1523,1524
1523,1546
1524,1525
1524,1547
1525,1526
1525,1548
1526,1527
1507,1487
1543,1544
1544,1545
1545,1546
1546,1547
1547,1548
1074,1075
1075,1095
1086,1088
1088,1109
1095,1096
1098,1100
1098,1118
1138,1139
1138,1140
1139,1140
1150,1169
1160,1162
1160,1180
1162,1163
1162,1164
1163,1164
1164,1183
1169,1190
1205,1226
1212,1213
1213,1215
1213,1234
1215,1236
1226,1228
1234,1236
1236,1238
1271,1291
1314,1315
1343,1364
1378,1380
1378,1399
1380,1399
1399,1401
1401,1403
1403,1423
1422,1423
1422,1424
1423,1424
1444,1465
1468,1469
1468,1487
1487,1489
1489,1490
1512,1531
1530,1531
1555,1556
1555,1574
1556,1576
1572,1574
1574,1576
