0,892
0,1365
0,782
0,239
892,132
892,891
892,893
1365,647
1365,735
1365,800
782,545
782,606
782,631
239,108
239,633
239,390
1,24
1,131
1,823
1,1040
24,47
24,1063
24,1324
131,110
131,262
131,1023
823,87
823,822
823,1280
1040,996
1040,1017
1040,1041
2,3
2,25
2,1064
2,1563
3,4
3,26
3,1564
25,48
25,1174
25,1563
1064,1041
1064,1065
1064,1087
1563,1152
1563,1564
4,5
4,27
4,1565
26,49
26,1173
26,1219
1564,45
1564,1565
5,28
5,1351
5,1566
27,28
27,50
27,1196
1565,1542
1565,1566
28,29
28,51
1351,1350
1351,1352
1351,1374
1566,1543
1566,1567
6,7
6,29
6,1439
6,1567
7,8
7,30
7,1568
29,30
29,52
1439,549
1439,1438
1439,1440
1567,1544
1567,1568
8,9
8,31
8,1569
30,31
30,53
1568,1545
1568,1569
9,10
9,32
9,1570
31,54
31,703
1569,1546
1569,1570
10,11
10,1550
10,1571
32,55
32,165
32,879
1570,575
1570,1547
11,747
11,923
11,989
1550,1332
1550,1527
1550,1573
1571,1396
1571,1507
1571,1548
747,724
747,726
747,746
923,143
923,230
923,900
989,167
989,900
989,987
12,836
12,901
12,1442
12,1573
836,837
836,857
836,859
901,880
901,925
901,1485
1442,33
1442,637
1442,1419
1573,99
1573,1397
13,1077
13,1312
13,1509
13,1489
1077,362
1077,1075
1077,1078
1312,1006
1312,1289
1312,1335
1509,36
1509,77
1509,919
1489,102
1489,1470
1489,1488
14,80
14,1443
14,1336
14,1095
80,17
80,1357
80,1405
1443,35
1443,985
1443,1420
1336,1290
1336,1314
1336,1337
1095,789
1095,988
1095,1093
15,1251
15,1357
15,38
15,1075
1251,57
1251,147
1251,212
1357,855
1357,1009
38,345
38,1516
38,1249
1075,1073
1075,1074
16,1294
16,126
16,60
16,1424
1294,169
1294,1274
1294,1293
126,40
126,63
126,453
60,1425
60,1142
60,1295
1424,1422
1424,1425
1424,1426
17,1471
17,1340
17,1381
1471,107
1471,149
1471,298
1340,345
1340,407
1340,451
1381,192
1381,212
1381,1358
18,1558
18,1492
18,542
18,456
1558,37
1558,169
1558,1556
1492,127
1492,255
1492,259
542,630
542,1515
542,609
456,585
456,1537
456,543
19,1491
19,21
19,1538
19,1450
1491,62
1491,257
1491,432
21,194
21,1364
21,1560
1538,541
1538,543
1538,673
1450,85
1450,649
1450,1449
20,696
20,127
20,260
20,783
696,86
696,652
696,719
127,63
127,541
260,259
260,694
260,737
783,22
783,42
783,804
194,610
194,411
194,693
1364,410
1364,473
1364,648
1560,629
1560,1579
1560,1581
22,848
22,1023
22,1498
848,263
848,847
848,849
1023,1022
1023,1024
1498,1475
1498,1499
1498,1521
23,46
23,1107
23,1260
23,1474
46,45
46,47
46,69
1107,1084
1107,1106
1107,1259
1260,1237
1260,1283
1260,1238
1474,647
1474,1387
1474,1453
47,48
47,70
1063,734
1063,1061
1063,1082
1324,1323
1324,1325
1324,1347
48,49
48,71
1174,307
1174,1151
1174,1197
49,50
49,72
1173,1172
1173,1196
1173,1171
1219,1218
1219,1220
1219,1239
50,51
50,73
1196,156
1196,1328
51,52
51,74
52,53
52,75
53,54
53,76
54,55
54,77
703,680
703,683
703,704
55,56
55,251
165,142
165,187
165,188
879,684
879,858
879,878
33,858
33,1033
33,1463
858,317
858,859
1033,145
1033,296
1033,1009
1463,441
1463,1440
1463,1484
34,946
34,1356
34,189
34,1051
946,382
946,947
946,967
1356,876
1356,1355
1356,1358
189,82
189,1470
189,1188
1051,810
1051,1032
1051,1050
35,102
35,1400
35,1031
102,79
102,1186
1400,79
1400,1377
1400,1399
1031,832
1031,1030
1031,1032
36,234
36,1315
36,1054
234,211
234,1165
234,453
1315,300
1315,1296
1315,1313
1054,1052
1054,1053
1054,1055
37,1205
37,1096
37,39
1205,811
1205,1203
1205,1204
1096,1097
1096,1098
1096,1116
39,1513
39,388
39,85
345,1561
345,1384
1516,129
1516,173
1516,299
1249,1247
1249,1248
1249,1250
1513,1512
1513,1514
1513,1532
388,606
388,1469
388,1517
85,83
85,587
40,1473
40,522
40,1448
1473,215
1473,516
1473,672
522,150
522,784
522,830
1448,321
1448,344
1448,496
41,237
41,1536
41,238
41,1385
237,214
237,718
237,520
1536,299
1536,300
1536,630
238,564
238,433
238,391
1385,83
1385,583
1385,1404
42,1386
42,1472
42,130
1386,515
1386,602
1386,757
1472,367
1472,475
1472,694
130,476
130,152
130,717
43,692
43,1431
43,1539
43,1452
692,585
692,1192
692,1234
1431,1194
1431,1430
1431,1454
1539,562
1539,583
1539,760
1452,454
1452,583
1452,734
44,825
44,1433
44,1409
44,1518
825,87
825,802
825,826
1433,1432
1433,1434
1433,1456
1409,781
1409,1366
1409,1387
1518,628
1518,1497
1518,1540
45,68
45,1475
68,67
68,69
68,91
1475,778
1475,800
69,70
69,92
70,71
70,93
71,72
71,94
72,73
72,95
73,74
73,96
74,75
74,97
75,76
75,98
76,77
76,99
77,100
56,57
56,79
56,1076
251,250
251,252
251,274
57,1208
57,1508
79,1338
1076,211
1076,275
1076,1074
1208,166
1208,167
1208,275
1508,78
1508,615
1508,1507
58,81
58,1511
58,1533
58,1142
81,82
81,1578
81,301
1511,1488
1511,1510
1511,1512
1533,1531
1533,1532
1533,1534
1142,1140
1142,1141
59,1577
59,1360
59,1183
59,1099
1577,1557
1577,1575
1577,1576
1360,212
1360,408
1360,409
1183,1181
1183,1184
1183,1203
1099,362
1099,1097
1099,1098
1425,1444
1425,1445
1295,191
1295,453
1295,1384
61,105
61,1406
61,1337
61,1580
105,411
105,1316
105,1493
1406,193
1406,1426
1406,1428
1337,1338
1337,1339
1580,82
1580,434
1580,672
62,500
62,565
62,544
500,392
500,479
500,564
565,389
565,673
565,1582
544,303
544,326
544,390
63,195
63,501
195,324
195,676
195,1537
501,172
501,346
501,852
64,1493
64,695
64,740
64,1540
1493,259
1493,1470
695,109
695,303
695,741
740,172
740,392
740,654
1540,586
1540,1497
65,107
65,519
65,760
65,564
107,1494
107,521
519,347
519,430
519,498
760,128
760,803
564,413
66,67
66,89
66,738
66,824
67,90
67,1108
89,88
89,90
89,112
738,324
738,411
738,758
824,759
824,846
824,1454
90,91
90,113
1108,157
1108,1085
1108,1131
91,92
91,114
92,93
92,115
93,94
93,116
94,95
94,117
95,96
95,118
96,97
96,119
97,98
97,120
98,99
98,121
99,100
100,123
100,1207
78,922
78,1227
78,1165
922,902
922,921
922,1553
1227,1225
1227,1228
1227,1229
1165,168
1165,1145
1338,323
1338,365
1405,320
1405,430
1405,1403
82,1426
1578,364
1578,1557
1578,1579
301,125
301,413
301,650
1426,343
83,344
83,1383
344,281
344,521
1383,254
1383,1362
1383,1382
84,322
84,563
84,497
84,457
322,190
322,1535
322,1341
563,217
563,258
563,280
497,129
497,408
497,1362
457,108
457,324
457,982
587,192
587,367
587,520
86,499
86,606
86,435
499,172
499,281
499,649
606,1517
435,675
435,982
435,872
87,868
87,1541
868,867
868,869
868,1042
1541,88
1541,713
1541,847
88,109
88,805
109,218
109,129
805,153
805,371
805,1582
112,111
112,113
112,135
113,114
113,136
114,115
114,137
115,116
115,138
116,117
116,139
117,118
117,140
118,119
118,141
119,120
119,142
120,121
120,143
121,122
121,145
123,122
123,146
123,1185
1207,1206
1207,1209
1207,1226
101,902
101,1012
101,1401
101,1056
902,231
902,903
1012,364
1012,404
1012,1011
1401,812
1401,1402
1401,1403
1056,363
1056,1055
1056,1057
1186,191
1186,1184
1186,1187
103,366
103,1250
103,1118
103,1228
366,171
366,517
366,1253
1250,298
1250,965
1118,1117
1118,1119
1118,1120
1228,1209
1228,1248
104,1230
104,150
104,1446
104,1164
1230,124
1230,384
1230,471
150,151
150,1427
1446,1444
1446,1445
1446,1466
1164,255
1164,318
1164,1163
411,561
1316,342
1316,1296
1316,1314
106,584
106,1579
106,1451
106,1494
584,1384
584,1430
584,1495
1579,368
1451,607
1451,673
1451,691
1494,236
1494,628
521,370
521,784
108,129
108,717
717,543
717,736
218,217
218,219
218,869
110,111
110,133
110,1131
111,134
111,1283
133,132
133,134
133,156
1131,267
1131,1154
134,135
134,157
1283,1282
1283,1284
135,136
135,158
136,137
136,159
137,138
137,160
138,139
138,161
139,140
139,162
140,141
140,163
141,142
141,164
142,143
143,990
122,164
122,166
145,146
145,1380
164,163
164,187
166,1467
166,1162
146,147
146,1447
1185,209
1185,320
1185,945
124,1555
124,1270
124,1184
1555,144
1555,1534
1555,1535
1270,810
1270,1268
1270,1269
1184,965
125,1097
125,410
125,280
1097,1098
410,1382
410,628
280,278
280,496
453,1559
541,1453
541,561
128,476
128,762
128,390
476,282
476,650
762,368
762,369
762,872
390,391
152,151
152,153
152,433
262,263
262,437
262,827
132,153
132,1045
153,393
1045,176
1045,1022
1045,1044
156,179
156,1067
157,180
157,1259
158,159
158,181
158,1130
159,160
159,182
160,161
160,183
161,162
161,184
162,163
162,185
163,186
990,991
990,1011
990,1013
144,987
144,1032
144,1487
987,986
987,1072
1032,1030
1487,854
1487,941
1487,963
1380,1359
1380,1378
1380,1379
147,170
147,193
1447,236
1447,389
1447,432
170,151
170,367
170,282
193,216
193,347
148,1271
148,215
148,1490
148,1449
1271,1269
1271,1272
1271,1291
215,653
215,257
1490,1470
1490,1488
1490,1510
1449,1428
1449,1469
149,474
149,1429
149,540
474,321
474,517
474,604
1429,455
1429,627
1429,715
540,1341
540,562
540,1233
151,804
1427,276
1427,368
1427,431
804,674
804,803
433,586
433,1514
393,416
393,678
393,1026
154,155
154,177
154,1154
154,1175
155,178
155,1415
155,1086
177,176
177,178
177,200
1154,483
1154,1155
1175,1152
1175,1176
1175,1198
178,179
178,201
1415,1414
1415,1416
1415,1438
1086,1084
1086,1088
1086,1106
179,180
179,202
1067,328
1067,1066
1067,1198
180,181
180,203
1259,801
1259,1258
181,182
181,204
1130,1085
1130,1153
1130,1132
182,183
182,205
183,184
183,206
184,185
184,207
185,186
185,208
186,187
186,686
187,210
188,211
188,233
188,1510
1467,1466
1467,1468
1467,1469
1162,190
1162,988
1162,1160
167,209
167,212
209,208
209,210
168,409
168,1339
168,1121
409,1515
409,605
1339,323
1339,1358
1121,319
1121,451
1121,1100
169,323
169,1404
323,629
1404,192
1404,367
282,807
282,629
171,256
171,432
171,650
256,254
256,258
256,279
432,1318
650,236
172,389
389,478
173,651
173,629
173,693
651,653
651,763
651,1537
693,739
693,1300
174,175
174,197
174,240
174,849
175,828
175,1520
175,1562
197,176
197,1066
197,479
240,241
240,826
240,369
849,305
849,826
828,765
828,829
828,851
1520,1519
1520,1521
1520,1543
1562,780
1562,1583
176,958
958,935
958,957
958,959
200,199
200,201
200,223
201,202
201,224
202,203
202,225
203,204
203,226
204,205
204,227
205,206
205,228
206,207
206,229
207,208
207,967
208,339
686,533
686,597
686,709
210,233
210,1317
211,343
233,232
233,1120
1510,1488
1188,426
1188,472
1188,1187
190,1273
190,1119
1273,235
1273,257
1273,340
1119,1117
1119,1138
191,214
191,473
214,213
214,434
473,427
473,1537
192,1341
1341,583
216,217
216,826
216,1561
347,716
347,698
610,259
610,414
610,545
324,1559
676,478
676,1071
676,1005
196,761
196,827
196,607
196,718
761,326
761,628
761,697
827,608
827,718
607,1559
607,671
718,588
1066,1043
1066,1065
479,304
479,1070
198,199
198,219
198,980
198,1111
199,1110
199,1284
219,261
219,915
980,957
980,979
980,981
1111,220
1111,483
1111,936
1110,1087
1110,1133
1110,1109
1284,1285
1284,1307
223,222
223,224
223,246
224,225
224,247
225,226
225,248
226,227
226,249
227,228
227,250
228,229
228,880
229,230
229,252
967,966
967,968
339,316
339,338
339,340
1317,297
1317,321
1317,340
343,517
343,455
213,235
213,520
213,412
235,1229
235,496
520,1517
412,589
412,477
412,1582
434,325
434,784
653,502
653,917
257,562
217,608
1561,454
1561,1497
608,632
608,674
869,284
869,870
261,368
261,781
261,633
915,285
915,656
915,916
220,221
220,241
220,243
221,222
221,265
221,1044
241,871
241,1132
243,242
243,244
243,266
222,244
222,245
265,264
265,266
265,288
1044,1043
1044,1087
244,245
244,1199
245,246
245,268
246,247
246,269
247,248
247,270
248,249
248,271
249,250
249,272
250,273
880,881
880,924
230,231
230,535
252,253
252,773
231,232
231,295
535,797
535,995
535,1060
232,1013
232,1229
295,294
295,296
295,512
1013,297
1013,425
1229,297
1120,966
1120,1100
496,1299
236,1556
1556,1554
1556,1557
391,477
391,589
633,1004
633,763
369,1582
369,698
871,546
871,870
871,872
1132,307
1132,397
242,263
242,395
242,936
263,305
395,372
395,374
395,396
936,913
936,935
266,267
266,289
1199,1198
1199,1200
1199,1222
268,267
268,269
268,291
269,270
269,292
270,271
270,293
271,272
271,294
272,273
272,968
273,274
273,296
274,275
274,579
253,254
253,1101
253,319
773,750
773,774
773,796
254,1252
1101,428
1101,514
1101,1081
319,318
319,1080
1252,318
1252,340
1252,1275
255,431
255,1318
431,1495
431,1276
1318,408
1318,429
258,281
258,631
279,278
279,302
279,387
562,516
281,283
631,807
631,716
694,648
694,1408
737,1496
737,1344
737,1410
781,780
781,1410
437,415
437,526
437,808
305,306
305,328
264,285
264,287
264,482
285,284
285,1087
287,286
287,288
287,310
482,459
482,483
482,505
288,289
288,311
267,290
289,290
289,312
290,291
290,313
291,292
291,314
292,293
292,315
293,294
293,316
294,317
968,969
968,991
296,297
275,276
579,556
579,602
579,819
276,277
276,364
277,278
277,342
277,1275
364,1515
278,1514
342,539
342,1535
1275,582
1275,648
1514,1512
302,304
302,325
302,387
387,300
387,386
283,394
283,414
283,458
807,481
807,700
394,371
394,417
394,893
414,370
414,739
458,851
458,1068
458,630
284,981
284,1026
981,306
981,526
1026,1025
1026,1158
286,307
286,1198
286,1242
307,306
1242,462
1242,549
1242,1241
310,309
310,311
310,333
311,312
311,334
312,313
312,335
313,314
313,336
314,315
314,337
315,316
315,338
316,317
317,688
512,489
512,511
512,753
298,365
298,1512
365,386
365,1253
299,428
299,518
428,516
428,430
518,495
518,1233
518,1430
300,454
454,1361
413,543
413,675
304,348
304,609
325,326
325,348
303,784
303,719
719,415
719,455
348,349
348,371
609,523
609,674
306,329
328,329
328,460
329,308
329,330
308,309
308,331
308,1306
309,332
309,1416
331,330
331,332
331,354
1306,1305
1306,1307
1306,1329
332,333
332,355
1416,1393
1416,1417
333,334
333,356
334,335
334,357
335,336
335,358
336,337
336,359
337,338
337,360
338,361
688,450
688,645
688,1189
318,1057
1057,1055
1057,1058
1080,538
1080,559
1080,1081
320,1428
320,493
1428,517
493,1299
493,1059
493,1256
321,452
452,385
452,604
452,1232
1535,1534
1559,455
326,327
327,350
327,436
327,829
350,349
350,351
350,373
436,459
436,524
436,1092
829,766
829,852
460,1265
460,938
460,700
330,351
330,353
351,1197
351,1244
353,352
353,354
353,376
354,355
354,377
355,356
355,378
356,357
356,379
357,358
357,380
358,359
358,381
359,360
359,578
360,491
360,710
361,381
361,881
361,1014
341,1036
341,470
341,1187
341,430
1036,1034
1036,1035
1036,1037
470,1078
470,1104
470,1125
1187,515
539,714
539,1191
539,1361
1384,386
346,675
346,763
346,392
675,806
763,720
392,415
716,586
716,1517
698,613
698,983
349,372
349,830
371,895
372,373
372,1003
830,831
830,1070
373,352
373,374
1197,1153
1197,1220
1244,745
1244,1221
1244,1243
352,375
352,1000
375,376
375,398
375,1089
1000,977
1000,999
1000,1001
376,377
376,399
377,378
377,400
378,379
378,401
379,380
379,402
380,381
380,403
381,404
578,555
578,776
578,1038
491,490
491,602
491,667
710,733
710,755
710,1060
881,882
881,904
1014,601
1014,668
1014,991
362,1037
362,1231
1037,406
1037,1035
1231,1232
1231,1233
1231,1254
363,1210
363,1319
363,1361
1210,426
1210,1209
1210,1211
1319,603
1319,1320
1319,1321
1361,1359
1515,561
386,385
1253,450
1253,471
370,523
370,677
523,415
523,785
677,1048
677,1137
677,1202
895,635
895,894
895,896
1003,569
1003,613
1003,1002
374,397
374,484
397,398
397,420
484,485
484,505
484,507
398,399
398,421
1089,438
1089,526
1089,1112
399,400
399,422
400,401
400,423
401,402
401,424
402,403
402,425
403,404
403,708
404,687
382,383
382,994
382,1145
383,384
383,1146
383,1167
994,447
994,995
994,1017
1145,1143
1145,1144
384,385
384,1276
1146,429
1146,514
1146,536
1167,558
1167,647
1167,1166
385,1102
1276,1274
1276,1277
1102,537
1102,646
1102,1081
1469,1468
478,764
478,545
477,588
477,652
589,504
589,1005
416,439
416,808
416,938
678,743
678,785
678,1247
417,418
417,937
417,1025
893,870
893,894
396,419
396,1221
396,1350
419,418
419,420
419,442
1221,1220
1221,1222
1350,1349
1350,1373
420,421
420,443
421,422
421,444
422,423
422,445
423,424
423,446
424,425
424,447
425,601
708,685
708,707
708,709
687,598
687,624
687,820
405,667
405,1011
405,1015
405,1035
667,1038
667,1170
1011,1010
1015,668
1015,798
1015,1191
1035,1034
406,1058
406,580
406,536
1058,429
1058,471
580,1103
580,711
580,1255
536,1148
536,1125
407,495
407,1297
407,1143
495,537
495,1147
1297,627
1297,1277
1297,1296
1143,1141
1143,1144
408,626
626,1301
626,759
626,1343
605,475
605,1212
605,1408
1382,1359
1382,1362
561,1212
739,588
739,654
439,418
439,440
439,636
808,567
808,1048
938,896
938,937
418,441
937,524
937,914
1025,721
1025,1002
441,442
441,464
442,443
442,465
443,444
443,466
444,445
444,467
445,446
445,468
446,447
446,683
447,711
601,1039
601,1061
426,1103
426,1144
1103,691
1103,713
1144,538
427,581
427,537
427,1190
581,560
581,1320
581,690
537,1320
1190,538
1190,691
1190,1189
516,1079
429,1166
1166,560
1166,1168
1495,630
1495,1496
586,715
982,481
982,722
872,503
459,635
459,806
524,723
524,894
1092,461
1092,504
1092,741
526,549
438,548
438,1068
438,1158
548,525
548,571
548,701
1068,742
1068,1069
1158,679
1158,745
440,463
440,1112
440,1375
636,614
636,659
636,1289
463,462
463,464
463,486
1112,614
1112,1135
1375,1352
1375,1374
1375,1376
464,465
464,487
465,466
465,488
466,467
466,489
467,468
467,490
468,469
468,794
683,660
683,706
711,778
711,1062
448,643
448,665
448,732
448,1189
643,576
643,600
643,731
665,469
665,642
665,798
732,709
732,778
732,1280
1189,1209
449,1254
449,469
449,1122
449,1168
1254,472
1254,627
469,1079
1122,1100
1122,1123
1122,1124
1168,558
1168,1169
450,731
450,1363
731,730
731,754
1363,451
1363,649
1363,670
451,604
604,690
1232,1255
1232,1274
585,475
585,498
851,874
851,1049
635,503
635,658
806,850
806,913
1265,1264
1265,1266
1265,1288
700,942
700,1072
461,1133
461,1179
461,1223
1133,1156
1133,1134
1179,1156
1179,1178
1179,1157
1223,612
1223,811
1223,1222
462,483
462,485
485,486
485,508
486,487
486,509
487,488
487,510
488,489
488,511
489,490
490,772
794,771
794,795
794,817
1079,492
1079,582
1078,514
1078,559
1104,603
1104,1106
1104,1123
1125,1124
1125,1126
471,1147
1147,690
1147,992
472,557
472,1407
557,534
557,625
557,729
1407,498
1407,603
1407,759
475,1296
588,634
652,566
652,672
764,721
764,984
764,1069
545,1070
1070,852
480,591
480,743
480,850
480,897
591,547
591,592
591,1114
743,634
743,1334
850,525
850,655
897,874
897,877
897,943
481,1004
481,1047
1004,632
1004,1157
1047,611
1047,1046
1047,1071
505,702
505,1245
507,506
507,508
507,530
508,509
508,531
509,510
509,532
510,511
510,533
511,534
772,749
772,771
772,795
602,625
492,969
492,1016
492,494
969,555
969,970
1016,666
1016,993
1016,1039
494,1278
494,513
494,560
1299,624
1299,1298
1059,645
1059,712
1059,993
1256,559
1256,713
1256,736
1278,756
1278,1277
1278,1279
513,600
513,948
513,1082
560,1191
1362,1342
498,673
649,1234
852,1071
502,699
502,809
502,1024
699,919
699,983
699,1159
809,612
809,697
809,1027
1024,525
1024,1001
503,525
503,959
959,612
959,960
504,1177
504,1091
1177,634
1177,1176
1177,1178
1091,961
1091,1093
1091,1114
702,679
702,725
702,857
1245,547
1245,899
1245,1222
506,527
506,529
506,1333
527,528
527,1243
527,1418
529,528
529,530
529,552
1333,744
1333,1310
1333,1506
530,531
530,553
531,532
531,554
532,555
532,1549
533,556
533,620
534,599
534,903
753,730
753,776
753,1017
600,556
600,820
948,925
948,947
948,949
1082,1105
1082,1081
514,1126
1126,734
1126,756
515,993
515,1211
993,970
1211,1212
1211,1213
1233,646
1430,671
785,590
785,1005
723,746
723,960
723,940
894,569
549,550
528,551
528,1246
1243,1220
1243,1266
1418,1417
1418,1419
1418,1394
551,550
551,552
551,574
1246,876
1246,917
1246,1135
552,553
552,575
553,554
553,576
554,555
554,577
1549,620
1549,1526
1549,1548
556,973
620,619
620,621
599,576
599,622
599,644
903,904
903,926
797,774
797,796
797,820
995,972
995,1018
1060,559
1060,1083
1148,1127
1148,1149
1148,1150
1320,1321
538,1255
1255,646
714,691
714,1476
714,1192
1191,755
1453,1387
1453,1497
546,656
546,831
546,874
656,679
656,789
831,786
831,832
874,1135
547,657
547,914
657,1178
657,1200
657,1376
914,891
914,913
571,550
571,572
571,1417
701,724
701,856
701,1156
550,573
573,572
573,574
573,596
574,575
574,597
575,576
577,622
577,642
577,775
973,950
973,972
973,996
625,624
625,1408
729,706
729,728
729,752
558,1039
558,689
1039,1062
689,1193
689,1149
689,757
1212,670
566,873
566,960
566,568
873,1028
873,1137
873,1113
960,875
568,1049
568,1090
568,1113
567,961
567,722
567,1113
961,697
961,939
722,1138
722,1094
1113,875
1049,853
1049,916
1090,1027
1090,1046
1090,1088
569,570
569,592
570,1200
570,1332
570,1397
592,593
592,615
1200,680
1332,1309
1332,1331
1397,1374
1397,1420
572,593
572,595
1417,596
593,594
593,833
595,594
595,618
595,835
596,597
596,619
597,598
622,621
622,623
642,619
642,641
775,752
775,754
775,798
776,777
776,799
1038,644
1038,1061
819,796
819,818
819,842
690,1234
582,1344
582,670
1344,1367
1344,1322
670,1343
715,1408
715,1323
634,918
1005,611
590,654
590,1115
590,1202
654,1048
1115,1114
1115,1117
1115,1134
1202,721
1202,963
1114,1116
615,594
615,616
594,617
833,613
833,834
833,1267
617,616
617,618
617,640
618,619
618,641
835,640
835,814
835,834
598,621
598,793
621,730
793,770
793,792
793,816
644,709
644,1170
820,843
1061,1084
603,1123
1123,1124
671,735
671,1300
632,697
632,742
674,759
611,741
611,1159
741,655
1159,1157
1159,1160
612,1116
1116,1008
613,614
614,637
637,616
637,638
616,639
639,638
639,662
639,1398
640,641
640,663
641,664
730,707
623,624
623,971
623,1083
971,970
971,972
971,1034
1083,754
1083,1106
1301,799
1301,1194
1301,1302
1343,1322
1343,1342
627,758
758,1366
758,1321
742,1136
742,1048
918,720
918,1335
918,1182
658,659
658,681
658,746
659,638
659,660
1289,1266
1289,1288
638,661
661,660
661,662
661,684
662,663
662,685
1398,876
1398,1378
1398,1399
663,664
663,1528
664,685
664,752
1170,800
1170,1345
645,1105
645,669
1105,755
1105,1128
669,845
669,1257
669,1321
646,647
648,1432
1432,803
1432,1455
1234,1214
672,890
917,1137
917,1028
655,766
655,1006
766,767
766,789
1006,1094
1006,1224
679,680
789,790
1178,940
1376,900
1376,1353
681,660
681,680
681,682
746,769
684,685
684,707
1528,1483
1528,1527
1528,1507
752,751
798,821
666,774
666,974
666,1017
774,751
974,951
974,975
974,997
668,713
668,1388
1388,777
1388,1389
1388,1411
845,822
845,844
845,846
1257,1151
1257,1236
1257,1238
735,780
735,1149
1300,1298
1300,1302
890,867
890,889
890,891
1071,1072
1137,1136
1247,744
1247,1248
682,705
682,1377
682,1462
705,704
705,706
705,728
1377,745
1377,1354
1462,813
1462,1461
1462,1551
706,707
1193,1216
1193,1172
1193,1194
1149,1127
757,1124
757,1235
1192,1171
1192,1172
983,941
983,1224
919,896
919,920
942,853
942,1291
942,1182
1072,1073
724,725
724,1355
856,855
856,857
856,878
1156,1155
725,704
725,726
857,834
704,727
727,726
727,728
727,750
728,751
733,756
733,800
733,992
755,1019
778,779
1062,1085
1062,1258
712,777
712,1169
712,1258
777,1367
1169,1150
1169,1171
1258,1238
1476,801
1476,1477
1476,1499
1323,801
1323,1303
736,1583
736,1213
720,916
720,984
916,939
984,810
984,1093
721,1029
1029,921
1029,1028
1029,1030
1138,787
1138,1139
1094,788
1094,854
940,1335
940,1050
1355,1028
1355,1354
726,749
749,748
749,750
750,751
754,1018
1280,1281
1280,1279
756,779
992,991
992,1034
734,1298
1298,1279
780,779
1583,1581
1213,1214
1213,1215
1496,846
1496,1519
1410,799
1410,803
1136,786
1136,1007
1334,811
1334,855
1334,1311
744,787
744,964
787,1248
787,853
964,945
964,1465
964,1529
745,768
768,767
768,769
768,791
769,748
769,770
748,771
748,924
771,770
924,925
924,947
1018,1019
1018,1041
1019,996
1019,1020
779,802
1235,1215
1235,1236
1235,1237
1366,1387
1366,1389
1069,962
1069,1046
765,832
765,786
765,1027
832,834
786,1134
1027,1268
767,790
767,1311
790,791
790,813
1311,1288
1311,1310
791,770
791,792
795,796
795,818
799,822
1367,1368
1367,1390
802,1342
802,1345
1134,939
853,1160
788,1203
788,1201
788,1074
1203,1204
1201,812
1201,1180
1201,1181
1074,1073
813,792
813,1485
792,815
815,814
815,816
815,838
816,817
816,839
817,818
817,840
818,841
821,822
821,844
821,1411
801,1237
1237,1236
1342,1322
1345,1368
1345,1322
913,912
810,1135
811,1007
1007,898
1007,1575
812,1052
812,1421
1052,1050
1052,1053
1421,1420
1421,1422
1421,1423
1485,966
1485,1484
814,837
814,1551
837,838
837,860
1551,899
1551,1529
838,839
838,861
839,840
839,862
840,841
840,863
841,842
841,864
842,843
842,865
843,844
843,866
844,867
1411,1412
1411,1434
846,847
1454,1455
1454,1477
1267,1266
1267,1268
1267,1269
859,860
859,882
860,861
860,883
861,862
861,884
862,863
862,885
863,864
863,886
864,865
864,887
865,866
865,888
866,867
866,889
847,870
1160,1161
854,1464
854,898
1464,1441
1464,1466
1464,1486
898,1181
898,1161
855,878
878,877
882,883
882,905
883,884
883,906
884,885
884,907
885,886
885,908
886,887
886,909
887,888
887,910
888,889
888,911
889,912
1042,1041
1042,1043
1042,1065
875,963
875,1093
963,1486
876,877
877,900
904,905
904,927
905,906
905,928
906,907
906,929
907,908
907,930
908,909
908,931
909,910
909,932
910,911
910,933
911,912
911,934
912,935
891,1542
1542,1519
1542,1543
896,985
985,962
985,986
943,966
943,986
943,1399
1181,1180
1161,1008
1161,1163
899,944
899,1180
944,1010
944,1008
944,1465
1180,1182
925,926
926,927
926,949
927,928
927,950
928,929
928,951
929,930
929,952
930,931
930,953
931,932
931,954
932,933
932,955
933,934
933,956
934,935
934,957
939,962
1335,1358
1182,1163
920,921
920,1486
920,988
921,1314
1486,1441
988,1117
1314,1313
1553,1552
1553,1554
1553,1572
947,970
949,950
949,972
950,951
951,952
952,953
952,975
953,954
953,976
954,955
954,977
955,956
955,978
956,957
956,979
962,1008
1050,1030
941,1139
941,1204
1139,1140
1139,1141
1204,1206
1291,1290
1291,1292
986,1009
1399,1378
1010,1009
1010,1163
1465,1441
1465,1445
945,1444
945,1140
1444,1445
1140,1141
975,976
975,998
976,977
976,999
977,978
978,979
978,1001
979,1002
1529,1530
1529,1531
965,1379
965,1468
1379,1359
1379,1378
1468,1466
996,997
997,998
997,1020
998,999
998,1021
999,1022
1001,1002
1224,1225
1224,1226
1020,1021
1020,1043
1021,1022
1021,1109
1157,1155
1575,1574
1575,1576
1109,1088
1109,1128
1268,1269
1065,1240
1084,1085
1240,1217
1240,1263
1240,1346
1128,1129
1128,1151
1129,1152
1129,1239
1129,1127
1151,1150
1152,1304
1239,1216
1239,1262
1153,1176
1153,1155
1304,1281
1304,1305
1304,1302
1176,1309
1171,1172
1309,1308
1309,1310
1216,1217
1216,1195
1194,1217
1217,1218
1195,1218
1195,1214
1195,1215
1218,1241
1328,1305
1328,1327
1328,1329
1241,1264
1241,1261
1262,1263
1262,1285
1262,1261
1263,1264
1263,1286
1346,1326
1346,1327
1346,1347
1264,1287
1285,1286
1285,1308
1286,1287
1286,1505
1287,1288
1287,1310
1281,1282
1281,1519
1282,1305
1282,1261
1307,1308
1307,1330
1308,1331
1505,1482
1505,1504
1505,1506
1302,1303
1303,1326
1303,1261
1326,1325
1326,1327
1329,1330
1329,1352
1330,1331
1330,1353
1331,1354
1325,1348
1325,1327
1347,1370
1347,1348
1348,1349
1348,1369
1352,1353
1353,1354
1506,1507
1506,1441
1368,1369
1368,1391
1370,1369
1370,1371
1370,1393
1349,1371
1349,1372
1373,1372
1373,1374
1373,1396
1390,1389
1390,1391
1390,1413
1369,1392
1391,1392
1391,1414
1392,1393
1392,1371
1371,1372
1393,1394
1372,1395
1395,1394
1395,1396
1395,1440
1396,1419
1389,1412
1412,1413
1412,1435
1413,1414
1413,1436
1414,1437
1394,1440
1419,1420
1434,1435
1434,1457
1435,1436
1435,1458
1436,1437
1436,1459
1437,1438
1437,1460
1438,1461
1455,1456
1455,1478
1456,1457
1456,1479
1457,1458
1457,1480
1458,1459
1458,1481
1459,1460
1459,1482
1460,1461
1460,1483
1461,1484
1477,1478
1477,1500
1478,1479
1478,1501
1479,1480
1479,1502
1480,1481
1480,1503
1481,1482
1481,1504
1482,1483
1483,1484
1499,1500
1499,1522
1500,1501
1500,1523
1501,1502
1501,1524
1502,1503
1502,1525
1503,1504
1503,1526
1504,1527
1521,1522
1521,1544
1522,1523
1522,1545
1523,1524
1523,1546
1524,1525
1524,1547
1525,1526
1525,1548
1526,1527
1543,1544
1544,1545
1545,1546
1546,1547
1547,1548
1046,1088
1053,1055
1053,1073
1098,1100
1127,1150
1206,1225
1206,1226
1214,1215
1225,1226
1236,1238
1272,1274
1272,1292
1272,1293
1277,1279
1290,1292
1290,1313
1292,1293
1293,1313
1402,1403
1402,1422
1402,1423
1403,1423
1422,1423
1530,1531
1530,1532
1530,1552
1531,1532
1534,1554
1552,1554
1552,1572
1557,1576
1572,1574
1574,1576
