0,892
0,1365
0,717
0,1583
892,132
892,891
892,893
1365,646
1365,647
1365,670
717,390
717,696
717,1562
1583,43
1583,260
1,24
1,131
1,823
1,1040
24,47
24,1063
24,1085
131,110
131,262
131,1023
823,87
823,822
823,1280
1040,996
1040,1017
1040,1041
2,3
2,25
2,1064
2,1563
3,4
3,26
3,1564
25,48
25,1174
25,1563
1064,1041
1064,1065
1064,1087
1563,1152
1563,1564
4,5
4,27
4,1565
26,49
26,1173
26,1219
1564,45
1564,1565
5,28
5,1351
5,1566
27,28
27,50
27,1196
1565,1542
1565,1566
28,29
28,51
1351,1350
1351,1352
1351,1374
1566,1543
1566,1567
6,7
6,29
6,1439
6,1567
7,8
7,30
7,1568
29,30
29,52
1439,549
1439,1438
1439,1440
1567,1544
1567,1568
8,9
8,31
8,1569
30,31
30,53
1568,1545
1568,1569
9,10
9,32
9,1570
31,54
31,703
1569,1546
1569,1570
10,11
10,1550
10,1571
32,55
32,165
32,879
1570,575
1570,1547
11,747
11,923
11,989
1550,1332
1550,1527
1550,1573
1571,1396
1571,1507
1571,1548
747,724
747,726
747,746
923,143
923,230
923,900
989,167
989,900
989,987
12,836
12,901
12,1442
12,1573
836,837
836,857
836,859
901,880
901,925
901,1554
1442,33
1442,637
1442,1419
1573,99
1573,1397
13,253
13,1074
13,1338
13,1118
253,252
253,254
253,384
1074,922
1074,1073
1074,1075
1338,104
1338,149
1338,1336
1118,1097
1118,1117
1118,1119
14,80
14,1443
14,1553
14,1229
80,1357
80,1557
80,1337
1443,35
1443,921
1443,1420
1553,1552
1553,1554
1553,1555
1229,232
1229,255
1229,297
15,1251
15,1357
15,37
15,1470
1251,57
1251,147
1251,212
1357,855
1357,1336
37,1185
37,1316
37,300
1470,19
1470,1448
1470,1468
16,1536
16,1228
16,1447
16,1577
1536,345
1536,564
1536,586
1228,1226
1228,1227
1228,1230
1447,190
1447,1445
1447,1448
1577,1575
1577,1576
1577,1579
17,499
17,498
17,1362
17,1578
499,83
499,388
499,631
498,19
498,38
498,149
1362,84
1362,212
1362,363
1578,58
1578,59
1578,126
18,127
18,1363
18,1558
18,1534
127,20
127,239
127,474
1363,430
1363,735
1363,1361
1558,169
1558,386
1558,410
1534,1515
1534,1533
1534,1535
19,148
19,1471
148,59
148,149
148,432
1471,1472
1471,1490
1471,1491
20,413
20,541
20,500
413,195
413,326
413,609
541,521
541,1537
541,1430
500,301
500,303
500,763
21,64
21,108
21,41
21,346
64,303
64,1474
64,324
108,153
108,1452
108,1451
41,1559
41,583
41,1561
346,213
346,323
346,479
22,783
22,848
22,1023
22,1498
783,42
783,782
783,804
848,263
848,847
848,849
1023,1022
1023,1024
1498,1475
1498,1499
1498,1521
23,46
23,1021
23,1107
23,1260
46,45
46,47
46,69
1021,998
1021,1020
1021,1022
1107,1084
1107,1106
1107,1259
1260,1237
1260,1283
1260,1238
47,48
47,70
1063,1061
1063,1084
1063,1086
1085,1062
1085,1108
1085,1130
48,49
48,71
1174,307
1174,1151
1174,1197
49,50
49,72
1173,1172
1173,1196
1173,1171
1219,286
1219,1218
1219,1220
50,51
50,73
1196,156
1196,1328
51,52
51,74
52,53
52,75
53,54
53,76
54,55
54,77
703,680
703,683
703,704
55,56
55,251
165,142
165,187
165,188
879,684
879,858
879,878
33,858
33,1033
33,1463
858,317
858,859
1033,145
1033,296
1033,319
1463,441
1463,1440
1463,1484
34,946
34,1356
34,1532
34,945
946,382
946,947
946,967
1356,35
1356,876
1356,1355
1532,1530
1532,1531
1532,1533
945,1183
945,1464
945,1576
35,102
35,1400
102,79
102,1162
102,1292
1400,79
1400,984
1400,1377
36,1489
36,1096
36,1531
36,1138
1489,188
1489,1488
1489,1490
1096,166
1096,1094
1096,1095
1531,1529
1531,1530
1138,723
1138,1119
1138,1137
1185,209
1185,1184
1185,1187
1316,105
1316,1314
1316,1315
300,1514
300,429
300,1383
38,1314
38,343
38,1206
1314,1313
1314,1315
343,1209
343,1165
343,1340
1206,78
1206,1205
1206,1207
39,1560
39,1359
39,192
39,1382
1560,106
1560,129
1560,217
1359,1361
1359,1379
1359,1380
192,103
192,1512
192,1383
1382,82
1382,1381
1382,1384
40,129
40,674
40,1318
40,107
129,150
129,414
674,171
674,544
674,785
1318,62
1318,189
1318,344
107,606
107,585
107,564
1559,301
1559,520
1559,542
583,1232
583,1385
583,1409
1561,238
1561,519
1561,716
42,565
42,454
42,1386
565,301
565,432
565,522
454,170
454,564
454,1383
1386,602
1386,672
1386,737
43,239
43,715
43,260
239,173
239,784
715,1517
715,1474
715,1320
260,458
260,805
44,825
44,1433
44,1474
44,1518
825,87
825,802
825,826
1433,1432
1433,1434
1433,1456
1474,561
1518,196
1518,585
1518,759
45,68
45,1475
68,67
68,69
68,91
1475,778
1475,800
69,70
69,92
70,71
70,93
71,72
71,94
72,73
72,95
73,74
73,96
74,75
74,97
75,76
75,98
76,77
76,99
77,100
77,1509
56,57
56,79
56,1076
251,250
251,252
251,274
57,1208
57,1508
79,1141
1076,211
1076,275
1076,1075
1208,166
1208,167
1208,275
1508,615
1508,1507
1508,1506
58,81
58,1467
58,1271
81,82
81,1121
81,1253
1467,1466
1467,1468
1467,1486
1271,899
1271,1270
1271,1272
59,1469
59,1358
1469,125
1469,189
1469,320
1358,78
1358,1335
1358,1381
60,1207
60,1142
60,365
60,126
1207,100
1207,1205
1142,318
1142,1140
1142,1141
365,126
365,366
365,1341
126,259
61,323
61,279
61,1556
61,366
323,1449
323,456
279,256
279,278
279,302
1556,298
1556,1555
1556,1557
366,124
366,1319
62,278
62,1516
62,475
278,277
278,452
1516,281
1516,673
1516,694
475,85
475,238
475,1407
63,586
63,369
63,675
63,628
586,632
586,738
369,65
369,257
369,1580
675,393
675,502
675,611
628,517
628,542
628,1431
303,173
303,367
324,368
324,543
324,696
65,673
65,1453
65,1410
673,1473
673,716
1453,1452
1453,1473
1453,1497
1410,758
1410,799
1410,803
66,67
66,89
66,738
66,824
67,90
67,1108
89,88
89,90
89,112
738,411
738,1581
824,759
824,846
824,1454
90,91
90,113
1108,157
1108,1131
91,92
91,114
92,93
92,115
93,94
93,116
94,95
94,117
95,96
95,118
96,97
96,119
97,98
97,120
98,99
98,121
99,100
100,123
1509,919
1509,1507
1509,1510
78,1488
78,1402
1488,1487
1488,1490
1402,82
1402,1401
1402,1403
1141,1139
1141,1140
1557,367
1557,408
1337,124
1337,1336
1337,1339
82,1580
1121,103
1121,144
1121,318
1253,234
1253,298
1253,430
1580,212
1580,672
83,1403
83,1517
83,455
1403,1401
1403,1404
1517,540
1517,629
455,171
455,322
455,497
84,389
84,367
84,588
389,259
389,280
389,282
367,1428
588,195
588,458
588,983
85,173
85,215
85,605
173,196
215,130
215,412
215,608
605,344
605,540
605,1300
86,649
86,194
86,780
86,719
649,409
649,516
649,651
194,237
194,217
194,630
780,716
780,779
780,781
719,175
719,520
719,655
87,868
87,1541
868,867
868,869
868,1042
1541,88
1541,713
1541,847
88,109
88,805
109,218
109,1539
109,652
805,371
805,412
112,111
112,113
112,135
113,114
113,136
114,115
114,137
115,116
115,138
116,117
116,139
117,118
117,140
118,119
118,141
119,120
119,142
120,121
120,143
121,122
121,145
123,122
123,146
123,1293
101,902
101,1012
101,1466
101,1293
902,231
902,903
902,922
1012,320
1012,404
1012,1011
1466,942
1466,1465
1293,1291
1293,1294
1162,1161
1162,1164
1162,1181
1292,1272
1292,1290
1292,1291
103,1426
103,322
1426,1424
1426,1425
1426,1428
322,1450
322,1491
104,387
104,321
104,190
387,302
387,341
387,386
321,539
321,1579
321,1490
190,1361
190,1164
105,411
105,1425
105,1340
411,152
411,1451
1425,1423
1425,1424
1340,496
1340,1341
106,304
106,128
106,1428
304,302
304,761
304,982
128,563
128,390
128,433
1428,1408
606,759
606,671
606,693
585,433
585,1384
564,566
153,132
153,152
153,521
1452,562
1452,1472
1451,386
1451,1429
218,217
218,219
218,869
1539,695
1539,735
1539,760
652,196
652,761
652,760
110,111
110,133
110,1131
111,134
111,1283
133,132
133,134
133,156
1131,267
1131,1154
134,135
134,157
1283,1282
1283,1284
135,136
135,158
136,137
136,159
137,138
137,160
138,139
138,161
139,140
139,162
140,141
140,163
141,142
141,164
142,143
143,990
122,164
122,166
145,146
145,1360
164,163
164,187
166,362
146,147
146,298
124,1098
124,255
1098,364
1098,1097
1098,1100
255,431
255,1385
125,191
125,1273
125,1468
191,214
191,1295
191,341
1273,235
1273,340
1273,451
1468,1448
259,1472
259,345
474,1407
474,1537
474,1299
563,195
563,390
563,1537
390,1538
433,347
433,1473
150,151
150,1427
150,543
414,130
414,151
414,1024
130,172
130,1581
172,216
172,477
172,1473
1581,608
1581,630
262,263
262,437
262,827
132,1045
1045,176
1045,1022
1045,1044
156,179
156,1067
157,180
157,1259
158,159
158,181
158,1130
159,160
159,182
160,161
160,183
161,162
161,184
162,163
162,185
163,186
990,991
990,1011
990,1013
144,987
144,1446
144,1445
987,986
987,1120
1446,276
1446,1444
1446,1445
1445,1444
1360,341
1360,344
1360,409
147,170
147,193
298,1513
170,151
170,236
193,216
193,672
193,1538
149,301
432,607
432,1406
151,152
1427,236
1427,276
1427,368
543,478
543,1494
152,523
523,960
523,612
523,982
521,410
521,456
154,155
154,177
154,1154
154,1175
155,178
155,1369
155,1415
177,176
177,178
177,200
1154,483
1154,1155
1175,1152
1175,1176
1175,1198
178,179
178,201
1369,1368
1369,1370
1369,1392
1415,1414
1415,1416
1415,1438
179,180
179,202
1067,328
1067,1066
1067,1198
180,181
180,203
1259,801
1259,1258
181,182
181,204
1130,1153
1130,1109
182,183
182,205
183,184
183,206
184,185
184,207
185,186
185,208
186,187
186,686
187,210
188,211
188,384
362,1211
362,364
362,408
167,209
167,1055
209,208
209,210
1055,1053
1055,1054
1055,1056
168,388
168,1183
168,1513
168,1361
388,630
388,1582
1183,1164
1183,1182
1513,1493
1513,1511
169,1492
169,1406
169,1339
1492,1491
1492,1493
1492,1512
1406,234
1406,1404
1339,407
1339,410
236,476
236,282
171,608
171,1449
608,650
1449,476
1449,497
216,217
216,826
477,412
477,1538
477,651
196,544
174,175
174,197
174,240
174,849
175,828
175,1520
197,176
197,827
197,1066
240,241
240,826
240,804
849,305
849,826
828,765
828,829
828,851
1520,1519
1520,1521
1520,1543
176,958
958,935
958,957
958,959
200,199
200,201
200,223
201,202
201,224
202,203
202,225
203,204
203,226
204,205
204,227
205,206
205,228
206,207
206,229
207,208
207,967
208,339
686,533
686,597
686,709
210,233
210,1317
211,234
211,233
384,383
384,385
189,1099
189,1555
1099,450
1099,471
1099,1097
1555,1554
1164,1184
214,213
214,237
214,434
1295,1384
1295,1294
1295,1296
341,1036
1512,1510
1512,1511
1383,364
672,890
1538,345
237,718
237,431
630,1496
195,872
872,503
872,740
872,871
544,391
544,785
827,566
827,718
1066,1043
1066,1065
198,199
198,219
198,980
198,1111
199,1110
199,1284
219,261
219,915
980,957
980,979
980,981
1111,220
1111,483
1111,936
1110,1087
1110,1133
1110,1088
1284,1285
1284,1307
223,222
223,224
223,246
224,225
224,247
225,226
225,248
226,227
226,249
227,228
227,250
228,229
228,880
229,230
229,252
967,966
967,968
339,316
339,338
339,340
233,232
233,1120
1317,297
1317,340
1317,385
234,1297
212,1381
1381,1380
213,235
213,1294
235,1250
235,520
1294,1274
434,325
434,784
434,742
412,609
869,284
869,870
261,368
261,781
261,894
915,285
915,656
915,916
220,221
220,241
220,243
221,222
221,265
221,1044
241,871
241,1132
243,242
243,244
243,266
222,244
222,245
265,264
265,266
265,288
1044,1043
1044,1087
244,245
244,1199
245,246
245,268
246,247
246,269
247,248
247,270
248,249
248,271
249,250
249,272
250,273
880,881
880,924
230,231
230,535
252,773
231,232
231,295
535,797
535,995
535,1060
232,1013
295,294
295,296
295,512
1013,297
1013,425
1120,966
1120,1100
1297,495
1297,518
1297,560
1250,1230
1250,1248
1250,1249
520,370
476,280
476,1385
282,762
282,522
718,435
718,697
431,299
431,1495
238,741
238,804
741,416
741,502
741,785
804,803
784,765
784,1025
871,546
871,870
1132,307
1132,397
1132,1133
242,263
242,395
242,936
263,305
395,372
395,374
395,396
936,913
936,935
266,267
266,289
1199,1198
1199,1200
1199,1222
268,267
268,269
268,291
269,270
269,292
270,271
270,293
271,272
271,294
272,273
272,968
273,274
273,296
274,275
274,579
773,750
773,774
773,796
254,256
254,1252
254,299
256,258
256,430
1252,340
1252,342
1252,1275
299,1166
299,1144
1385,1404
258,281
258,651
258,435
430,1408
257,519
257,1341
257,1493
519,760
519,1430
1341,1342
1493,1514
281,283
281,410
651,740
435,370
435,391
1472,538
345,1494
458,370
458,394
368,762
781,283
781,782
894,569
894,893
894,895
437,415
437,526
437,1048
305,306
305,328
264,285
264,287
264,482
285,284
285,1087
287,286
287,288
287,310
482,459
482,483
482,505
288,289
288,311
267,290
289,290
289,312
290,291
290,313
291,292
291,314
292,293
292,315
293,294
293,316
294,317
968,969
968,991
296,297
275,276
579,556
579,602
579,819
276,277
277,1275
277,1491
1275,582
1275,648
452,517
452,1296
452,561
302,325
280,650
280,391
650,737
650,1540
391,415
283,590
283,763
762,392
762,631
522,873
522,566
590,699
590,1049
590,1114
763,347
763,1090
284,981
284,1026
981,306
981,526
1026,393
1026,1025
1026,1158
286,307
286,1242
307,306
1242,462
1242,549
1242,1241
310,309
310,311
310,333
311,312
311,334
312,313
312,335
313,314
313,336
314,315
314,337
315,316
315,338
316,317
317,688
512,489
512,511
512,753
1166,495
1166,1167
1166,1168
1144,427
1144,449
1144,1143
1514,473
1514,1515
429,1143
429,1364
429,1209
325,326
325,348
761,632
761,694
982,504
982,1115
306,329
328,329
328,460
329,308
329,330
308,309
308,331
308,1306
309,332
309,1416
331,330
331,332
331,354
1306,1305
1306,1307
1306,1329
332,333
332,355
1416,1393
1416,1417
333,334
333,356
334,335
334,357
335,336
335,358
336,337
336,359
337,338
337,360
338,361
688,645
688,1234
688,971
318,992
318,1186
992,625
992,733
992,991
1186,319
1186,383
1186,1184
319,1102
319,1165
1102,382
1102,515
1102,558
1165,449
1165,1145
320,1296
320,1163
1296,1315
1163,988
1163,1143
1163,1161
539,342
539,714
539,1255
1450,451
1450,542
1450,737
456,694
456,676
696,587
696,938
326,327
326,806
348,349
348,371
348,607
327,350
327,436
327,829
806,459
806,850
806,913
350,349
350,351
350,373
436,459
436,524
436,1070
829,457
829,766
460,1265
460,1113
460,1046
330,351
330,353
351,1197
351,1244
353,352
353,354
353,376
354,355
354,377
355,356
355,378
356,357
356,379
357,358
357,380
358,359
358,381
359,360
359,578
360,491
360,710
361,381
361,881
361,1014
1036,428
1036,492
1036,516
342,1535
342,1298
1535,1515
1535,1533
1298,757
1298,1278
1298,1279
1209,538
1209,1188
344,1230
1230,1231
1494,409
1494,736
479,1070
479,851
479,567
347,478
347,566
478,501
478,808
349,372
349,830
371,394
371,895
607,1537
607,671
372,373
372,1003
830,831
830,1069
830,1160
373,352
373,374
1197,1153
1197,1220
1244,745
1244,1221
1244,1243
352,375
352,1000
375,376
375,398
375,1089
1000,977
1000,999
1000,1001
376,377
376,399
377,378
377,400
378,379
378,401
379,380
379,402
380,381
380,403
381,404
578,555
578,776
578,1038
491,490
491,602
491,667
710,733
710,755
710,1060
881,882
881,904
1014,601
1014,668
1014,991
1211,383
1211,450
1211,712
364,1079
408,1342
408,1231
363,1056
363,558
363,1319
1056,1054
1056,1057
558,448
558,1254
1319,493
1319,1321
1079,514
1079,1078
1079,1080
370,782
782,716
394,417
394,893
895,635
895,896
1003,569
1003,613
1003,1002
374,397
374,484
397,398
397,420
484,485
484,505
484,507
398,399
398,421
1089,438
1089,526
1089,1112
399,400
399,422
400,401
400,423
401,402
401,424
402,403
402,425
403,404
403,708
404,687
382,383
382,994
994,447
994,995
994,1017
385,386
385,517
517,471
1582,587
1582,695
1582,1497
415,392
415,721
392,739
392,852
739,587
739,654
739,851
852,457
852,1178
852,963
393,416
393,678
416,439
416,720
678,743
678,963
678,697
417,418
417,937
417,1025
893,870
396,419
396,1221
396,1350
419,418
419,420
419,442
1221,1220
1221,1222
1350,1349
1350,1373
420,421
420,443
421,422
421,444
422,423
422,445
423,424
423,446
424,425
424,447
425,601
708,685
708,707
708,709
687,598
687,624
687,820
405,667
405,1011
405,1015
405,427
667,1038
667,1170
1011,1010
1015,798
1015,993
1015,1034
427,1034
427,1277
406,1035
406,494
406,1077
406,428
1035,536
1035,1034
1035,1037
494,1322
494,1147
494,1189
1077,1057
1077,1075
1077,1078
428,1233
428,1274
407,1405
407,581
407,1034
1405,561
1405,1404
1405,1407
581,626
581,690
581,1191
1342,497
1342,756
1231,450
1231,1233
409,1320
1320,518
1320,690
609,938
609,720
1024,525
1024,1001
721,501
721,961
721,1179
439,418
439,440
439,636
720,785
720,1136
418,441
937,524
937,914
937,938
1025,1002
441,442
441,464
442,443
442,465
443,444
443,466
444,445
444,467
445,446
445,468
446,447
446,683
447,711
601,1039
601,1061
426,1103
426,1210
426,1080
426,1059
1103,603
1103,713
1103,1081
1210,473
1210,626
1210,1188
1080,470
1080,1078
1059,449
1059,1057
1059,1058
1277,493
1277,518
1277,537
1233,538
1233,1235
1274,1272
1274,1276
1143,1145
1364,495
1364,497
1364,629
1408,1409
1408,1429
1495,582
1495,584
1495,1496
742,1049
742,985
742,1005
459,635
524,723
524,611
1070,633
1070,875
526,549
1048,611
1048,744
1048,940
438,548
438,1068
438,1158
548,525
548,571
548,701
1068,589
1068,1069
1068,1088
1158,679
1158,745
440,463
440,1112
440,1375
636,614
636,659
636,1289
463,462
463,464
463,486
1112,614
1112,1135
1375,1352
1375,1374
1375,1376
464,465
464,487
465,466
465,488
466,467
466,489
467,468
467,490
468,469
468,794
683,660
683,706
711,471
711,778
711,1062
448,643
448,665
448,732
643,576
643,600
643,731
665,469
665,642
665,798
732,709
732,778
732,1280
449,712
712,513
712,514
450,493
493,1191
451,560
451,604
560,627
560,1387
604,624
604,1299
604,1124
561,629
453,582
453,1515
453,540
453,1321
582,1344
540,1540
1321,759
1321,1300
694,587
676,481
676,633
676,740
457,653
457,695
653,568
653,589
653,631
695,545
635,503
635,658
1265,1264
1265,1266
1265,1288
1113,698
1113,940
1113,1091
1046,567
1046,873
1046,916
461,1133
461,1179
461,1223
461,591
1133,1156
1179,1156
1179,1178
1223,612
1223,1222
1223,1177
591,480
591,547
591,592
462,483
462,485
485,486
485,508
486,487
486,509
487,488
487,510
488,489
488,511
489,490
490,772
469,1146
469,1147
794,771
794,795
794,817
1146,1126
1146,1145
1146,1148
1147,559
1147,580
470,1167
470,689
470,1082
1167,537
1167,1168
689,668
689,734
689,1082
1082,513
1082,1105
471,1058
1058,1057
1058,1078
472,1145
472,1276
472,1343
472,993
1276,648
1276,1278
1343,518
1343,562
1343,690
993,970
993,1016
473,1168
473,647
1168,1149
647,1104
647,1192
1407,629
1299,1278
1299,1279
501,502
501,545
808,722
808,1093
808,854
851,874
567,1071
567,1090
480,743
480,850
480,897
743,1334
743,1159
850,525
850,655
897,874
897,877
897,943
481,634
481,1135
481,809
634,632
634,918
634,1134
1135,677
1135,1246
809,654
809,789
809,1202
505,702
505,1245
507,506
507,508
507,530
508,509
508,531
509,510
509,532
510,511
510,533
511,534
772,749
772,771
772,795
602,625
492,969
492,1016
492,1189
969,555
969,970
1016,666
1016,1039
1189,557
1189,1187
1191,603
1191,714
1322,670
1322,755
1322,757
495,1081
1081,626
1081,1101
496,693
496,1234
496,1232
693,584
693,803
1234,537
1234,736
1232,537
1232,627
631,589
502,939
545,807
545,873
939,873
939,916
939,962
503,525
503,959
959,612
959,960
504,810
504,699
504,807
810,568
810,633
810,1092
699,700
699,1116
807,677
807,786
702,679
702,725
702,857
1245,547
1245,899
1245,1222
506,527
506,529
506,1333
527,528
527,1243
527,1418
529,528
529,530
529,552
1333,1310
1333,1506
1333,1334
530,531
530,553
531,532
531,554
532,555
532,1549
533,556
533,620
534,557
534,599
534,903
753,730
753,776
753,1017
513,600
513,948
600,556
600,820
948,925
948,947
948,949
514,1100
514,1123
1100,1101
1123,1101
1123,1104
1123,1122
515,1060
515,734
515,1187
1060,1083
734,1237
734,1170
1187,1188
516,1387
516,690
1387,735
1387,1366
760,758
1430,584
1430,1431
960,723
960,1201
612,832
723,746
611,1049
549,550
528,551
528,1246
1243,1220
1243,1266
1418,1417
1418,1419
1418,1394
551,550
551,552
551,574
1246,876
1246,983
552,553
552,575
553,554
553,576
554,555
554,577
1549,620
1549,1526
1549,1548
556,973
620,619
620,621
557,625
557,729
599,576
599,622
599,644
903,904
903,926
797,774
797,796
797,820
995,972
995,1018
536,1235
536,1124
536,1037
1235,559
1235,1215
1124,1104
1124,1122
1037,691
1037,1039
538,1254
1254,646
1254,670
714,1476
714,1148
1255,645
1255,692
1255,1236
1540,1497
1540,1562
542,671
671,1562
546,656
546,831
546,874
656,679
656,789
831,832
831,920
874,1005
547,657
547,914
657,1178
657,1200
657,1376
914,891
914,913
571,550
571,572
571,1417
701,724
701,856
701,1156
550,573
573,572
573,574
573,596
574,575
574,597
575,576
577,622
577,642
577,775
973,950
973,972
973,996
625,624
729,706
729,728
729,752
559,1148
559,646
1148,1126
646,1366
627,1256
627,669
562,626
562,692
692,1257
692,1344
1071,677
1071,1072
1071,1073
1090,589
1090,764
568,1005
568,1136
1005,898
1136,700
1136,1134
569,570
569,592
570,1200
570,1332
570,1397
592,593
592,615
1200,680
1332,1309
1332,1331
1397,1374
1397,1420
572,593
572,595
1417,596
593,594
593,833
595,594
595,618
595,835
596,597
596,619
597,598
622,621
622,623
642,619
642,641
775,752
775,754
775,798
776,777
776,799
1038,644
1038,1061
819,796
819,818
819,842
580,777
580,1256
580,1122
777,1388
777,1125
1256,1236
1256,1258
1122,1101
1344,645
1344,1367
1409,669
1409,737
584,1384
632,654
983,961
983,1114
1049,744
1114,941
1114,1094
615,594
615,616
594,617
833,613
833,834
833,1267
617,616
617,618
617,640
618,619
618,641
835,640
835,814
835,834
598,621
598,793
621,730
793,770
793,792
793,816
644,709
644,1170
820,843
1039,1062
1061,1084
603,1429
603,1213
1429,1448
1213,1190
1213,1212
1213,1214
624,623
1300,1279
1300,1302
938,896
610,1069
610,1047
610,1092
610,1027
1069,962
1047,853
1047,875
1047,961
1092,700
1092,917
1027,633
1027,677
1027,876
832,765
832,834
613,614
613,811
614,637
811,1072
811,1379
811,1422
637,616
637,638
616,639
639,638
639,662
639,1398
640,641
640,663
641,664
730,707
730,731
623,971
623,1083
971,970
971,972
1083,754
1083,1106
669,845
669,1257
1431,1194
1431,1454
1496,846
1496,1519
654,1004
918,1006
918,1247
918,1004
1134,853
1134,1155
658,659
658,681
658,746
659,638
659,660
1289,1266
1289,1288
1289,1312
638,661
661,660
661,662
661,684
662,663
662,685
1398,1378
1398,1399
1398,1420
663,664
663,1528
664,685
664,752
731,754
731,1169
1170,1345
645,1105
1105,755
1105,1128
1366,1367
1366,1389
1104,691
1192,1171
1192,1172
1192,1190
648,1432
648,1169
1432,803
1432,1455
1169,1149
1169,1150
740,764
1004,722
1004,1006
655,766
655,1180
766,767
766,789
1180,1161
1180,1181
1180,1182
679,680
789,790
1178,1177
1376,900
1376,1353
681,660
681,680
681,682
746,769
684,685
684,707
1528,1483
1528,1527
1528,1529
752,751
798,821
666,774
666,974
666,1017
774,751
974,951
974,975
974,997
668,713
668,1388
713,802
1388,1389
1388,1411
845,822
845,844
845,846
1257,736
1257,1151
670,757
757,735
1562,1497
890,867
890,889
890,891
963,1204
963,1464
697,917
697,698
682,705
682,1377
682,1462
705,704
705,706
705,728
1377,745
1377,1354
1462,813
1462,1461
1462,1551
706,707
691,758
691,1127
758,1127
1127,1125
1127,1126
917,698
917,787
698,764
764,1091
700,1378
1116,744
1116,788
1116,854
1378,941
1378,1380
724,725
724,1355
856,855
856,857
856,878
1156,1155
725,704
725,726
857,834
704,727
727,726
727,728
727,750
728,751
733,756
733,800
755,1019
778,779
1062,1258
802,779
802,1280
1476,801
1476,1477
1476,1499
961,1291
722,1201
722,1224
1201,744
1201,812
1224,940
1224,962
1224,1225
1355,788
1355,1354
726,749
749,748
749,750
750,751
754,1018
1280,1281
756,779
756,1106
800,1301
800,1125
1237,801
1237,1236
736,1345
1345,1368
1345,1346
985,896
985,962
985,986
1334,855
1334,1311
1159,1139
1159,1157
1159,1161
745,768
768,767
768,769
768,791
769,748
769,770
748,771
748,924
771,770
924,925
924,947
1018,1019
1018,1041
1019,996
1019,1020
1106,1086
1091,941
1091,1093
765,1115
1115,854
1115,1117
767,790
767,1311
790,791
790,813
1311,1288
1311,1310
791,770
791,792
795,796
795,818
799,822
799,1301
1125,1126
786,1181
786,1072
786,1157
1181,875
1072,941
1157,916
1157,1137
787,1051
787,1160
787,853
1051,898
1051,919
1051,1032
1160,965
1160,1140
853,940
788,1486
788,984
1486,1441
1486,1487
984,1050
984,1137
813,792
813,1485
792,815
815,814
815,816
815,838
816,817
816,839
817,818
817,840
818,841
821,822
821,844
821,1411
1301,1194
1301,1302
801,1323
1323,1324
1323,1303
1323,1325
913,912
1093,1094
1093,1095
854,898
1202,1182
1202,1203
1202,1204
1379,812
1379,920
1422,1399
1422,1421
1422,1423
812,943
812,1007
943,966
943,986
1007,1006
1007,1008
1007,1028
1485,966
1485,988
1485,1484
814,837
814,1551
837,838
837,860
1551,1529
1551,1552
838,839
838,861
839,840
839,862
840,841
840,863
841,842
841,864
842,843
842,865
843,844
843,866
844,867
1411,1412
1411,1434
846,847
1454,1455
1454,1477
920,919
920,921
1267,1266
1267,1248
1267,1268
859,860
859,882
860,861
860,883
861,862
861,884
862,863
862,885
863,864
863,886
864,865
864,887
865,866
865,888
866,867
866,889
847,870
898,1203
855,878
878,877
882,883
882,905
883,884
883,906
884,885
884,907
885,886
885,908
886,887
886,909
887,888
887,910
888,889
888,911
889,912
1042,1041
1042,1043
1042,1065
875,1095
1095,1094
876,877
877,900
904,905
904,927
905,906
905,928
906,907
906,929
907,908
907,930
908,909
908,931
909,910
909,932
910,911
910,933
911,912
911,934
912,935
891,1542
1542,1519
1542,1543
896,919
1203,1204
1203,1205
899,944
899,1510
944,1010
944,1465
944,1248
1510,1511
925,926
1554,1552
922,921
922,942
926,927
926,949
927,928
927,950
928,929
928,951
929,930
929,952
930,931
930,953
931,932
931,954
932,933
932,955
933,934
933,956
934,935
934,957
1006,1008
1247,1225
1247,1226
1247,1227
921,1009
1009,964
1009,986
1009,1010
942,1380
942,1444
947,970
949,950
949,972
950,951
951,952
952,953
952,975
953,954
953,976
954,955
954,977
955,956
955,978
956,957
956,979
1444,1424
1010,1008
1465,1441
1465,1464
1248,1249
1464,1441
1576,1574
1576,1575
975,976
975,998
976,977
976,999
977,978
978,979
978,1001
979,1002
1291,1290
1204,1205
964,1552
964,1052
964,1028
1052,1032
1052,1053
1052,1054
1028,1008
1028,1029
965,1533
965,1269
965,1119
1269,1249
1269,1268
1269,1270
1119,1117
996,997
997,998
997,1020
998,999
999,1022
1001,1002
1050,1029
1050,1030
1050,1031
1137,1139
988,1335
988,1487
1335,1312
1335,1336
1487,1441
1020,1043
1065,1240
1084,1086
1258,1238
1240,1217
1240,1263
1240,1346
1198,1177
1128,1129
1128,1151
1128,1109
1129,1152
1129,1239
1129,1109
1151,1149
1152,1304
1239,1216
1239,1262
1239,1238
1153,1176
1153,1155
1304,1281
1304,1305
1304,1302
1176,1177
1176,1309
1171,1172
1171,1150
1172,1150
1309,1308
1309,1310
1193,1216
1193,1194
1193,1195
1193,1212
1216,1217
1216,1215
1194,1217
1217,1218
1195,1218
1195,1214
1195,1215
1218,1241
1328,1305
1328,1327
1328,1329
1241,1264
1241,1261
1262,1263
1262,1285
1262,1261
1263,1264
1263,1286
1346,1327
1346,1347
1264,1287
1285,1286
1285,1308
1286,1287
1286,1505
1287,1288
1287,1310
1281,1282
1281,1519
1282,1305
1282,1261
1307,1308
1307,1330
1308,1331
1505,1482
1505,1504
1505,1506
1312,1290
1312,1313
1302,1303
1303,1326
1303,1261
1326,1325
1326,1327
1326,1324
1329,1330
1329,1352
1330,1331
1330,1353
1331,1354
1324,1325
1324,1347
1325,1348
1347,1370
1347,1327
1348,1349
1348,1371
1348,1372
1352,1353
1353,1354
1506,1507
1367,1368
1367,1390
1368,1391
1370,1371
1370,1393
1349,1371
1349,1392
1373,1372
1373,1374
1373,1396
1390,1389
1390,1391
1390,1413
1391,1392
1391,1414
1392,1393
1371,1372
1393,1394
1372,1395
1395,1394
1395,1396
1395,1440
1396,1419
1389,1412
1412,1413
1412,1435
1413,1414
1413,1436
1414,1437
1394,1440
1419,1420
1434,1435
1434,1457
1435,1436
1435,1458
1436,1437
1436,1459
1437,1438
1437,1460
1438,1461
1455,1456
1455,1478
1456,1457
1456,1479
1457,1458
1457,1480
1458,1459
1458,1481
1459,1460
1459,1482
1460,1461
1460,1483
1461,1484
1477,1478
1477,1500
1478,1479
1478,1501
1479,1480
1479,1502
1480,1481
1480,1503
1481,1482
1481,1504
1482,1483
1483,1484
1499,1500
1499,1522
1500,1501
1500,1523
1501,1502
1501,1524
1502,1503
1502,1525
1503,1504
1503,1526
1504,1527
1521,1522
1521,1544
1522,1523
1522,1545
1523,1524
1523,1546
1524,1525
1524,1547
1525,1526
1525,1548
1526,1527
1543,1544
1544,1545
1545,1546
1546,1547
1547,1548
1029,1030
1029,1031
1030,1031
1030,1032
1031,1032
1053,1054
1053,1073
1073,1075
1086,1088
1088,1109
1097,1117
1139,1140
1149,1150
1182,1184
1188,1190
1190,1212
1212,1214
1214,1215
1225,1226
1225,1227
1226,1227
1236,1238
1249,1268
1268,1270
1270,1272
1278,1279
1290,1313
1313,1315
1399,1401
1399,1421
1401,1421
1421,1423
1423,1424
1511,1530
1529,1530
1572,1574
1574,1575
