0,892
0,1365
0,761
0,780
892,132
892,891
892,893
1365,537
1365,647
1365,756
761,41
761,392
761,455
780,627
780,779
780,781
1,24
1,131
1,823
1,1040
24,47
24,1063
24,1324
131,110
131,262
131,1023
823,87
823,822
823,1280
1040,996
1040,1017
1040,1041
2,3
2,25
2,1064
2,1563
3,4
3,26
3,1564
25,48
25,1174
25,1563
1064,1041
1064,1065
1064,1087
1563,1152
1563,1564
4,5
4,27
4,1565
26,49
26,1173
26,1219
1564,45
1564,1565
5,28
5,1351
5,1566
27,28
27,50
27,1196
1565,1542
1565,1566
28,29
28,51
1351,1350
1351,1352
1351,1374
1566,1543
1566,1567
6,7
6,29
6,1439
6,1567
7,8
7,30
7,1568
29,30
29,52
1439,549
1439,1438
1439,1440
1567,1544
1567,1568
8,9
8,31
8,1569
30,31
30,53
1568,1545
1568,1569
9,10
9,32
9,1570
31,54
31,703
1569,1546
1569,1570
10,11
10,1550
10,1571
32,55
32,165
32,879
1570,575
1570,1547
11,747
11,923
11,989
1550,1332
1550,1527
1550,1573
1571,1396
1571,1507
1571,1548
747,724
747,726
747,746
923,143
923,230
923,900
989,167
989,900
989,987
12,836
12,901
12,1442
12,1573
836,837
836,857
836,859
901,880
901,925
901,1485
1442,33
1442,637
1442,1419
1573,99
1573,1397
13,1511
13,1552
13,1425
13,1204
1511,34
1511,1489
1511,1490
1552,899
1552,944
1552,1551
1425,18
1425,366
1425,1424
1204,15
1204,1184
1204,1203
14,80
14,1443
14,1487
14,1138
80,1357
80,1340
80,1445
1443,35
1443,1420
1443,1421
1487,1468
1487,1486
1487,1488
1138,899
1138,1118
1138,1119
15,1251
15,1357
15,58
1251,57
1251,147
1251,212
1357,855
1357,1008
58,81
58,1186
58,988
16,82
16,1404
16,1513
16,1558
82,81
82,1580
82,345
1404,1402
1404,1403
1404,1405
1513,106
1513,298
1513,453
1558,322
1558,323
1558,543
17,1250
17,128
17,1426
17,1359
1250,38
1250,278
1250,1248
128,805
128,1579
128,1539
1426,386
1426,1424
1426,1428
1359,1358
1359,1360
1359,1379
18,1534
18,1514
18,1556
1534,236
1534,344
1534,1515
1514,259
1514,1472
1514,1512
1556,149
1556,166
1556,1554
19,585
19,347
19,718
19,1449
585,21
585,237
585,456
347,523
347,455
347,698
718,237
718,346
718,827
1449,39
1449,321
1449,562
20,608
20,1581
20,1407
20,804
608,172
608,589
608,1517
1581,260
1581,539
1407,650
1407,1387
1407,1405
804,478
804,783
804,803
21,175
21,1430
21,783
175,174
175,828
175,1520
1430,584
1430,737
1430,1431
783,22
783,42
22,848
22,1023
22,1498
848,263
848,847
848,849
1023,1022
1023,1024
1498,1475
1498,1499
1498,1521
23,46
23,1107
23,1260
23,1431
46,45
46,47
46,69
1107,1084
1107,1106
1107,1259
1260,1237
1260,1283
1260,1261
1431,1194
1431,1454
47,48
47,70
1063,1061
1063,1021
1063,1084
1324,1323
1324,1325
1324,1347
48,49
48,71
1174,307
1174,1151
1174,1197
49,50
49,72
1173,1172
1173,1196
1173,1171
1219,1218
1219,1220
1219,1241
50,51
50,73
1196,156
1196,1328
51,52
51,74
52,53
52,75
53,54
53,76
54,55
54,77
703,680
703,683
703,704
55,56
55,251
165,142
165,187
165,188
879,684
879,858
879,878
33,858
33,1033
33,1463
858,317
858,859
1033,145
1033,296
1033,363
1463,441
1463,1440
1463,1484
34,946
34,1356
34,1555
946,382
946,947
946,967
1356,876
1356,1355
1356,1358
1555,1010
1555,1533
1555,1553
35,102
35,1400
35,1509
102,79
102,1510
102,1209
1400,79
1400,1009
1400,1377
1509,77
1509,919
1509,921
36,1532
36,124
36,1098
36,190
1532,1512
1532,1530
1532,1531
124,1270
124,1294
124,1141
1098,1096
1098,1097
1098,1099
190,301
190,1099
190,1165
37,1052
37,1095
37,1360
37,167
1052,1032
1052,1051
1052,1053
1095,744
1095,875
1095,1093
1360,385
1360,1341
167,209
167,1208
38,1296
38,1445
38,1272
1296,192
1296,319
1296,1297
1445,104
1445,1444
1272,39
1272,1271
1272,1274
39,1471
39,1340
1471,409
1471,451
1471,1469
1340,496
1340,1338
40,500
40,651
40,300
40,561
500,304
500,760
500,807
651,43
651,194
651,391
300,235
300,279
300,606
561,519
561,1561
561,736
41,172
41,150
41,126
172,367
172,194
150,61
150,151
150,1427
126,83
126,454
126,1341
42,1386
42,671
42,1518
1386,602
1386,736
1386,1366
671,1343
671,1341
671,1473
1518,628
1518,629
1518,647
43,1474
43,304
43,1583
1474,64
1474,562
1474,649
304,302
304,433
1583,715
1583,758
1583,802
44,825
44,1433
44,629
44,1582
825,87
825,802
825,826
1433,1432
1433,1434
1433,1456
629,433
629,563
1582,389
1582,519
1582,586
45,68
45,1475
68,67
68,69
68,91
1475,778
1475,800
69,70
69,92
70,71
70,93
71,72
71,94
72,73
72,95
73,74
73,96
74,75
74,97
75,76
75,98
76,77
76,99
77,100
56,57
56,79
56,1076
251,250
251,252
251,274
57,1208
57,1508
79,1230
1076,211
1076,275
1076,1075
1208,166
1208,275
1508,615
1508,988
1508,1507
81,1384
81,1253
1186,144
1186,255
1186,452
988,1073
988,1207
59,253
59,1229
59,1183
59,1381
253,145
253,252
253,254
1229,78
1229,232
1229,297
1183,941
1183,1164
1183,1182
1381,212
1381,1358
1381,1379
60,1228
60,1339
60,189
60,1515
1228,1209
1228,1226
1228,1227
1339,341
1339,388
1339,409
189,320
189,1144
189,1164
1515,410
1515,476
61,1338
61,496
61,1516
1338,1336
1338,1337
496,1253
496,1385
1516,411
1516,627
1516,738
62,1405
62,173
62,587
62,540
1405,364
173,740
173,763
173,477
587,567
587,1559
587,719
540,693
540,1452
540,1254
63,257
63,653
63,105
63,501
257,475
257,520
257,432
653,415
653,481
653,717
105,411
105,1316
105,1535
501,239
501,433
501,786
64,323
64,196
64,628
323,192
323,434
196,239
196,414
196,1539
628,1320
628,717
65,84
65,565
65,716
65,1560
84,195
84,562
84,453
565,652
565,654
565,764
716,456
716,498
716,1537
1560,106
1560,236
1560,542
66,67
66,89
66,738
66,824
67,90
67,1108
89,88
89,90
89,112
738,411
738,414
824,846
824,1454
824,1517
90,91
90,113
1108,157
1108,1085
1108,1131
91,92
91,114
92,93
92,115
93,94
93,116
94,95
94,117
95,96
95,118
96,97
96,119
97,98
97,120
98,99
98,121
99,100
100,123
100,1207
78,1315
78,944
78,964
1315,1314
1315,1336
1315,1337
944,899
944,1010
964,788
964,1050
964,1313
1230,407
1230,451
1230,516
1384,127
1384,584
1384,1295
1253,387
1253,560
1580,455
1580,498
1580,672
345,148
345,281
345,695
83,1427
83,1361
83,1406
1427,276
1427,368
1361,344
1361,410
1361,429
1406,125
1406,237
1406,430
195,127
195,324
195,478
562,692
453,324
453,693
85,238
85,303
85,259
85,390
238,217
238,630
238,1494
303,193
303,479
303,1559
259,258
259,520
390,127
390,280
390,764
86,605
86,370
86,717
86,1538
605,582
605,691
605,1318
370,872
370,851
370,611
717,456
1538,367
1538,409
1538,758
87,868
87,1541
868,867
868,869
868,1042
1541,88
1541,713
1541,847
88,109
88,805
109,218
109,609
109,282
805,369
805,371
112,111
112,113
112,135
113,114
113,136
114,115
114,137
115,116
115,138
116,117
116,139
117,118
117,140
118,119
118,141
119,120
119,142
120,121
120,143
121,122
121,145
123,122
123,146
123,1489
1207,1206
1207,1209
101,902
101,1012
101,1226
101,1424
902,231
902,903
902,922
1012,404
1012,1011
1012,1058
1226,1225
1226,1227
1424,1423
1510,985
1510,1489
1510,1490
1209,1210
103,322
103,1187
103,1491
103,408
322,191
322,1473
1187,384
1187,428
1187,537
1491,408
1491,476
1491,1472
408,1537
408,603
104,474
104,1536
104,1294
474,280
474,1273
474,1539
1536,169
1536,367
1536,452
1294,1274
1294,1293
411,171
1316,234
1316,409
1316,1297
1535,125
1535,454
1535,1533
106,391
106,1579
391,215
391,654
1579,520
1579,541
107,344
107,499
107,1493
107,1451
344,1382
499,192
499,674
499,762
1493,497
1493,521
1493,543
1451,735
1451,1409
1451,1428
108,694
108,217
108,649
108,432
694,239
694,782
694,1497
217,216
217,218
649,497
649,626
432,517
432,1318
218,219
218,869
609,260
609,522
609,721
282,369
282,567
282,566
110,111
110,133
110,1131
111,134
111,1283
133,132
133,134
133,156
1131,267
1131,1154
134,135
134,157
1283,1282
1283,1284
135,136
135,158
136,137
136,159
137,138
137,160
138,139
138,161
139,140
139,162
140,141
140,163
141,142
141,164
142,143
143,990
122,164
122,166
145,146
164,163
164,187
166,1576
146,147
146,1467
1489,1490
1270,1249
1270,1269
1270,1271
1141,320
1141,1121
1141,1139
125,148
125,1097
148,1337
148,1559
1097,1096
1097,1099
454,652
454,1539
1341,1321
127,1557
1557,168
1557,280
1557,321
129,1452
129,632
129,675
129,763
1452,627
1452,650
632,564
632,610
632,698
675,324
675,415
675,655
763,916
763,808
130,631
130,760
130,478
130,260
631,586
631,806
631,829
760,1495
760,1540
478,652
260,544
262,263
262,437
262,827
132,153
132,1045
153,152
153,393
153,740
1045,176
1045,1022
1045,1044
156,179
156,1067
157,180
157,1259
158,159
158,181
158,1130
159,160
159,182
160,161
160,183
161,162
161,184
162,163
162,185
163,186
990,991
990,1011
990,1013
144,987
144,1054
144,1031
987,986
987,1227
1054,1053
1054,1055
1054,1056
1031,945
1031,1030
1031,1032
147,170
147,193
1467,1447
1467,1465
1467,1468
170,151
170,1577
170,412
193,216
193,518
1337,1336
1559,367
149,1385
149,169
149,673
1385,670
1385,715
169,168
169,1383
673,521
673,1450
673,1408
151,152
151,542
152,782
152,413
542,475
542,541
782,458
782,1517
413,215
413,301
413,326
393,416
393,678
393,1026
740,566
740,633
154,155
154,177
154,1154
154,1175
155,178
155,1415
155,1239
177,176
177,178
177,200
1154,483
1154,1155
1175,1152
1175,1176
1175,1198
178,179
178,201
1415,1414
1415,1416
1415,1438
1239,1129
1239,1216
1239,1262
179,180
179,202
1067,328
1067,1066
1067,1198
180,181
180,203
1259,801
1259,1258
181,182
181,204
1130,1085
1130,1153
1130,1088
182,183
182,205
183,184
183,206
184,185
184,207
185,186
185,208
186,187
186,686
187,210
188,211
188,233
188,1144
1576,168
1576,1574
1576,1575
209,208
209,210
209,1185
168,1469
1469,1468
1469,1470
1383,278
1383,1363
1383,1382
1577,1575
1577,1578
412,674
412,544
412,695
171,236
171,607
171,477
236,389
607,369
607,389
607,544
477,301
477,1517
194,519
194,827
174,197
174,240
174,849
197,176
197,1066
197,1540
240,241
240,826
240,781
849,305
849,826
828,765
828,829
828,851
1520,1519
1520,1521
1520,1543
176,958
958,935
958,957
958,959
200,199
200,201
200,223
201,202
201,224
202,203
202,225
203,204
203,226
204,205
204,227
205,206
205,228
206,207
206,229
207,208
207,967
208,339
686,533
686,597
686,709
210,233
210,1317
211,234
211,429
233,232
233,1120
1144,471
1144,1143
320,299
320,1165
1164,1162
1164,1163
301,365
1099,1101
1165,234
1165,450
191,214
191,1295
191,1403
214,213
214,237
214,434
1295,235
1295,1293
1403,256
1403,1402
192,1448
1448,431
1448,1428
1448,1446
216,826
216,672
518,215
518,714
518,715
519,1320
827,1046
324,1470
239,851
414,281
414,611
1066,1043
1066,1065
1540,735
1540,739
198,199
198,219
198,980
198,1111
199,1110
199,1284
219,261
219,915
980,957
980,979
980,981
1111,220
1111,483
1111,936
1110,1087
1110,1133
1110,1086
1284,1285
1284,1307
223,222
223,224
223,246
224,225
224,247
225,226
225,248
226,227
226,249
227,228
227,250
228,229
228,880
229,230
229,252
967,966
967,968
339,316
339,338
339,340
1185,1184
1185,1205
1185,1206
1317,297
1317,340
1317,410
234,1447
429,583
429,1168
212,343
212,1274
343,1578
343,389
343,407
1274,1276
213,235
213,1537
213,258
235,1273
1537,695
258,256
258,281
434,325
434,784
215,1470
1470,1468
672,583
672,890
869,284
869,870
261,368
261,781
261,1046
915,285
915,656
915,916
220,221
220,241
220,243
221,222
221,265
221,1044
241,871
241,1132
243,242
243,244
243,266
222,244
222,245
265,264
265,266
265,288
1044,1043
1044,1087
244,245
244,1199
245,246
245,268
246,247
246,269
247,248
247,270
248,249
248,271
249,250
249,272
250,273
880,881
880,924
230,231
230,535
252,773
231,232
231,295
535,797
535,995
535,1060
232,1013
295,294
295,296
295,512
1013,297
1013,425
1120,299
1120,321
1120,966
1447,1428
1447,1446
1273,340
1273,1271
630,545
630,588
630,759
1494,517
1494,520
1494,1453
851,874
781,1410
871,546
871,870
871,872
1132,307
1132,397
1132,1109
242,263
242,395
242,936
263,305
395,372
395,374
395,396
936,913
936,935
266,267
266,289
1199,1198
1199,1200
1199,1222
268,267
268,269
268,291
269,270
269,292
270,271
270,293
271,272
271,294
272,273
272,968
273,274
273,296
274,275
274,579
773,750
773,774
773,796
254,256
254,1252
254,1446
256,279
1252,340
1252,342
1252,1275
1446,1444
255,431
255,410
255,1210
431,280
431,1495
1210,318
1210,426
279,278
279,302
475,388
475,692
281,283
544,697
368,762
368,588
1046,741
1046,809
437,415
437,526
437,722
305,306
305,328
264,285
264,287
264,482
285,284
285,1087
287,286
287,288
287,310
482,459
482,483
482,505
288,289
288,311
267,290
289,290
289,312
290,291
290,313
291,292
291,314
292,293
292,315
293,294
293,316
294,317
968,969
968,991
296,297
275,276
579,556
579,602
579,819
276,277
276,1189
277,278
277,1275
277,342
1189,581
1189,713
1189,755
1275,582
1275,648
342,539
342,450
302,325
302,387
283,394
283,742
283,479
369,523
567,696
567,1004
566,458
566,1047
394,371
394,417
394,893
742,545
742,610
742,633
479,1024
479,543
284,981
284,1026
981,306
981,526
1026,1025
1026,1158
286,307
286,1198
286,1242
307,306
1242,462
1242,549
1242,1241
310,309
310,311
310,333
311,312
311,334
312,313
312,335
313,314
313,336
314,315
314,337
315,316
315,338
316,317
317,688
512,489
512,511
512,753
298,365
298,1297
298,1276
365,428
365,1450
1297,1298
1276,580
1276,712
299,366
299,517
366,387
366,1232
517,388
606,543
606,1342
606,1492
325,326
325,348
387,386
433,564
306,329
328,329
328,460
329,308
329,330
308,309
308,331
308,1306
309,332
309,1416
331,330
331,332
331,354
1306,1305
1306,1307
1306,1329
332,333
332,355
1416,1393
1416,1417
333,334
333,356
334,335
334,357
335,336
335,358
336,337
336,359
337,338
337,360
338,361
688,645
688,1015
688,1214
318,493
318,992
318,1078
493,1123
493,1166
493,1319
992,733
992,991
992,1057
1078,449
1078,473
1078,515
319,407
319,1233
319,1077
407,626
1233,1231
1233,1234
1233,1235
1077,341
1077,1075
1077,1096
321,495
495,341
495,627
495,1166
1473,1453
1473,1472
326,327
326,436
348,349
348,371
348,785
327,350
327,436
327,829
436,459
436,524
350,349
350,351
350,373
829,766
460,1265
460,853
460,1005
330,351
330,353
351,1197
351,1244
353,352
353,354
353,376
354,355
354,377
355,356
355,378
356,357
356,379
357,358
357,380
358,359
358,381
359,360
359,578
360,491
360,710
361,381
361,881
361,1014
341,383
383,382
383,384
383,1079
539,714
539,1322
450,646
450,712
1382,1362
1382,1380
695,564
346,741
346,739
346,1561
741,504
741,697
739,676
739,759
1561,521
1561,584
523,392
523,1091
455,693
698,873
698,808
349,372
349,830
371,895
785,677
785,917
785,831
372,373
372,1003
830,831
830,1179
830,1159
373,352
373,374
1197,1153
1197,1220
1244,745
1244,1221
1244,1243
352,375
352,1000
375,376
375,398
375,1089
1000,977
1000,999
1000,1001
376,377
376,399
377,378
377,400
378,379
378,401
379,380
379,402
380,381
380,403
381,404
578,555
578,776
578,1038
491,490
491,602
491,667
710,733
710,755
710,1060
881,882
881,904
1014,601
1014,668
1014,991
362,1167
362,1035
362,1143
362,1100
1167,513
1167,582
1167,1147
1035,406
1035,1034
1035,1036
1143,1142
1143,1145
1100,428
1100,492
1100,1080
363,473
363,384
363,1057
473,1212
473,1102
384,385
1057,1037
1057,1056
364,1142
364,430
364,1429
1142,1122
1142,1140
430,541
430,1166
1429,476
1429,650
1429,670
428,1168
1450,472
1450,560
1232,559
1232,581
1232,1231
762,633
762,1025
588,633
588,589
872,503
872,1047
611,1049
611,722
895,635
895,894
895,896
1003,569
1003,613
1003,1002
374,397
374,484
397,398
397,420
484,485
484,505
484,507
398,399
398,421
1089,438
1089,526
1089,1112
399,400
399,422
400,401
400,423
401,402
401,424
402,403
402,425
403,404
403,708
404,687
382,994
382,470
994,447
994,995
994,1017
470,469
470,603
470,1082
1079,1059
1079,1080
1079,1081
385,386
385,558
386,1211
558,1235
558,1145
558,1279
1211,515
1211,538
1211,691
388,586
586,674
764,984
764,1047
654,634
654,784
392,415
392,435
435,502
435,916
435,522
416,439
416,722
416,676
678,743
678,1116
678,942
417,418
417,937
417,1025
893,870
893,894
396,419
396,1221
396,1350
419,418
419,420
419,442
1221,1220
1221,1222
1350,1349
1350,1373
420,421
420,443
421,422
421,444
422,423
422,445
423,424
423,446
424,425
424,447
425,601
708,685
708,707
708,709
687,598
687,624
687,820
405,667
405,1011
405,1015
405,1055
667,1038
667,1170
1011,1010
1015,798
1015,1034
1055,945
1055,1053
406,1318
406,711
406,516
1318,472
711,447
711,778
711,1062
516,735
516,646
626,451
626,1170
603,1323
603,1058
674,563
439,418
439,440
439,636
722,720
676,697
676,1005
418,441
937,524
937,914
937,938
1025,1002
441,442
441,464
442,443
442,465
443,444
443,466
444,445
444,467
445,446
445,468
446,447
446,683
601,1039
601,1061
426,1103
426,1145
426,494
1103,538
1103,713
1103,1102
1145,1146
494,1364
494,1059
494,1320
427,472
427,471
427,1188
427,1101
472,1037
471,1124
471,538
1188,452
1188,492
1188,1190
1101,536
1101,580
1168,537
1168,712
583,1231
583,758
541,497
1166,646
1495,584
1495,1496
564,784
784,699
502,456
502,1068
502,1114
916,939
522,652
522,917
459,635
459,806
524,723
524,894
526,549
438,548
438,1068
438,1158
548,525
548,571
548,701
1068,873
1068,1069
1158,679
1158,745
440,463
440,1112
440,1375
636,614
636,659
636,1289
463,462
463,464
463,486
1112,614
1112,1135
1375,1352
1375,1374
1375,1376
464,465
464,487
465,466
465,488
466,467
466,489
467,468
467,490
468,469
468,794
683,660
683,706
448,643
448,665
448,732
448,1124
643,576
643,600
643,731
665,469
665,642
665,798
732,709
732,778
732,1280
1124,604
1124,1104
449,1277
449,581
449,1081
1277,670
1277,736
1277,1278
581,1409
1081,1059
1081,1080
646,993
712,1280
451,1319
1319,647
1319,1299
452,604
604,1497
604,1148
693,1342
457,521
457,719
719,696
719,852
458,545
458,590
545,983
590,589
590,744
590,1004
635,503
635,658
806,850
806,913
1265,1264
1265,1266
1265,1288
853,1161
853,898
853,1291
1005,811
1005,1181
461,1133
461,1179
461,1223
461,612
1133,568
1133,1156
1179,1156
1179,1178
1223,612
1223,982
1223,1222
612,959
612,918
462,483
462,485
485,486
485,508
486,487
486,509
487,488
487,510
488,489
488,511
489,490
490,772
469,1034
794,771
794,795
794,817
1034,1036
1082,513
1082,734
1082,1105
538,757
1037,1036
1037,1058
1212,993
1212,1213
1212,1214
1102,1104
1102,1122
692,1366
692,736
476,1362
1362,1363
1362,1364
1024,525
1024,1001
480,591
480,743
480,850
480,897
591,547
591,592
591,1029
743,1334
743,1202
850,525
850,655
897,874
897,877
897,943
481,1114
481,983
481,1047
1114,938
1114,1094
983,699
983,1159
505,702
505,1245
507,506
507,508
507,530
508,509
508,531
509,510
509,532
510,511
510,533
511,534
772,749
772,771
772,795
602,625
492,969
492,1016
969,555
969,970
1016,666
1016,993
1016,1039
1123,580
1123,689
1123,1104
1364,737
1364,1363
1059,1080
1320,1300
497,1298
1298,1279
1298,1299
498,737
498,1408
737,1408
1408,563
807,700
807,765
807,809
786,697
786,1029
786,1004
503,525
503,959
959,960
504,809
504,1246
504,1180
809,918
1246,528
1246,876
1246,1135
1180,677
1180,1157
1180,1160
702,679
702,725
702,857
1245,547
1245,899
1245,1222
506,527
506,529
506,1333
527,528
527,1243
527,1418
529,528
529,530
529,552
1333,1310
1333,1506
1333,1290
530,531
530,553
531,532
531,554
532,555
532,1549
533,556
533,620
534,557
534,599
534,903
753,730
753,776
753,1017
513,600
513,948
600,556
600,820
948,925
948,947
948,949
514,515
514,1125
514,1231
514,734
515,1060
1125,1104
1125,1126
1125,1127
734,1039
734,1322
1060,1083
735,1106
714,1476
714,1278
715,563
917,852
917,1202
1091,854
1091,1072
1091,1090
723,746
723,960
723,918
894,569
549,550
528,551
1243,1220
1243,1266
1418,1417
1418,1419
1418,1394
551,550
551,552
551,574
552,553
552,575
553,554
553,576
554,555
554,577
1549,620
1549,1526
1549,1548
556,973
620,619
620,621
557,625
557,729
557,1148
599,576
599,622
599,644
903,904
903,926
797,774
797,796
797,820
995,972
995,1018
536,1255
536,1122
536,1278
1255,691
1255,1254
1255,1256
1122,1121
1278,1279
537,1342
1342,560
757,1387
757,1363
757,1322
1322,1321
1254,559
1254,1234
546,656
546,831
546,874
656,679
656,789
831,832
874,984
547,657
547,914
657,1178
657,1200
657,1376
914,891
914,913
571,550
571,572
571,1417
701,724
701,856
701,1156
550,573
573,572
573,574
573,596
574,575
574,597
575,576
577,622
577,642
577,775
973,950
973,972
973,996
625,624
625,1234
729,706
729,728
729,752
1148,690
1148,1146
1235,559
1235,1215
1279,1299
559,689
689,1106
689,1192
560,1409
1409,758
696,610
696,873
1004,1090
568,1027
568,1267
568,1028
1027,1028
1027,1029
1027,1048
1267,833
1267,961
1267,1266
1028,852
1028,1029
569,570
569,592
570,1200
570,1332
570,1397
592,593
592,615
1200,680
1332,1309
1332,1331
1397,1374
1397,1420
572,593
572,595
1417,596
593,594
593,833
595,594
595,618
595,835
596,597
596,619
597,598
622,621
622,623
642,619
642,641
775,752
775,754
775,798
776,777
776,799
1038,644
1038,1061
819,796
819,818
819,842
580,1213
1213,777
1213,1214
582,1344
1344,1367
1344,1321
1344,1345
589,634
634,1070
634,810
744,1182
744,1071
615,594
615,616
594,617
833,613
833,834
617,616
617,618
617,640
618,619
618,641
835,640
835,814
835,834
598,621
598,793
621,730
793,770
793,792
793,816
644,709
644,1170
820,843
1039,1062
1061,1084
1323,801
1323,1303
1058,1056
1497,759
1497,1453
691,1126
1492,1472
1492,1490
1492,1512
721,1090
721,1157
721,852
610,1069
1069,962
1069,982
1049,1048
1049,1050
1049,1051
918,1071
613,614
613,677
614,637
677,1135
637,616
637,638
616,639
639,638
639,662
639,1398
640,641
640,663
641,664
730,707
730,731
623,624
623,971
623,1083
624,690
971,970
971,972
971,1190
1083,754
1083,1106
690,645
690,1343
1234,1236
1170,1345
759,1300
1070,699
1070,720
1070,1006
810,1292
810,1398
810,1181
658,659
658,681
658,746
659,638
659,660
1289,1266
1289,1288
1289,1312
638,661
661,660
661,662
661,684
662,663
662,685
1398,1378
1398,1420
663,664
663,1528
664,685
664,752
731,754
731,1169
645,1105
645,1343
1105,755
1105,1128
1343,648
993,970
647,1169
1169,1149
1169,1150
648,1432
648,756
1432,803
1432,1455
756,733
756,779
650,803
803,1410
655,766
655,788
766,767
766,789
788,1292
788,1291
679,680
789,790
789,1115
1178,941
1178,1177
1376,900
1376,1353
681,660
681,680
681,682
746,769
684,685
684,707
1528,1483
1528,1527
1528,1506
752,751
798,821
666,774
666,974
666,1017
774,751
974,951
974,975
974,997
668,713
668,1388
668,1321
1388,777
1388,1389
1388,1411
669,845
669,1257
669,1366
669,1256
845,822
845,844
845,846
1257,1151
1257,1238
1257,1256
1366,1387
1256,1258
670,1301
1301,799
1301,1194
1301,1302
890,867
890,889
890,891
1135,940
1116,787
1116,854
1116,1117
942,1202
942,1225
942,1117
682,705
682,1377
682,1462
705,704
705,706
705,728
1377,745
1377,1354
1462,813
1462,1461
1462,1551
706,707
1214,1195
1192,1172
1192,1190
1192,1191
1126,1127
1126,1146
873,1093
808,1224
808,1092
699,765
765,832
700,1117
700,1071
700,1115
1117,1008
1071,940
1115,943
1115,1094
724,725
724,1355
856,855
856,857
856,878
1156,1155
725,704
725,726
857,834
704,727
727,726
727,728
727,750
728,751
733,800
755,1019
778,779
1062,1085
1062,1258
1280,1281
1476,801
1476,1477
1476,1499
720,787
720,1136
787,1224
787,1160
1136,1113
1136,1134
1136,1137
1090,1088
1157,875
1157,1177
960,1006
960,1177
1355,1007
1355,1354
726,749
749,748
749,750
750,751
754,1018
800,1496
800,1127
1334,855
1334,1311
1334,1314
1202,1201
1182,812
1182,1163
745,768
768,767
768,769
768,791
769,748
769,770
748,771
748,924
771,770
924,925
924,947
1018,1019
1018,1041
1019,996
1019,1020
779,802
1387,1389
1300,1299
1300,1302
984,811
984,1335
832,834
832,898
767,790
767,1311
790,791
790,813
1311,1288
1311,1310
791,770
791,792
795,796
795,818
777,1367
799,822
799,1410
1367,1368
1367,1390
802,1410
1224,1201
1224,1203
1160,1161
1160,1162
1292,922
1292,1290
1291,941
1291,963
813,792
813,1485
792,815
815,814
815,816
815,838
816,817
816,839
817,818
817,840
818,841
821,822
821,844
821,1411
1496,846
1496,1519
1127,1147
801,1237
1237,1236
1237,1238
913,912
1092,939
1092,940
1092,1073
1181,940
1181,962
811,1422
811,1030
1422,922
1422,1006
1422,1402
1030,1007
1030,1032
812,1050
812,1440
812,1488
1050,1048
1440,1395
1488,965
1488,1486
1485,966
1485,1484
814,837
814,1551
837,838
837,860
1551,1529
838,839
838,861
839,840
839,862
840,841
840,863
841,842
841,864
842,843
842,865
843,844
843,866
844,867
1411,1412
1411,1434
846,847
1454,1455
1454,1477
1159,920
1159,961
898,1401
898,1074
859,860
859,882
860,861
860,883
861,862
861,884
862,863
862,885
863,864
863,886
864,865
864,887
865,866
865,888
866,867
866,889
847,870
1161,1162
1161,1163
854,1423
854,1466
1423,921
1423,1421
1466,965
1466,1464
1466,1465
855,878
878,877
882,883
882,905
883,884
883,906
884,885
884,907
885,886
885,908
886,887
886,909
887,888
887,910
888,889
888,911
889,912
1042,1041
1042,1043
1042,1065
1093,1094
1093,1113
875,1313
875,1205
1313,1290
1313,1293
1205,1184
1205,1203
876,877
876,1247
877,900
1247,963
1247,1201
1247,1248
904,905
904,927
905,906
905,928
906,907
906,929
907,908
907,930
908,909
908,931
909,910
909,932
910,911
910,933
911,912
911,934
912,935
891,1542
1542,1519
1542,1543
896,919
896,938
896,985
919,920
919,1312
938,939
985,962
985,986
943,966
943,986
1401,963
1401,1380
1401,1402
1074,963
1074,1008
1074,1072
925,926
922,921
926,927
926,949
927,928
927,950
928,929
928,951
929,930
929,952
930,931
930,953
931,932
931,954
932,933
932,955
933,934
933,956
934,935
934,957
939,962
920,921
920,1268
1312,1335
1312,1290
1268,1248
1268,1249
1268,1269
947,970
949,950
949,972
950,951
951,952
952,953
952,975
953,954
953,976
954,955
954,977
955,956
955,978
956,957
956,979
941,1137
1137,1118
1137,1139
1225,1206
1225,1227
986,1009
1010,1009
945,1075
945,1399
1075,1073
1399,1006
1399,1007
1399,1378
975,976
975,998
976,977
976,999
977,978
978,979
978,1001
979,1002
1177,1176
961,1134
961,982
1134,1113
1134,1155
982,1113
965,1444
965,1119
1444,1421
1119,1118
1119,1121
1190,1191
996,997
997,998
997,1020
998,999
998,1021
999,1022
1001,1002
1335,1358
1335,1314
1009,1336
1073,1072
1020,1021
1020,1043
1021,1022
1007,1530
1530,1529
1530,1531
1008,1140
1140,1121
1140,1139
1065,1240
1084,1085
1258,1238
1240,1217
1240,1263
1240,1346
1128,1129
1128,1151
1128,1086
1129,1152
1129,1109
1151,1149
1152,1304
1153,1176
1153,1155
1304,1281
1304,1305
1304,1302
1176,1309
1345,1368
1345,1326
1171,1172
1171,1150
1171,1191
1172,1150
1309,1308
1309,1310
1193,1216
1193,1191
1193,1194
1193,1195
1216,1217
1216,1215
1194,1217
1217,1218
1195,1218
1195,1215
1218,1241
1328,1305
1328,1327
1328,1329
1241,1264
1262,1263
1262,1285
1262,1261
1263,1264
1263,1286
1346,1327
1346,1347
1346,1348
1264,1287
1285,1286
1285,1308
1286,1287
1286,1505
1287,1288
1287,1310
1281,1282
1281,1519
1282,1305
1282,1261
1307,1308
1307,1330
1308,1331
1505,1482
1505,1504
1505,1506
1302,1303
1303,1326
1303,1261
1326,1325
1326,1327
1329,1330
1329,1352
1330,1331
1330,1353
1331,1354
1325,1348
1325,1327
1347,1370
1347,1348
1348,1349
1352,1353
1353,1354
1506,1507
1368,1369
1368,1391
1370,1369
1370,1371
1370,1393
1349,1369
1349,1371
1373,1372
1373,1374
1373,1396
1390,1389
1390,1391
1390,1413
1369,1392
1391,1392
1391,1414
1392,1393
1392,1371
1371,1372
1393,1394
1372,1395
1372,1394
1395,1394
1395,1396
1396,1419
1389,1412
1412,1413
1412,1435
1413,1414
1413,1436
1414,1437
1419,1420
1434,1435
1434,1457
1435,1436
1435,1458
1436,1437
1436,1459
1437,1438
1437,1460
1438,1461
1455,1456
1455,1478
1456,1457
1456,1479
1457,1458
1457,1480
1458,1459
1458,1481
1459,1460
1459,1482
1460,1461
1460,1483
1461,1484
1477,1478
1477,1500
1478,1479
1478,1501
1479,1480
1479,1502
1480,1481
1480,1503
1481,1482
1481,1504
1482,1483
1483,1484
1499,1500
1499,1522
1500,1501
1500,1523
1501,1502
1501,1524
1502,1503
1502,1525
1503,1504
1503,1526
1504,1527
1521,1522
1521,1544
1522,1523
1522,1545
1523,1524
1523,1546
1524,1525
1524,1547
1525,1526
1525,1548
1526,1527
1507,1529
1543,1544
1544,1545
1545,1546
1546,1547
1547,1548
1032,1051
1036,1056
1048,1072
1051,1053
1086,1088
1086,1109
1088,1109
1094,1096
1118,1139
1146,1147
1147,1149
1149,1150
1162,1163
1184,1206
1201,1203
1215,1236
1236,1238
1248,1249
1249,1269
1269,1271
1293,1314
1378,1379
1378,1380
1379,1380
1421,1441
1441,1464
1441,1465
1441,1486
1453,1562
1464,1465
1464,1486
1512,1531
1529,1531
1533,1553
1533,1554
1553,1554
1553,1572
1554,1574
1572,1574
1574,1575
