0,1366
0,1387
0,1408
0,1042
1366,584
1366,648
1366,1365
1387,603
1387,668
1387,1407
1408,539
1408,692
1408,760
1042,1041
1042,1043
1042,1065
1,24
1,131
1,823
1,1040
24,47
24,1063
24,1085
131,110
131,262
131,1023
823,87
823,822
823,1280
1040,733
1040,1017
1040,1041
2,3
2,25
2,1064
2,1563
3,4
3,26
3,1564
25,48
25,1174
25,1563
1064,1041
1064,1065
1064,1087
1563,1152
1563,1564
4,5
4,27
4,1565
26,49
26,1173
26,1219
1564,45
1564,1565
5,28
5,1351
5,1566
27,28
27,50
27,1196
1565,1542
1565,1566
28,29
28,51
1351,1350
1351,1352
1351,1374
1566,1543
1566,1567
6,7
6,29
6,1439
6,1567
7,8
7,30
7,1568
29,30
29,52
1439,549
1439,1438
1439,1440
1567,1544
1567,1568
8,9
8,31
8,1569
30,31
30,53
1568,1545
1568,1569
9,10
9,32
9,1570
31,54
31,703
1569,1546
1569,1570
10,11
10,1550
10,1571
32,55
32,165
32,879
1570,575
1570,1547
11,747
11,923
11,989
1550,1332
1550,1527
1550,1573
1571,1396
1571,1507
1571,1548
747,724
747,726
747,746
923,230
923,900
923,922
989,34
989,167
989,987
12,836
12,901
12,1442
12,1573
836,837
836,857
836,859
901,880
901,925
901,1441
1442,33
1442,637
1442,1419
1573,122
1573,1397
13,1292
13,1007
13,1399
13,1271
1292,1272
1292,1290
1292,1291
1007,984
1007,1030
1007,988
1399,1398
1399,1400
1399,1401
1271,37
1271,1250
1271,1270
14,1338
14,36
14,1206
14,1555
1338,58
1338,365
1338,1318
36,1379
36,945
36,1402
1206,1204
1206,1205
1206,1227
1555,60
1555,1553
1555,1554
15,1226
15,1251
15,1357
15,212
1226,16
1226,37
1226,1225
1251,57
1251,166
1251,1249
1357,811
1357,1356
1357,1336
212,1228
212,300
212,453
16,1337
16,1184
16,1446
1337,1336
1337,1339
1337,1358
1184,1165
1184,1182
1184,1185
1446,17
1446,148
1446,1444
17,1493
17,412
17,1534
1493,258
1493,280
1493,604
412,303
412,432
412,501
1534,39
1534,1532
1534,1533
18,257
18,342
18,1582
18,1426
257,125
257,1318
257,1473
342,319
342,1406
342,1427
1582,587
1582,650
1582,759
1426,1424
1426,1428
1426,1445
19,390
19,499
19,628
19,433
390,20
390,741
390,697
499,1583
499,1472
499,693
628,561
628,1364
628,1517
433,126
433,213
433,522
20,585
20,1452
20,1559
585,456
585,517
585,1430
1452,129
1452,560
1452,648
1559,388
1559,389
1559,1578
21,671
21,694
21,584
21,605
671,670
671,1319
671,694
694,151
694,261
584,1384
584,1430
605,323
605,1583
605,1212
22,783
22,848
22,1023
22,1498
783,477
783,782
783,804
848,263
848,847
848,849
1023,1022
1023,1024
1498,1475
1498,1499
1498,1521
23,46
23,1021
23,1107
23,1260
46,45
46,47
46,69
1021,998
1021,1020
1021,1022
1107,1084
1107,1106
1107,1259
1260,1237
1260,1283
1260,1238
47,48
47,70
1063,1061
1063,1083
1063,1084
1085,1062
1085,1108
1085,1130
48,49
48,71
1174,286
1174,1151
1174,1197
49,50
49,72
1173,1172
1173,1196
1173,1193
1219,286
1219,1218
1219,1220
50,51
50,73
1196,156
1196,1328
51,52
51,74
52,53
52,75
53,54
53,76
54,55
54,77
703,680
703,683
703,704
55,56
55,251
165,142
165,188
165,187
879,684
879,858
879,878
33,858
33,1033
33,1463
858,317
858,859
1033,145
1033,296
1033,1032
1463,441
1463,1440
1463,1484
34,946
34,1356
34,1164
946,382
946,947
946,967
1356,1355
1356,1336
1164,362
1164,902
1164,1163
35,80
35,1185
35,1400
35,1443
80,38
80,147
80,1248
1185,253
1185,1165
1400,79
1400,1377
1443,1420
1443,1424
1443,1441
1379,875
1379,1359
1379,1378
945,944
945,964
945,965
1402,103
1402,1383
1402,1401
37,409
37,1207
409,277
409,1403
409,1144
1207,103
1207,232
1207,1139
38,387
38,1230
38,1535
387,302
387,341
387,386
1230,59
1230,144
1230,1232
1535,39
1535,1533
1535,1536
39,1385
39,345
1385,149
1385,516
1385,538
345,542
345,1515
345,1516
40,627
40,388
40,1405
40,1539
627,542
627,757
627,1540
388,431
388,587
1405,235
1405,236
1405,1404
1539,630
1539,760
1539,1497
41,540
41,127
41,1579
41,1518
540,1341
540,1496
540,606
127,193
127,454
127,1339
1579,215
1579,300
1579,367
1518,108
1518,629
1518,761
42,1517
42,218
42,1474
42,1386
1517,476
1517,496
218,217
218,219
218,869
1474,44
1474,130
1474,759
1386,494
1386,780
1386,1362
43,827
43,673
43,1538
43,1495
827,197
827,457
827,500
673,237
673,784
673,718
1538,323
1538,543
1538,693
1495,150
1495,649
1495,1496
44,1410
44,1476
44,1541
1410,799
1410,803
1410,1409
1476,801
1476,1477
1476,1499
1541,87
1541,713
1541,782
45,68
45,1475
68,67
68,69
68,91
1475,778
1475,800
69,70
69,92
70,71
70,93
71,72
71,94
72,73
72,95
73,74
73,96
74,75
74,97
75,76
75,98
76,77
76,99
77,100
77,1509
56,57
56,79
56,1076
251,250
251,252
251,274
57,1208
57,1508
79,102
79,1012
1076,209
1076,211
1076,275
1208,166
1208,167
1208,275
1508,615
1508,1507
1508,1509
58,81
58,944
58,1422
81,82
81,1556
81,1316
944,942
944,963
1422,789
1422,1421
1422,1423
59,298
59,1510
59,1118
298,1252
298,1491
298,1122
1510,100
1510,1490
1510,1509
1118,101
1118,1098
1118,1116
60,258
60,1513
60,105
258,256
258,281
1513,299
1513,1511
1513,1512
105,586
105,1447
105,1514
61,1516
61,1229
61,323
61,1471
1516,194
1516,475
1229,147
1229,233
1229,297
323,1406
1471,192
1471,299
1471,321
62,651
62,563
62,1382
62,280
651,83
651,85
651,237
563,196
563,281
563,518
1382,343
1382,1362
1382,1380
280,410
280,1384
63,260
63,347
63,411
63,431
260,457
260,677
260,545
347,152
347,432
347,587
411,86
411,1514
411,476
431,324
431,1361
64,1560
64,1429
64,522
64,1561
1560,239
1560,365
1560,564
1429,107
1429,301
1429,1409
522,545
522,588
1561,86
1561,496
1561,519
65,84
65,303
65,478
65,1542
84,86
84,213
84,518
303,126
303,129
478,697
478,1581
478,675
1542,1519
1542,1543
66,67
66,89
66,153
66,824
67,90
67,1108
89,88
89,90
89,112
153,132
153,152
153,805
824,846
824,1454
824,1388
90,91
90,113
1108,157
1108,1131
91,92
91,114
92,93
92,115
93,94
93,116
94,95
94,117
95,96
95,118
96,97
96,119
97,98
97,120
98,99
98,121
99,100
99,900
100,123
1509,1489
78,1270
78,1315
78,1183
78,1031
1270,1250
1270,1268
1315,104
1315,1314
1315,1316
1183,876
1183,1181
1183,1182
1031,143
1031,1030
1031,1032
102,1162
102,168
102,1313
1012,404
1012,427
1012,1011
147,146
147,170
1248,899
1248,1227
1248,1247
82,1580
82,1383
82,1294
1556,278
1556,1557
1556,1558
1316,1297
1316,1314
1580,413
1580,430
1580,672
1383,1362
1383,1403
1294,1274
1294,1293
1294,1314
83,322
83,104
83,1469
322,190
322,1494
322,1558
104,123
104,498
1469,1467
1469,1468
1469,1488
86,737
213,214
213,235
518,107
518,603
85,1451
85,367
85,324
1451,472
1451,1449
1451,1450
367,108
367,674
324,148
324,191
737,561
737,1342
737,1453
87,825
87,868
825,802
825,826
825,1453
868,802
868,867
868,869
88,109
88,805
88,847
109,107
109,672
109,631
805,346
805,371
847,846
847,870
112,111
112,113
112,135
113,114
113,136
114,115
114,137
115,116
115,138
116,117
116,139
117,118
117,140
118,119
118,141
119,120
119,142
120,121
120,143
121,122
121,232
900,877
900,1053
123,122
123,146
101,253
101,1425
101,1011
253,252
253,254
1425,124
1425,366
1425,1424
1011,990
1011,1010
1162,1160
1162,1161
1162,1163
168,410
168,1075
168,1428
1313,1290
1313,1291
1313,1293
103,1142
103,1119
1142,429
1142,1140
1142,1141
1119,1117
1119,1120
1119,1121
498,1472
498,631
498,1557
586,173
586,630
586,693
1447,343
1447,1445
1447,1448
1514,124
1514,562
106,107
106,126
106,435
106,497
126,125
435,520
435,763
435,653
497,171
497,1361
497,1296
108,1453
108,369
1453,693
369,589
369,565
369,629
672,239
672,890
631,760
631,654
110,111
110,133
110,1131
111,134
111,1283
133,132
133,134
133,156
1131,267
1131,1154
134,135
134,157
1283,1282
1283,1284
135,136
135,158
136,137
136,159
137,138
137,160
138,139
138,161
139,140
139,162
140,141
140,163
141,142
141,164
142,143
143,990
122,164
232,231
232,233
164,163
164,187
146,145
146,1404
124,125
124,319
125,169
319,1101
319,1273
169,320
169,1340
169,236
193,170
193,216
193,195
454,452
454,1406
454,606
1339,1341
1339,1358
128,696
128,695
128,172
128,650
696,282
696,738
696,718
695,328
695,715
695,739
172,392
172,738
172,608
650,606
650,804
129,521
129,676
521,152
521,282
521,1537
676,565
676,718
676,720
130,719
130,500
130,739
719,346
719,697
719,785
500,370
500,413
739,674
739,761
262,263
262,437
262,348
132,892
132,1045
892,416
892,891
892,893
1045,176
1045,1022
1045,1044
156,179
156,1067
157,180
157,1259
158,159
158,181
158,1130
159,160
159,182
160,161
160,183
161,162
161,184
162,163
162,185
163,186
990,991
990,1013
144,987
144,1053
144,1186
987,986
987,988
1053,1052
1053,1054
1186,340
1186,1187
1186,1188
145,1141
145,1488
1141,1121
1141,1140
1488,1486
1488,1487
1404,149
1404,1381
170,151
170,1272
148,364
148,1359
364,299
364,495
364,1231
1359,1380
1359,1381
149,1360
149,474
1360,300
1360,408
1360,475
474,692
474,1361
474,1407
150,215
150,301
150,1473
215,301
215,1492
301,608
1473,344
1473,1492
151,152
151,763
763,588
763,982
154,155
154,177
154,1154
154,1175
155,178
155,1369
155,1415
177,176
177,178
177,200
1154,483
1154,1155
1175,1152
1175,1176
1175,1198
178,179
178,201
1369,1368
1369,1370
1369,1392
1415,1414
1415,1416
1415,1438
179,180
179,202
1067,1066
1067,1068
1067,1198
180,181
180,203
1259,801
1259,1258
181,182
181,204
1130,199
1130,1153
182,183
182,205
183,184
183,206
184,185
184,207
185,186
185,208
186,187
186,686
187,210
188,166
188,211
188,1013
166,1445
1445,1444
167,209
167,1470
209,208
209,210
1470,344
1470,346
1470,1450
410,365
410,542
1075,1073
1075,1074
1075,1077
1428,344
1428,541
320,1228
320,1102
320,1254
1340,472
1340,519
1340,538
236,194
236,1492
1272,1253
1272,1274
171,542
171,1449
171,675
1449,1448
1449,1450
675,873
675,721
392,259
392,415
392,1046
738,217
738,629
608,1515
608,717
173,741
173,740
173,389
741,391
741,722
740,389
740,523
740,652
389,1536
174,175
174,197
174,240
174,477
175,828
175,1024
175,1520
197,176
197,1066
240,239
240,241
240,826
477,456
477,458
828,784
828,829
828,851
1024,525
1024,1001
1520,1519
1520,1521
1520,1543
176,958
958,935
958,957
958,959
200,199
200,201
200,223
201,202
201,224
202,203
202,225
203,204
203,226
204,205
204,227
205,206
205,228
206,207
206,229
207,208
207,967
208,339
686,533
686,597
686,709
210,233
210,1317
211,234
211,1575
1013,425
1013,534
189,255
189,385
189,234
189,408
255,234
255,1295
255,1491
385,384
385,386
385,1296
234,1511
408,192
408,1274
190,1228
190,365
190,1554
1228,1227
1554,1552
1554,1553
191,214
191,1295
191,1273
214,237
214,434
1295,407
1295,1384
1273,235
1273,340
192,1578
192,496
1578,475
1578,1576
496,363
216,217
216,826
216,456
195,652
195,455
195,720
194,607
194,545
607,391
607,455
607,587
545,874
652,872
652,674
455,217
455,1491
720,1005
720,1092
196,1583
196,762
196,717
1583,282
762,368
762,437
762,565
717,476
717,761
1066,1043
1066,1065
198,199
198,219
198,980
198,1111
199,1110
219,261
219,915
980,957
980,979
980,981
1111,220
1111,483
1111,1110
1110,1087
1110,1133
223,222
223,224
223,246
224,225
224,247
225,226
225,248
226,227
226,249
227,228
227,250
228,229
228,880
229,230
229,252
967,966
967,968
339,316
339,338
339,340
233,1120
1317,235
1317,297
1317,340
1575,1574
1575,1576
1575,1577
300,1515
453,279
453,451
453,1384
237,238
434,325
434,391
434,784
1492,1490
826,849
456,413
869,284
869,870
261,368
261,781
915,590
915,656
915,916
220,221
220,241
220,243
221,222
221,265
221,1044
241,871
241,1132
243,242
243,244
243,266
222,244
222,245
265,264
265,266
265,288
1044,1043
1044,1087
244,245
244,1199
245,246
245,268
246,247
246,269
247,248
247,270
248,249
248,271
249,250
249,272
250,273
880,881
880,924
230,231
230,535
252,773
231,295
231,902
535,797
535,995
535,1057
295,294
295,296
295,512
902,903
902,922
1120,966
1120,1121
1511,1490
1511,1512
238,239
238,632
238,501
632,982
632,873
632,808
501,414
501,961
871,546
871,870
871,872
1132,307
1132,397
1132,439
242,263
242,395
242,936
263,305
395,372
395,374
395,396
936,784
936,913
936,935
266,267
266,289
1199,1198
1199,1200
1199,1222
268,267
268,269
268,291
269,270
269,292
270,271
270,293
271,272
271,294
272,273
272,968
273,274
273,296
274,275
274,579
773,750
773,774
773,796
254,256
254,1252
254,1577
256,279
256,1489
1252,1253
1252,1275
1577,1576
1491,344
279,278
279,302
1489,1487
1489,1490
1318,604
1318,1297
281,283
281,366
259,609
259,326
259,654
609,304
609,479
609,982
326,325
326,327
326,370
654,983
654,1070
457,283
457,808
677,589
677,653
677,854
368,1427
368,544
781,780
781,782
781,1494
437,415
437,526
348,325
348,349
348,371
305,306
305,328
305,849
264,285
264,287
264,482
285,284
285,1087
285,415
287,286
287,288
287,310
482,459
482,483
482,505
288,289
288,311
267,290
289,290
289,312
290,291
290,313
291,292
291,314
292,293
292,315
293,294
293,316
294,317
968,969
968,991
296,297
275,276
579,556
579,602
579,819
276,277
276,1427
276,1143
277,278
277,1078
1427,539
1143,537
1143,1144
1143,1145
278,1537
1078,361
1078,427
1078,469
1537,692
1537,1536
302,304
302,325
283,479
283,873
366,1557
366,1209
282,610
610,503
610,1005
610,1004
479,1027
479,633
873,916
284,981
284,1026
981,306
981,526
1026,393
1026,1025
1026,1158
415,633
286,307
307,306
307,393
310,309
310,311
310,333
311,312
311,334
312,313
312,335
313,314
313,336
314,315
314,337
315,316
315,338
316,317
317,383
512,489
512,511
512,753
297,1034
1034,362
1034,426
1034,449
1122,426
1122,516
1122,1102
299,1403
1403,1401
1515,432
304,716
304,674
716,520
716,564
716,1409
306,329
328,327
328,329
849,698
329,308
329,330
393,416
393,852
308,309
308,331
308,1306
309,332
309,1416
331,330
331,332
331,354
1306,1305
1306,1307
1306,1329
332,333
332,355
1416,1393
1416,1417
333,334
333,356
334,335
334,357
335,336
335,358
336,337
336,359
337,338
337,360
338,361
383,382
383,384
383,1080
318,600
318,1209
318,1079
318,1146
600,513
600,643
600,820
1209,427
1209,473
1079,1080
1079,1081
1079,1099
1146,428
1146,473
1146,712
1101,645
1101,1102
1101,1103
1102,1104
1254,430
1254,626
1254,649
321,1558
321,1188
321,1512
1558,343
1188,405
1188,1168
1512,1531
1494,649
1494,759
1406,541
327,350
327,458
370,543
370,544
350,349
350,351
350,373
458,787
458,524
330,351
330,353
351,1197
351,1241
353,352
353,354
353,376
354,355
354,377
355,356
355,378
356,357
356,379
357,358
357,380
358,359
358,381
359,360
359,578
360,491
360,710
361,381
361,881
341,470
341,494
341,517
470,558
470,1232
470,712
494,450
494,1081
517,561
517,646
343,1231
1231,472
1231,583
346,718
432,1361
349,372
349,830
371,394
371,895
372,373
372,1003
830,829
830,831
830,1204
373,352
373,374
1197,1153
1197,1220
1241,1218
1241,1242
1241,1264
352,375
352,1000
375,376
375,398
375,1089
1000,977
1000,999
1000,1001
376,377
376,399
377,378
377,400
378,379
378,401
379,380
379,402
380,381
380,403
381,404
578,555
578,776
578,1038
491,490
491,602
491,1103
710,733
710,755
710,1060
881,882
881,904
362,429
362,1166
429,1255
429,1363
1166,560
1166,1165
1166,1167
363,557
363,1210
363,1124
557,625
557,729
557,1234
1210,626
1210,667
1210,1187
1124,1123
1124,1125
1124,1126
495,452
495,1058
495,1123
1557,519
544,543
544,960
589,653
589,1048
565,1581
629,1430
543,414
394,417
394,893
394,436
895,635
895,894
895,896
1003,569
1003,613
1003,1002
374,397
374,484
397,398
397,420
484,485
484,505
484,507
398,399
398,421
1089,438
1089,851
1089,1112
399,400
399,422
400,401
400,423
401,402
401,424
402,403
402,425
403,404
403,708
404,687
382,1055
382,1167
1055,1035
1055,1054
1055,1056
1167,667
1167,1168
384,1144
384,407
1080,451
1080,756
1144,472
407,492
407,539
386,1233
386,538
1296,406
1296,428
1233,430
1233,559
1233,667
538,734
1536,519
697,983
391,938
938,937
938,939
938,961
1046,438
1046,570
1046,722
416,438
416,439
852,875
852,1137
852,1091
417,418
417,937
417,1025
893,870
893,894
436,459
436,829
436,1068
396,419
396,1221
396,1350
419,418
419,420
419,442
1221,1220
1221,1222
1221,1244
1350,1349
1350,1373
420,421
420,443
421,422
421,444
422,423
422,445
423,424
423,446
424,425
424,447
425,601
708,685
708,707
708,709
687,598
687,624
687,820
405,450
405,971
405,1057
450,448
450,471
971,645
971,970
971,972
1057,1036
1057,1058
406,1077
406,1103
406,493
1077,1096
1077,1097
1103,559
493,514
493,646
493,537
492,969
492,1082
492,623
539,558
1274,1275
476,564
413,520
520,715
414,633
414,851
633,1157
851,874
438,548
439,418
439,440
418,441
937,524
937,914
1025,1002
1025,1068
441,442
441,464
442,443
442,465
443,444
443,466
444,445
444,467
445,446
445,468
446,447
446,683
447,711
447,994
601,1014
601,1039
601,1061
426,1211
426,1123
1211,1187
1211,1212
1211,1213
1123,1104
427,1298
1298,1278
1298,1279
1298,1297
428,583
428,536
583,604
583,758
536,668
536,1190
536,1148
1255,471
1255,560
1255,1236
1363,582
1363,648
1363,1322
430,1581
1581,1540
653,983
459,635
459,806
829,766
1068,1069
526,461
526,549
548,525
548,571
548,701
440,463
440,1112
440,1375
463,462
463,464
463,486
1112,1135
1112,1088
1375,1352
1375,1374
1375,1376
464,465
464,487
465,466
465,488
466,467
466,489
467,468
467,490
468,469
468,794
683,660
683,706
711,733
711,757
711,1126
994,993
994,995
994,1017
448,643
448,665
448,732
643,576
643,731
665,469
665,642
665,798
732,709
732,778
732,1280
449,1100
449,516
449,1276
1100,473
1100,1098
1100,1099
516,645
1276,537
1276,604
1276,1256
471,1321
471,1253
451,452
451,515
452,1472
515,1081
515,1212
515,1190
1472,606
808,917
808,940
787,547
787,788
787,1224
524,723
524,1223
635,658
635,1133
806,785
806,807
806,913
460,523
460,1069
460,983
460,504
523,721
523,590
1069,962
1069,1047
504,810
504,1177
504,1027
461,1005
461,1179
461,634
1005,1006
1179,611
1179,1156
1179,1178
634,832
634,810
634,678
462,483
462,485
462,1242
485,486
485,508
1242,549
1242,1265
486,487
486,509
487,488
487,510
488,489
488,511
489,490
490,772
469,1081
794,771
794,795
794,817
558,513
558,688
1232,647
1232,1234
712,714
712,1171
1321,691
1321,735
1321,1300
1253,1341
473,1145
1145,603
1145,1125
692,1191
1407,691
1407,1409
475,1448
1448,562
564,566
1027,742
1027,1006
480,591
480,850
480,897
480,786
591,592
591,807
591,1070
850,525
850,566
850,655
897,874
897,877
897,943
786,547
786,939
786,1071
481,744
481,1134
481,1177
481,940
744,809
744,1267
744,1049
1134,568
1134,743
1134,1115
1177,1176
1177,1178
940,566
940,920
505,702
505,1245
507,506
507,508
507,530
508,509
508,531
509,510
509,532
510,511
510,533
511,534
772,749
772,771
772,795
602,625
602,1147
969,970
969,992
1082,513
1082,757
1082,1105
623,622
623,624
623,1015
514,647
514,1189
514,1059
646,1322
646,1319
537,581
1058,581
1058,1059
961,984
961,941
502,1114
502,982
502,764
502,1090
1114,698
1114,1090
1114,1113
764,678
764,698
764,700
1090,1088
1090,1113
503,525
503,872
503,959
872,1049
959,612
959,960
810,699
810,917
702,679
702,725
702,857
1245,1222
1245,1244
1245,1246
506,527
506,529
506,1333
527,528
527,1243
527,1418
529,528
529,530
529,552
1333,1310
1333,1506
1333,1334
530,531
530,553
531,532
531,554
532,555
532,1549
533,556
533,620
534,599
534,903
753,730
753,776
753,1017
513,948
948,925
948,947
948,949
647,802
647,1189
1189,1169
1189,1187
1059,580
1059,626
1212,580
1190,731
1190,1169
645,1277
561,1364
603,1320
715,1365
715,1279
588,916
588,630
721,566
721,1071
590,1028
590,1049
723,699
723,746
723,960
1223,612
1223,1222
1223,1224
549,550
528,551
528,1246
1243,1220
1243,1244
1243,1266
1418,1417
1418,1419
1418,1394
551,550
551,552
551,574
1246,876
1246,1135
552,553
552,575
553,554
553,576
554,555
554,577
555,556
1549,620
1549,1526
1549,1548
556,973
620,619
620,621
599,576
599,622
599,644
903,904
903,926
797,774
797,796
797,820
995,972
995,1018
668,713
668,1014
1148,1127
1148,1149
1148,1150
581,691
581,1235
734,648
734,649
734,1127
1341,562
1496,846
1496,1519
541,1364
541,1320
1364,1343
1320,1299
1320,1300
960,678
874,546
546,656
546,831
656,679
656,789
831,832
831,1335
547,700
547,914
700,1202
700,1094
914,891
914,913
571,550
571,572
571,1417
701,724
701,856
701,1156
550,573
573,572
573,574
573,596
574,575
574,597
575,576
577,622
577,642
577,775
973,950
973,972
973,996
625,580
625,624
729,706
729,728
729,752
1234,691
1234,1213
688,1126
688,1147
688,1170
559,580
559,1279
1279,1278
560,736
736,713
736,1345
736,1367
562,735
735,1084
735,758
567,1136
567,1004
567,1092
567,1048
1136,698
1136,832
1136,853
1004,614
1004,807
1092,743
1092,917
1048,1029
1048,1047
568,613
568,918
568,1202
613,614
613,833
918,611
918,785
918,811
1202,612
1202,765
569,570
569,592
569,894
570,1200
570,1332
592,593
592,615
894,655
1200,657
1200,680
1332,1309
1332,1331
572,593
572,595
1417,596
593,594
593,833
595,594
595,618
595,835
596,597
596,619
597,598
622,621
642,619
642,641
775,752
775,754
775,798
776,777
776,799
1038,644
1038,1015
1038,1061
819,796
819,818
819,842
1235,1215
1235,1236
1235,1237
582,1275
582,1344
582,1431
1275,1277
1344,670
1344,689
1344,1367
1431,1194
1431,1430
1431,1454
758,1236
758,1389
630,804
916,939
1028,1006
1028,1029
1028,1030
1049,743
807,742
1070,1047
1070,1050
615,594
615,616
594,617
833,834
833,1423
617,616
617,618
617,640
618,619
618,641
835,640
835,814
835,834
598,621
598,793
621,730
793,770
793,792
793,816
644,709
644,1170
820,843
1014,991
1014,1037
1039,714
1039,1016
1039,1062
1061,1084
1147,669
1147,1125
611,699
611,1201
699,1091
1201,1180
1201,1203
1201,1224
612,1268
1268,1249
1268,1267
614,637
614,1135
637,616
637,638
1135,636
616,639
639,638
639,662
639,1398
640,641
640,663
641,664
730,707
730,731
624,1191
1015,798
1015,992
1191,690
1191,1192
626,1301
1301,800
1301,1194
1301,1302
757,1171
1540,1497
1540,1562
804,803
760,782
1157,1155
1157,1159
1157,1180
832,834
678,743
658,659
658,681
658,746
1133,1156
1133,1113
636,659
636,1289
636,1091
659,638
659,660
1289,1266
1289,1288
1289,1312
1091,854
638,661
661,660
661,662
661,684
662,663
662,685
1398,899
1398,1378
663,664
663,1528
664,685
664,752
731,754
1170,714
1170,1345
1277,690
1277,1256
1322,1342
1322,1343
1319,1297
1319,1299
802,779
655,766
655,853
766,767
766,1072
853,854
853,898
679,680
679,1158
789,788
789,790
657,1178
657,1376
657,1377
1178,765
1376,1353
1376,1378
1377,682
1377,1354
681,660
681,680
681,682
746,769
684,685
684,707
1528,1483
1528,1527
1528,1529
752,751
798,821
666,774
666,974
666,1016
666,1017
774,751
974,951
974,975
974,997
1016,689
1016,993
667,1257
1257,669
1257,756
1257,1151
713,1106
669,845
669,1104
845,822
845,844
845,846
1104,1105
670,1256
670,1450
1256,1258
890,867
890,889
890,891
854,855
1158,742
1158,745
682,705
682,1462
705,704
705,706
705,728
1462,813
1462,1461
1462,1551
706,707
1126,690
689,800
689,1192
800,1237
1192,777
1192,1172
690,1323
1323,801
1323,1324
1323,1303
1094,1093
1094,1095
1094,1096
724,725
724,1355
856,855
856,857
856,878
1156,1155
725,704
725,726
857,834
704,727
727,726
727,728
727,750
728,751
733,756
755,1019
755,1171
755,1105
1060,799
1060,1037
1060,1083
714,1562
1171,1172
1106,1083
1106,1086
1562,761
1365,780
1365,1343
785,722
1071,1072
1071,1073
722,1051
1051,1029
1051,1032
1051,1050
1355,745
1355,1354
726,749
749,748
749,750
750,751
754,1018
754,1083
778,779
778,1432
1280,1281
1280,1278
756,779
1127,1125
1127,1149
1345,777
1345,1368
1367,1368
1367,1390
1342,1343
1342,1362
742,765
765,809
809,1047
809,1269
1267,1266
1267,1269
745,768
745,1244
768,767
768,769
768,791
769,748
769,770
748,771
748,924
771,770
924,925
924,947
1018,1019
1018,1041
1019,996
1019,1020
1105,1128
779,780
1236,1238
1389,1388
1389,1390
1389,1412
759,803
803,1432
767,790
767,1311
1072,1073
1072,1074
790,791
790,813
1311,1288
1311,1310
1311,1334
791,770
791,792
795,796
795,818
777,1388
799,822
1388,1411
1432,1433
1432,1455
939,962
788,1247
788,1161
1224,1225
1247,812
1247,1227
1161,1160
1161,1163
813,792
813,1485
792,815
815,814
815,816
815,838
816,817
816,839
817,818
817,840
818,841
821,822
821,844
821,1411
1237,801
913,912
917,1093
1269,1249
1269,1250
811,1139
811,812
1139,1312
1139,1138
812,919
812,1397
919,896
919,920
919,921
1397,1374
1397,1420
1485,966
1485,1484
1485,1465
814,837
814,1551
837,838
837,860
1551,1529
1551,1530
838,839
838,861
839,840
839,862
840,841
840,863
841,842
841,864
842,843
842,865
843,844
843,866
844,867
1411,1412
1411,1434
1454,1455
1454,1477
1204,1203
1204,1205
1335,1312
1335,1358
1335,1336
1423,898
1423,1421
859,860
859,882
860,861
860,883
861,862
861,884
862,863
862,885
863,864
863,886
864,865
864,887
865,866
865,888
866,867
866,889
875,876
875,1137
1137,1116
1137,1117
898,1181
898,1159
855,878
855,1334
878,877
1334,899
882,883
882,905
883,884
883,906
884,885
884,907
885,886
885,908
886,887
886,909
887,888
887,910
888,889
888,911
889,912
876,877
904,905
904,927
905,906
905,928
906,907
906,929
907,908
907,930
908,909
908,931
909,910
909,932
910,911
910,933
911,912
911,934
912,935
891,1497
1497,1433
896,985
896,942
985,962
985,986
985,965
942,941
942,943
943,966
943,941
1181,1180
1181,1182
1159,1138
1159,1160
899,1096
1096,1095
925,926
1441,1440
1441,1464
922,921
922,920
926,927
926,949
927,928
927,950
928,929
928,951
929,930
929,952
930,931
930,953
931,932
931,954
932,933
932,955
933,934
933,956
934,935
934,957
1093,1074
1093,1095
920,921
921,941
947,970
949,950
949,972
950,951
951,952
952,953
952,975
953,954
953,976
954,955
954,977
955,956
955,978
956,957
956,979
962,963
970,993
975,976
975,998
976,977
976,999
977,978
978,979
978,1001
979,1002
984,964
984,986
991,992
992,993
996,997
996,1062
997,998
997,1020
998,999
999,1022
1001,1002
986,1009
1009,1010
1009,988
1009,1008
1020,1043
1030,1010
1010,1008
1037,1035
1037,1036
1032,1052
1062,1258
1065,1240
1258,1238
1240,1217
1240,1263
1240,1346
1198,1261
1128,1129
1128,1151
1128,1086
1129,1152
1129,1239
1129,1109
1151,1109
1152,1304
1239,1216
1239,1262
1239,1238
1153,1176
1153,1155
1312,1290
1304,1281
1304,1305
1304,1302
1176,1309
1172,1150
1309,1308
1309,1310
1193,1216
1193,1194
1193,1195
1216,1217
1216,1214
1194,1217
1217,1218
1195,1218
1195,1214
1195,1215
1328,1305
1328,1327
1328,1329
1225,1203
1225,1205
1262,1263
1262,1285
1262,1261
1263,1264
1263,1286
1346,1326
1346,1327
1346,1347
1264,1265
1264,1287
1265,1266
1265,1288
1285,1284
1285,1286
1285,1308
1286,1287
1286,1505
1287,1288
1287,1310
1281,1282
1281,1519
1282,1305
1282,1261
1284,1307
1284,1261
1307,1308
1307,1330
1308,1331
1505,1482
1505,1504
1505,1506
1302,1303
1302,1300
1303,1326
1303,1324
1326,1325
1326,1327
1329,1330
1329,1352
1330,1331
1330,1353
1331,1354
1324,1325
1324,1347
1325,1348
1325,1327
1347,1370
1347,1348
1348,1349
1348,1371
1352,1353
1353,1354
1506,1507
1506,1486
1358,1381
1368,1391
1370,1371
1370,1393
1349,1371
1349,1372
1373,1372
1373,1374
1373,1396
1381,1380
1390,1391
1390,1413
1391,1392
1391,1414
1392,1393
1392,1394
1371,1372
1393,1394
1372,1395
1395,1394
1395,1396
1395,1440
1396,1419
1412,1413
1412,1435
1413,1414
1413,1436
1414,1437
1419,1420
1420,1421
1434,1433
1434,1435
1434,1457
1435,1436
1435,1458
1436,1437
1436,1459
1437,1438
1437,1460
1438,1461
1433,1456
1455,1456
1455,1478
1456,1457
1456,1479
1457,1458
1457,1480
1458,1459
1458,1481
1459,1460
1459,1482
1460,1461
1460,1483
1461,1484
1477,1478
1477,1500
1478,1479
1478,1501
1479,1480
1479,1502
1480,1481
1480,1503
1481,1482
1481,1504
1482,1483
1483,1484
1499,1500
1499,1522
1500,1501
1500,1523
1501,1502
1501,1524
1502,1503
1502,1525
1503,1504
1503,1526
1504,1527
1521,1522
1521,1544
1522,1523
1522,1545
1523,1524
1523,1546
1524,1525
1524,1547
1525,1526
1525,1548
1526,1527
1507,1486
1543,1544
1544,1545
1545,1546
1546,1547
1547,1548
963,964
963,965
964,965
988,1008
1006,1008
1029,1050
1035,1036
1035,1056
1036,1056
1050,1052
1052,1054
1054,1056
1073,1074
1086,1088
1086,1109
1088,1109
1095,1097
1097,1098
1097,1099
1098,1099
1113,1115
1115,1116
1115,1117
1116,1117
1121,1140
1138,1140
1138,1160
1149,1150
1149,1168
1150,1169
1163,1165
1168,1169
1180,1182
1203,1205
1213,1214
1213,1215
1214,1215
1249,1250
1278,1299
1290,1291
1291,1293
1293,1314
1299,1300
1378,1380
1401,1421
1424,1444
1444,1464
1464,1465
1464,1466
1465,1466
1465,1467
1466,1467
1466,1468
1467,1468
1468,1487
1486,1487
1529,1530
1529,1531
1530,1531
1530,1532
1531,1532
1532,1533
1533,1553
1552,1553
1552,1572
1552,1574
1572,1574
1574,1576
