0,892
0,1365
0,216
0,630
892,132
892,891
892,893
1365,472
1365,647
1365,735
216,193
216,217
216,826
630,588
630,737
630,1493
1,24
1,131
1,823
1,1040
24,47
24,1063
24,1324
131,110
131,262
131,1023
823,87
823,822
823,1280
1040,996
1040,1017
1040,1041
2,3
2,25
2,1064
2,1563
3,4
3,26
3,1564
25,48
25,1174
25,1563
1064,1041
1064,1065
1064,1087
1563,1152
1563,1564
4,5
4,27
4,1565
26,49
26,1173
26,1219
1564,45
1564,1565
5,28
5,1351
5,1566
27,28
27,50
27,1196
1565,1542
1565,1566
28,29
28,51
1351,1350
1351,1352
1351,1374
1566,1543
1566,1567
6,7
6,29
6,1439
6,1567
7,8
7,30
7,1568
29,30
29,52
1439,549
1439,1438
1439,1440
1567,1544
1567,1568
8,9
8,31
8,1569
30,31
30,53
1568,1545
1568,1569
9,10
9,32
9,1570
31,54
31,703
1569,1546
1569,1570
10,11
10,1550
10,1571
32,55
32,165
32,879
1570,575
1570,1547
11,747
11,923
11,989
1550,1332
1550,1527
1550,1573
1571,1396
1571,1507
1571,1548
747,724
747,726
747,746
923,143
923,230
923,900
989,167
989,900
989,987
12,836
12,901
12,1442
12,1573
836,837
836,857
836,859
901,812
901,880
901,925
1442,33
1442,637
1442,1419
1573,99
1573,1397
13,1465
13,1184
13,1073
13,1313
1465,988
1465,1441
1465,1444
1184,103
1184,1163
1184,1165
1073,744
1073,944
1073,1074
1313,1312
1313,1314
1313,1315
14,80
14,1443
14,1446
14,1054
80,1357
80,82
80,1382
1443,35
1443,1420
1443,1441
1446,102
1446,1444
1446,1445
1054,1034
1054,1052
1054,1053
15,1251
15,1357
15,1491
15,1535
1251,57
1251,147
1251,212
1357,123
1357,855
1491,58
1491,1471
1491,1472
1535,148
1535,431
1535,542
16,1340
16,1098
16,1272
16,1580
1340,17
1340,541
1340,1341
1098,190
1098,318
1098,965
1272,17
1272,343
1272,1253
1580,82
1580,367
1580,672
17,388
17,63
388,299
388,497
388,1469
63,651
63,653
63,171
18,238
18,564
18,411
18,1362
238,412
238,303
238,807
564,62
564,129
564,519
411,105
411,738
411,1448
1362,106
1362,323
1362,451
19,42
19,324
19,346
19,413
42,783
42,1386
42,609
324,674
324,1404
324,650
346,85
346,695
346,1579
413,720
413,500
413,522
20,239
20,736
20,301
20,237
239,478
239,608
239,502
736,563
736,626
736,1299
301,300
301,478
301,1513
237,169
237,214
237,718
21,1562
21,521
21,1364
21,1474
1562,605
1562,716
1562,782
521,64
521,367
521,478
1364,366
1364,715
1364,757
1474,692
1474,735
1474,758
22,783
22,848
22,1023
22,1498
783,391
783,804
848,263
848,847
848,849
1023,1022
1023,1024
1498,1475
1498,1499
1498,1521
23,46
23,1107
23,1260
23,43
46,45
46,47
46,69
1107,1084
1107,1106
1107,1259
1260,1237
1260,1283
1260,1238
43,627
43,542
43,737
47,48
47,70
1063,1061
1063,1021
1063,1082
1324,1323
1324,1325
1324,1347
48,49
48,71
1174,307
1174,1151
1174,1197
49,50
49,72
1173,1172
1173,1196
1173,1171
1219,1218
1219,1220
1219,1239
50,51
50,73
1196,156
1196,1328
51,52
51,74
52,53
52,75
53,54
53,76
54,55
54,77
703,680
703,683
703,704
55,56
55,251
165,142
165,187
165,188
879,684
879,858
879,878
33,858
33,1033
33,1463
858,317
858,859
1033,145
1033,296
1033,1031
1463,441
1463,1440
1463,1484
34,946
34,1356
34,1424
34,988
946,382
946,947
946,967
1356,876
1356,898
1356,1355
1424,1423
1424,1425
1424,1426
988,1379
988,1183
35,102
35,1400
35,1249
102,79
102,1383
1400,79
1400,964
1400,1377
1249,59
1249,922
1249,1248
36,1575
36,1032
36,125
36,169
1575,58
1575,1556
1575,1574
1032,1030
1032,1031
1032,1051
125,106
125,255
125,1469
169,1579
169,1316
37,1381
37,1314
37,1140
37,1228
1381,103
1381,212
1381,1358
1314,166
1314,899
1140,1121
1140,1138
1140,1139
1228,234
1228,1209
1228,1226
38,1274
38,367
38,1318
38,1164
1274,496
1274,1253
1274,1294
367,518
1318,235
1318,471
1318,1296
1164,362
1164,1163
1164,1165
39,543
39,1449
39,83
39,1316
543,498
543,676
543,739
1449,61
1449,192
1449,194
83,607
83,518
83,149
1316,105
1316,365
40,650
40,1579
40,476
40,173
650,283
650,390
1579,1577
476,84
476,1472
476,606
173,85
173,499
173,719
41,279
41,693
41,303
41,475
279,256
279,278
279,302
693,85
693,454
693,1495
303,454
303,698
475,474
475,1473
475,1450
1386,602
1386,1366
1386,1385
609,217
609,544
609,652
627,65
627,453
627,1299
542,260
542,804
737,629
737,1583
44,825
44,1433
44,649
44,195
825,87
825,802
825,826
1433,1432
1433,1434
1433,1456
649,194
649,1410
649,1342
195,1583
195,759
195,345
45,68
45,1475
68,67
68,69
68,91
1475,778
1475,800
69,70
69,92
70,71
70,93
71,72
71,94
72,73
72,95
73,74
73,96
74,75
74,97
75,76
75,98
76,77
76,99
77,100
77,1509
56,57
56,79
56,1076
251,250
251,252
251,274
57,1208
57,1508
79,1226
1076,211
1076,275
1076,1074
1208,166
1208,167
1208,275
1508,615
1508,964
1508,1507
58,81
58,1467
81,82
81,365
81,1183
1467,1468
1467,1486
1467,1487
59,298
59,1447
59,1074
298,188
298,431
298,1189
1447,60
1447,62
1447,320
1074,1075
60,1206
60,1360
60,1557
1206,212
1206,1205
1206,1207
1360,168
1360,1359
1360,1380
1557,256
1557,366
1557,1555
61,1513
61,1559
61,1273
1513,1511
1513,1512
1559,193
1559,342
1559,565
1273,235
1273,321
1273,340
62,1517
62,1560
1517,366
1517,1497
1517,1537
1560,109
1560,477
1560,519
651,261
651,565
651,608
653,84
653,501
653,607
171,456
171,519
171,1515
64,631
64,1407
64,652
631,196
631,215
631,674
1407,454
1407,473
1407,540
652,415
652,479
65,803
65,675
65,477
803,804
803,1410
803,1432
675,175
675,566
675,607
477,148
477,455
66,67
66,89
66,738
66,824
67,90
67,1108
89,88
89,90
89,112
738,304
738,585
824,846
824,1454
824,1538
90,91
90,113
1108,157
1108,1085
1108,1131
91,92
91,114
92,93
92,115
93,94
93,116
94,95
94,117
95,96
95,118
96,97
96,119
97,98
97,120
98,99
98,121
99,100
100,123
100,1207
1509,898
1509,919
1509,920
78,945
78,1075
78,944
78,1205
945,253
945,1012
945,1489
1075,963
1075,1077
944,899
944,1010
1205,146
1205,1207
1226,1225
1226,1227
82,299
1382,366
1382,1359
1382,1380
365,408
365,583
1183,124
1183,876
299,127
299,1558
607,105
518,215
518,499
149,257
149,1427
149,1536
84,326
84,1493
326,325
326,327
326,433
1493,387
1493,455
85,457
457,130
457,655
457,522
86,128
86,673
86,695
86,1430
128,192
128,130
128,369
673,414
673,522
673,1515
695,260
695,1496
1430,584
1430,1431
1430,1406
87,868
87,1541
868,867
868,869
868,1042
1541,88
1541,713
1541,847
88,109
88,805
109,218
109,694
805,371
805,544
805,586
112,111
112,113
112,135
113,114
113,136
114,115
114,137
115,116
115,138
116,117
116,139
117,118
117,140
118,119
118,141
119,120
119,142
120,121
120,143
121,122
121,145
123,122
123,146
1207,965
101,902
101,1012
101,1466
101,1577
902,231
902,903
902,922
1012,404
1012,1011
1466,875
1466,1445
1466,1464
1577,1576
1577,1578
1383,363
1383,429
1383,1385
103,1534
103,1489
1534,189
1534,410
1534,1532
1489,1487
1489,1490
104,170
104,1361
104,1230
104,1186
170,147
170,151
170,1514
1361,364
1361,474
1361,541
1230,1209
1230,1231
1230,1232
1186,166
1186,1185
1186,1188
105,234
234,211
234,432
106,474
106,761
474,498
761,391
761,715
761,1538
107,1540
107,1538
107,587
107,1429
1540,671
1540,672
1540,717
1538,781
587,236
587,633
587,1561
1429,344
1429,430
1429,563
108,1452
108,304
108,782
108,414
1452,129
1452,604
1452,1451
304,302
304,608
782,545
782,827
414,1069
414,588
218,217
218,219
218,869
694,281
694,369
694,1453
110,111
110,133
110,1131
111,134
111,1283
133,132
133,134
133,156
1131,267
1131,1154
134,135
134,157
1283,1282
1283,1284
135,136
135,158
136,137
136,159
137,138
137,160
138,139
138,161
139,140
139,162
140,141
140,163
141,142
141,164
142,143
143,990
122,164
122,166
145,146
145,1358
164,163
164,187
146,147
124,1536
124,1338
124,1096
1536,409
1536,606
1338,144
1338,1336
1338,1337
1096,1077
1096,1094
1096,1095
255,431
255,1512
255,386
1469,257
1469,323
126,1403
126,1450
126,1297
126,1556
1403,1401
1403,1405
1403,1423
1450,300
1450,499
1297,321
1297,1277
1297,1296
1556,1555
1556,1558
127,606
127,1404
127,236
606,1582
1404,213
1404,1385
236,129
236,456
192,1558
192,540
130,152
130,717
369,764
369,610
129,282
282,785
282,763
282,347
152,151
152,153
152,412
717,565
717,762
262,263
262,437
262,827
132,153
132,1045
153,393
153,715
1045,176
1045,1022
1045,1044
156,179
156,1067
157,180
157,1259
158,159
158,181
158,1130
159,160
159,182
160,161
160,183
161,162
161,184
162,163
162,185
163,186
990,991
990,1011
990,1013
144,987
144,1119
144,1057
987,986
987,1116
1119,1097
1119,1117
1119,1118
1057,470
1057,1036
1057,1055
1358,148
1358,1335
147,193
193,343
148,1470
1470,212
1470,277
1470,519
257,410
257,259
1427,150
1427,276
1427,368
150,151
150,1558
150,1583
151,566
1583,196
566,544
566,852
412,172
412,697
393,416
393,678
393,1026
715,1366
154,155
154,177
154,1154
154,1175
155,178
155,1415
155,1347
177,176
177,178
177,200
1154,483
1154,1155
1175,1152
1175,1176
1175,1198
178,179
178,201
1415,1414
1415,1416
1415,1438
1347,1370
1347,1327
179,180
179,202
1067,328
1067,1066
1067,1198
180,181
180,203
1259,801
1259,1258
181,182
181,204
1130,1085
1130,1153
1130,1150
182,183
182,205
183,184
183,206
184,185
184,207
185,186
185,208
186,187
186,686
187,210
188,211
188,233
167,209
167,1402
209,208
209,210
209,1185
1402,189
1402,965
1402,1401
168,323
168,1295
168,1448
323,1295
1295,191
1295,1384
1448,1468
1448,1471
1514,563
1514,1516
1514,1533
456,280
456,629
1515,258
1515,300
172,1473
172,520
172,763
1473,280
1473,757
520,389
520,500
520,1494
763,460
763,481
499,760
719,389
719,739
719,785
174,175
174,197
174,240
174,849
175,828
175,1520
197,176
197,1066
197,759
240,196
240,241
240,826
849,305
849,826
828,765
828,829
828,851
1520,1519
1520,1521
1520,1543
176,958
958,935
958,957
958,959
200,199
200,201
200,223
201,202
201,224
202,203
202,225
203,204
203,226
204,205
204,227
205,206
205,228
206,207
206,229
207,208
207,967
208,339
686,533
686,597
686,709
210,233
210,1317
211,1576
233,232
233,1120
189,276
189,1056
276,275
276,277
1056,1036
1056,1055
1056,1058
190,343
190,408
190,1384
343,1294
408,603
408,430
1384,584
1384,628
191,214
191,1555
191,1185
214,213
214,434
1555,1554
1185,300
540,322
540,387
194,589
194,370
589,370
589,436
589,1092
370,739
370,698
759,735
759,1518
345,215
345,455
345,390
196,433
433,259
433,283
1066,1043
1066,1065
198,199
198,219
198,980
198,1111
199,1110
199,1284
219,261
219,915
980,957
980,979
980,981
1111,220
1111,483
1111,936
1110,1087
1110,1133
1110,1088
1284,1285
1284,1307
223,222
223,224
223,246
224,225
224,247
225,226
225,248
226,227
226,249
227,228
227,250
228,229
228,880
229,230
229,252
967,966
967,968
339,316
339,338
339,340
1317,297
1317,340
1317,428
1576,1574
1576,1578
213,235
213,1339
235,432
1339,363
1339,1319
1339,1337
434,325
434,784
434,677
215,280
280,696
217,545
545,588
545,740
869,284
869,870
261,368
261,781
915,285
915,656
915,916
220,221
220,241
220,243
221,222
221,265
221,1044
241,871
241,1132
243,242
243,244
243,266
222,244
222,245
265,264
265,266
265,288
1044,1043
1044,1087
244,245
244,1199
245,246
245,268
246,247
246,269
247,248
247,270
248,249
248,271
249,250
249,272
250,273
880,881
880,924
230,231
230,535
252,253
252,773
231,232
231,295
535,797
535,995
535,1060
232,1013
232,1229
295,294
295,296
295,512
1013,297
1013,425
1229,297
1229,342
1229,430
1120,966
1120,1100
1120,1118
432,453
432,1537
718,827
718,784
718,1581
807,416
807,568
807,676
478,721
608,586
502,1134
502,698
502,1071
871,546
871,870
871,872
1132,307
1132,397
1132,504
242,263
242,395
242,936
263,305
395,372
395,374
395,396
936,913
936,935
266,267
266,289
1199,1198
1199,1200
1199,1222
268,267
268,269
268,291
269,270
269,292
270,271
270,293
271,272
271,294
272,273
272,968
273,274
273,296
274,275
274,579
253,254
253,1250
773,750
773,774
773,796
254,256
254,1252
254,1405
1250,1269
1250,1270
1250,1271
256,258
1252,340
1252,342
1252,1275
1405,1385
1405,1406
431,1495
1512,1510
1512,1511
386,385
386,387
386,1363
258,281
258,696
410,561
410,496
259,628
259,498
281,283
281,674
696,390
696,741
628,1453
628,1451
498,1516
260,563
260,389
389,588
368,762
368,562
781,780
781,1410
437,415
437,526
437,699
827,610
305,306
305,328
264,285
264,287
264,482
285,284
285,1087
287,286
287,288
287,310
482,459
482,483
482,505
288,289
288,311
267,290
289,290
289,312
290,291
290,313
291,292
291,314
292,293
292,315
293,294
293,316
294,317
968,969
968,991
296,297
579,556
579,602
579,819
277,278
277,1275
278,473
278,1494
1275,582
1275,648
473,1143
473,1253
1494,561
1494,691
302,325
302,387
283,394
674,1582
785,872
785,1028
347,391
347,611
347,500
394,371
394,417
394,893
284,981
284,1026
981,306
981,526
1026,1025
1026,1158
286,307
286,1198
286,1242
307,306
1242,462
1242,549
1242,1241
310,309
310,311
310,333
311,312
311,334
312,313
312,335
313,314
313,336
314,315
314,337
315,316
315,338
316,317
317,688
512,489
512,511
512,753
1189,320
1189,470
1189,669
325,348
454,1516
698,458
306,329
328,329
328,460
329,308
329,330
308,309
308,331
308,1306
309,332
309,1416
331,330
331,332
331,354
1306,1305
1306,1307
1306,1329
332,333
332,355
1416,1393
1416,1417
333,334
333,356
334,335
334,357
335,336
335,358
336,337
336,359
337,338
337,360
338,361
688,449
688,538
688,645
318,1101
318,319
318,1035
1101,536
1101,1081
1101,1099
319,538
319,1036
319,1167
1035,406
1035,427
1035,492
538,341
538,711
1036,1034
1167,469
1167,496
1167,1148
320,1425
320,1578
1425,1423
1425,1426
321,428
321,1492
428,539
428,494
1492,495
1492,1472
1492,1490
322,344
322,1231
322,561
344,586
344,1363
1231,495
1231,1209
561,629
348,349
348,371
348,720
327,350
327,436
327,829
350,349
350,351
350,373
436,459
436,524
829,766
829,875
460,1265
460,612
330,351
330,353
351,1197
351,1244
353,352
353,354
353,376
354,355
354,377
355,356
355,378
356,357
356,379
357,358
357,380
358,359
358,381
359,360
359,578
360,491
360,710
361,381
361,881
361,1014
341,450
341,1341
341,1209
450,712
450,646
450,1232
1341,583
1341,647
342,539
539,714
539,1256
1294,1292
1294,1293
586,497
1363,516
1363,1343
455,1561
390,1561
391,786
611,916
611,700
611,1137
500,585
349,372
349,830
371,895
720,504
720,700
372,373
372,1003
830,831
830,1137
830,1223
373,352
373,374
1197,1153
1197,1220
1244,745
1244,1221
1244,1243
352,375
352,1000
375,376
375,398
375,1089
1000,977
1000,999
1000,1001
376,377
376,399
377,378
377,400
378,379
378,401
379,380
379,402
380,381
380,403
381,404
578,555
578,776
578,1038
491,490
491,602
491,667
710,733
710,755
710,1060
881,882
881,904
1014,601
1014,668
1014,991
362,429
362,382
362,514
429,1428
429,583
382,383
382,994
514,383
514,1212
514,1166
363,1099
363,1210
1099,1097
1099,1100
1210,407
1210,409
1210,560
364,1426
364,1077
364,1296
1426,1406
1077,1078
1296,1315
583,1344
762,522
762,806
562,1518
562,1516
562,1298
764,435
764,740
764,1115
610,1092
610,940
739,629
895,635
895,894
895,896
1003,569
1003,613
1003,1002
374,397
374,484
397,398
397,420
484,485
484,505
484,507
398,399
398,421
1089,438
1089,526
1089,1112
399,400
399,422
400,401
400,423
401,402
401,424
402,403
402,425
403,404
403,708
404,687
383,384
383,1254
994,447
994,995
994,1017
384,385
384,1059
384,1123
1254,409
1254,580
1254,689
385,1187
385,1122
1059,581
1059,1039
1059,1058
1123,1122
1123,1124
1123,1125
1187,452
1187,494
1187,581
1122,1121
1122,1124
497,430
497,1342
1561,604
786,853
786,1050
786,960
392,415
392,1069
392,1068
392,741
415,678
1069,962
1069,1068
1068,438
1068,458
741,1114
741,1071
416,439
416,853
678,743
678,1290
417,418
417,937
417,1025
893,870
893,894
396,419
396,1221
396,1350
419,418
419,420
419,442
1221,1220
1221,1222
1350,1349
1350,1373
420,421
420,443
421,422
421,444
422,423
422,445
423,424
423,446
424,425
424,447
425,601
708,685
708,707
708,709
687,598
687,624
687,820
405,667
405,1011
405,1015
405,1147
667,1038
667,1170
1011,1010
1015,449
1015,798
1015,1034
1147,448
1147,515
1147,1127
406,472
406,427
406,426
472,558
472,559
427,582
427,1037
426,1103
426,537
426,1079
407,493
407,1102
407,1079
493,449
493,1081
493,1079
1102,1081
1102,1100
1102,1104
1079,992
603,1342
603,1256
603,1060
409,541
541,1321
496,1537
697,654
697,1047
697,982
439,418
439,440
439,636
853,721
853,1335
418,441
937,524
937,914
937,938
1025,435
1025,1002
441,442
441,464
442,443
442,465
443,444
443,466
444,445
444,467
445,446
445,468
446,447
446,683
447,711
601,1039
601,1061
1103,515
1103,580
1103,713
537,1192
537,1298
537,1277
582,1344
582,1278
1037,494
1037,515
1037,712
494,1146
1428,451
1428,453
1428,605
1495,584
1495,1496
453,495
1537,1539
784,567
784,632
677,1070
677,810
677,984
435,655
435,676
655,766
655,850
676,501
459,635
459,806
524,723
524,894
526,549
699,458
699,1137
699,1115
438,548
438,1158
548,525
548,571
548,701
1158,679
1158,745
440,463
440,1112
440,1375
636,614
636,659
636,1289
463,462
463,464
463,486
1112,614
1112,1135
1375,1352
1375,1374
1375,1376
464,465
464,487
465,466
465,488
466,467
466,489
467,468
467,490
468,469
468,794
683,660
683,706
711,778
711,1062
448,643
448,665
448,732
643,576
643,600
643,731
665,469
665,642
665,798
732,709
732,778
732,1280
449,470
470,1104
712,1322
712,1233
646,1234
646,1236
646,1126
1232,1233
1232,1234
451,536
451,690
536,1188
536,1144
690,558
690,668
690,1234
452,585
452,1253
452,1146
585,648
1146,731
1146,1145
495,1080
458,567
567,633
567,1157
635,503
635,658
806,850
806,913
1265,1264
1265,1266
1265,1288
612,959
612,1223
612,632
461,1133
461,1179
461,1223
461,1048
1133,1156
1133,1113
1179,985
1179,1156
1179,1178
1223,1222
1048,504
1048,634
1048,874
462,483
462,485
485,486
485,508
486,487
486,509
487,488
487,510
488,489
488,511
489,490
490,772
469,645
794,771
794,795
794,817
645,1105
645,1104
1104,604
471,515
471,560
471,1166
560,1539
560,777
1166,517
1166,1145
558,689
558,1144
559,557
559,1212
559,1126
1143,1141
1143,1142
1143,1144
1472,1471
721,1094
721,1159
479,1046
479,873
479,1027
1046,633
1046,654
1046,722
873,962
873,1049
873,1006
1027,742
1027,811
1027,1007
480,591
480,743
480,850
480,897
591,547
591,592
591,872
743,1334
743,1246
850,525
897,874
897,877
897,943
481,918
481,632
481,940
918,811
918,1072
918,941
632,1047
940,1204
940,1005
505,702
505,1245
507,506
507,508
507,530
508,509
508,531
509,510
509,532
510,511
510,533
511,534
772,749
772,771
772,795
602,625
492,969
492,1016
492,1211
969,555
969,970
1016,666
1016,993
1016,1039
1211,1190
1211,1212
1211,1213
1081,1082
1080,516
1080,1058
1080,1078
1342,757
760,584
760,1539
760,1518
501,565
501,982
982,1070
982,1091
1134,1005
1134,1135
1134,1136
1071,568
1071,787
503,525
503,872
503,959
525,1024
959,960
504,1180
1180,1160
1180,1181
1180,1182
702,679
702,725
702,857
1245,547
1245,899
1245,1222
506,527
506,529
506,1333
527,528
527,1243
527,1418
529,528
529,530
529,552
1333,1310
1333,1506
1333,1334
530,531
530,553
531,532
531,554
532,555
532,1549
533,556
533,620
534,557
534,599
534,903
753,730
753,776
753,1017
513,600
513,948
513,1082
513,1190
600,556
600,820
948,925
948,947
948,949
1082,1105
1190,993
1190,1191
1212,1213
516,1276
516,1169
1276,626
1276,669
1276,1255
1169,1150
1169,1168
1169,1171
517,1582
517,1124
517,1581
1582,672
1124,1125
1581,716
523,851
523,1004
523,1114
523,1049
851,544
851,874
1004,590
1004,1201
1004,1177
1114,854
1114,939
1049,1030
1049,1047
723,746
723,960
723,1201
894,569
1024,742
1024,1001
549,550
528,551
528,1246
1243,1220
1243,1266
1418,1417
1418,1419
1418,1394
551,550
551,552
551,574
1246,876
1246,1135
552,553
552,575
553,554
553,576
554,555
554,577
1549,620
1549,1526
1549,1548
556,973
620,619
620,621
557,625
557,729
599,576
599,622
599,644
903,904
903,926
797,774
797,796
797,820
995,972
995,1018
1060,1083
1188,580
1188,1168
1144,1142
1192,691
1192,692
1192,1172
1298,1279
1298,1319
1277,1255
1277,1279
714,670
714,1476
714,1278
1256,1255
1256,1258
1321,780
1321,1319
1321,1320
804,758
740,590
740,938
546,656
546,831
546,874
656,679
656,789
831,832
831,1224
547,657
547,914
657,1178
657,1200
657,1376
914,891
914,913
571,550
571,572
571,1417
701,724
701,856
701,1156
550,573
573,572
573,574
573,596
574,575
574,597
575,576
577,622
577,642
577,775
973,950
973,972
973,996
625,624
625,691
729,706
729,728
729,752
689,1126
689,1168
1126,734
1539,1497
777,776
777,1388
777,1214
1518,802
852,700
852,1203
852,1224
633,808
1157,1155
1157,1159
1157,1177
568,961
568,1006
961,1247
961,1113
961,1116
1006,941
1006,1093
569,570
569,592
570,1200
570,1332
570,1397
592,593
592,615
1200,680
1332,1309
1332,1331
1397,1374
1397,1420
572,593
572,595
1417,596
593,594
593,833
595,594
595,618
595,835
596,597
596,619
597,598
622,621
622,623
642,619
642,641
775,752
775,754
775,798
776,799
1038,644
1038,1061
819,796
819,818
819,842
580,1322
1322,1302
1322,1320
581,1278
581,1323
1278,993
1323,801
1323,1325
1344,1367
1344,1343
648,1432
648,1320
1092,1090
1092,1091
590,1115
590,917
1115,1113
917,854
917,1160
917,1247
615,594
615,616
594,617
833,613
833,834
833,1267
617,616
617,618
617,640
618,619
618,641
835,640
835,814
835,834
598,621
598,793
621,730
793,770
793,792
793,816
644,709
644,1170
820,843
1039,1062
1061,1084
604,1300
1300,670
1300,713
1300,1279
605,1409
605,647
1409,716
1409,1387
1409,1408
647,671
916,810
916,939
700,1029
1137,1138
613,614
613,942
614,637
942,1227
942,1204
942,1552
637,616
637,638
616,639
639,638
639,662
639,1398
640,641
640,663
641,664
730,707
730,731
623,624
623,971
623,1083
624,800
971,970
971,972
971,1233
1083,754
1083,1106
800,733
800,1106
691,1431
626,692
626,671
692,1280
671,780
1299,755
1299,756
1453,758
1453,1451
1451,1408
1047,1090
808,938
808,1050
808,1203
634,1203
634,765
634,1267
1203,809
765,832
765,960
1267,1266
1267,1268
658,659
658,681
658,746
659,638
659,660
1289,1266
1289,1288
1289,1312
638,661
661,660
661,662
661,684
662,663
662,685
1398,1399
1398,1420
1398,1421
663,664
663,1528
664,685
664,752
731,754
1170,1345
1170,1168
1105,755
1105,1128
1234,1235
1236,1235
1236,1237
1236,1238
1432,1455
1320,1319
1410,799
654,787
654,1113
787,1378
787,1335
766,767
766,789
679,680
789,790
789,1531
1178,811
1178,1177
1376,900
1376,1353
681,660
681,680
681,682
746,769
684,685
684,707
1528,1483
1528,1527
1528,1506
752,751
798,821
666,774
666,974
666,1017
774,751
974,951
974,975
974,997
668,713
668,1388
1388,1389
1388,1411
669,845
669,1257
845,822
845,844
845,846
1257,735
1257,1151
1257,1238
670,1366
670,1387
1366,1367
1387,1389
1387,1408
780,779
672,890
890,867
890,889
890,891
1070,722
1070,744
810,1159
810,984
984,1050
984,1248
1290,1270
1290,1291
1290,1292
682,705
682,1377
682,1462
705,704
705,706
705,728
1377,745
1377,1354
1462,813
1462,1461
1462,1551
706,707
1431,1194
1431,1454
1280,1281
1496,846
1496,1519
1029,1028
1029,1030
1029,1031
724,725
724,1355
856,855
856,857
856,878
1156,1155
725,704
725,726
857,834
704,727
727,726
727,728
727,750
728,751
733,756
733,992
755,1019
778,779
1062,1085
1062,1258
1233,734
1476,801
1476,1477
1476,1499
716,758
1094,1093
1094,1095
1159,1139
722,1072
722,1136
1072,854
1072,1052
1136,788
1136,1117
1201,742
1201,939
1355,1354
1355,1378
726,749
749,748
749,750
750,751
754,1018
756,779
756,1149
992,991
992,1078
734,1149
734,1346
1149,1127
1149,1148
1346,1240
1346,1327
1346,1348
938,896
742,809
809,983
809,1204
1334,855
1334,1311
744,1116
744,1248
1116,983
1248,1247
745,768
768,767
768,769
768,791
769,748
769,770
748,771
748,924
771,770
924,925
924,947
1018,1019
1018,1041
1019,996
1019,1020
779,802
757,1191
1191,1171
1191,1193
832,834
832,1379
767,790
767,1311
790,791
790,813
1311,1288
1311,1310
791,770
791,792
795,796
795,818
799,822
799,1301
1214,1195
1214,1213
1214,1215
802,1343
1028,1007
1028,1008
1050,983
1378,1379
1378,1380
1335,1312
788,1269
788,1138
788,1135
1269,1005
1269,1268
1138,1139
1531,1529
1531,1530
1531,1532
813,792
813,1485
792,815
815,814
815,816
815,838
816,817
816,839
817,818
817,840
818,841
821,822
821,844
821,1411
1301,1194
1301,1302
1301,1303
1106,1086
801,1237
1237,1235
1343,1345
913,912
983,1268
1204,1181
811,1422
1422,898
1422,1399
1422,1421
812,1441
812,943
812,1423
1441,1464
943,966
943,986
1485,966
1485,1484
1485,1486
814,837
814,1551
837,838
837,860
1551,1552
1551,1553
838,839
838,861
839,840
839,862
840,841
840,863
841,842
841,864
842,843
842,865
843,844
843,866
844,867
1411,1412
1411,1434
846,847
1454,1455
1454,1477
875,1095
875,1161
1224,1202
1224,1225
1379,1359
859,860
859,882
860,861
860,883
861,862
861,884
862,863
862,885
863,864
863,886
864,865
864,887
865,866
865,888
866,867
866,889
847,870
854,1182
1182,1005
1182,1163
855,878
878,877
882,883
882,905
883,884
883,906
884,885
884,907
885,886
885,908
886,887
886,909
887,888
887,910
888,889
888,911
889,912
1042,1041
1042,1043
1042,1065
962,939
962,985
1095,1093
1161,922
1161,1160
1161,1162
876,877
877,900
904,905
904,927
905,906
905,928
906,907
906,929
907,908
907,930
908,909
908,931
909,910
909,932
910,911
910,933
911,912
911,934
912,935
891,1542
1542,1519
1542,1543
896,919
896,985
919,920
919,1488
985,986
898,1227
1227,1225
899,1488
1488,1468
1488,1486
925,926
922,921
926,927
926,949
927,928
927,950
928,929
928,951
929,930
929,952
930,931
930,953
931,932
931,954
932,933
932,955
933,934
933,956
934,935
934,957
1160,1162
1247,1202
941,1051
941,1291
920,921
920,1162
921,963
921,1291
1162,1142
963,1181
963,1336
1291,1271
947,970
949,950
949,972
950,951
951,952
952,953
952,975
953,954
953,976
954,955
954,977
955,956
955,978
956,957
956,979
1051,1052
1051,1053
1552,1553
1552,1554
986,1009
1010,1009
1010,1008
970,993
975,976
975,998
976,977
976,999
977,978
978,979
978,1001
979,1002
1181,1202
1336,1315
1336,1337
964,1464
964,1293
1464,1444
1293,1292
1293,1312
965,1445
1445,1444
996,997
997,998
997,1020
998,999
998,1021
999,1022
1001,1002
1091,1090
1091,1093
1268,1270
1009,1007
1009,1008
1078,1058
1020,1021
1020,1043
1021,1022
1177,1176
1065,1240
1084,1085
1084,1086
1258,1238
1240,1217
1240,1263
1128,1129
1128,1151
1128,1109
1129,1152
1129,1239
1129,1109
1151,1150
1152,1304
1239,1216
1239,1262
1153,1176
1153,1155
1304,1281
1304,1305
1304,1302
1176,1309
1345,1368
1345,1326
1171,1172
1172,1193
1309,1308
1309,1310
1193,1216
1193,1194
1216,1217
1216,1195
1194,1217
1217,1218
1195,1218
1195,1215
1218,1241
1328,1305
1328,1327
1328,1329
1241,1264
1241,1261
1262,1263
1262,1285
1262,1261
1263,1264
1263,1286
1264,1287
1285,1286
1285,1308
1286,1287
1286,1505
1287,1288
1287,1310
1281,1282
1281,1519
1282,1305
1282,1261
1307,1308
1307,1330
1308,1331
1505,1482
1505,1504
1505,1506
1302,1303
1303,1326
1303,1261
1326,1325
1326,1327
1329,1330
1329,1352
1330,1331
1330,1353
1331,1354
1325,1348
1348,1349
1348,1369
1352,1353
1353,1354
1506,1507
1367,1368
1367,1390
1368,1369
1368,1391
1370,1369
1370,1371
1370,1393
1349,1371
1349,1372
1373,1372
1373,1374
1373,1396
1390,1389
1390,1391
1390,1413
1369,1392
1391,1392
1391,1414
1392,1393
1392,1371
1371,1372
1393,1394
1372,1395
1395,1394
1395,1396
1395,1440
1396,1419
1389,1412
1412,1413
1412,1435
1413,1414
1413,1436
1414,1437
1394,1440
1419,1420
1434,1435
1434,1457
1435,1436
1435,1458
1436,1437
1436,1459
1437,1438
1437,1460
1438,1461
1455,1456
1455,1478
1456,1457
1456,1479
1457,1458
1457,1480
1458,1459
1458,1481
1459,1460
1459,1482
1460,1461
1460,1483
1461,1484
1477,1478
1477,1500
1478,1479
1478,1501
1479,1480
1479,1502
1480,1481
1480,1503
1481,1482
1481,1504
1482,1483
1483,1484
1499,1500
1499,1522
1500,1501
1500,1523
1501,1502
1501,1524
1502,1503
1502,1525
1503,1504
1503,1526
1504,1527
1521,1522
1521,1544
1522,1523
1522,1545
1523,1524
1523,1546
1524,1525
1524,1547
1525,1526
1525,1548
1526,1527
1507,1529
1543,1544
1544,1545
1545,1546
1546,1547
1547,1548
1007,1008
1030,1031
1034,1055
1052,1053
1053,1055
1086,1088
1086,1109
1088,1090
1088,1109
1097,1117
1097,1118
1100,1121
1117,1118
1121,1141
1125,1127
1125,1145
1127,1148
1139,1141
1141,1142
1145,1165
1148,1150
1163,1165
1202,1225
1213,1215
1215,1235
1255,1279
1270,1271
1271,1292
1315,1337
1359,1380
1399,1401
1399,1421
1401,1421
1406,1408
1468,1487
1471,1490
1486,1487
1490,1510
1510,1511
1510,1529
1511,1530
1529,1530
1530,1532
1532,1533
1533,1553
1533,1554
1553,1554
1572,1574
