0,892
0,1365
0,240
0,630
892,132
892,891
892,893
1365,560
1365,647
1365,737
240,174
240,241
240,826
630,478
630,588
630,1537
1,24
1,131
1,823
1,1040
24,47
24,1063
24,1324
131,110
131,262
131,1023
823,87
823,822
823,1280
1040,996
1040,1017
1040,1041
2,3
2,25
2,1064
2,1563
3,4
3,26
3,1564
25,48
25,1174
25,1563
1064,1041
1064,1065
1064,1087
1563,1152
1563,1564
4,5
4,27
4,1565
26,49
26,1173
26,1219
1564,45
1564,1565
5,28
5,1351
5,1566
27,28
27,50
27,1196
1565,1542
1565,1566
28,29
28,51
1351,1350
1351,1352
1351,1374
1566,1543
1566,1567
6,7
6,29
6,1439
6,1567
7,8
7,30
7,1568
29,30
29,52
1439,549
1439,1438
1439,1440
1567,1544
1567,1568
8,9
8,31
8,1569
30,31
30,53
1568,1545
1568,1569
9,10
9,32
9,1570
31,54
31,703
1569,1546
1569,1570
10,11
10,1550
10,1571
32,55
32,165
32,879
1570,575
1570,1547
11,747
11,923
11,989
1550,1332
1550,1527
1550,1573
1571,1396
1571,1507
1571,1548
747,724
747,726
747,746
923,143
923,230
923,900
989,167
989,900
989,987
12,836
12,901
12,1442
12,1573
836,837
836,857
836,859
901,880
901,925
901,1055
1442,33
1442,637
1442,1419
1573,99
1573,1397
13,1490
13,1120
13,1185
13,1577
1490,170
1490,1448
1490,1489
1120,233
1120,966
1120,1118
1185,58
1185,209
1185,988
1577,146
1577,192
1577,236
14,80
14,1443
14,1225
14,1465
80,1357
80,1359
80,1206
1443,35
1443,1420
1443,1424
1225,699
1225,700
1225,787
1465,1441
1465,1444
1465,1464
15,1251
15,1357
15,1230
15,211
1251,57
1251,147
1251,212
1357,811
1357,855
1230,1228
1230,1231
1230,1232
211,188
211,234
211,1076
16,1468
16,1317
16,1428
16,1273
1468,124
1468,298
1468,988
1317,210
1317,297
1317,340
1428,364
1428,1426
1428,1429
1273,235
1273,340
1273,344
17,431
17,148
17,1447
17,1184
431,107
431,255
431,1495
148,454
148,364
148,1537
1447,61
1447,191
1447,1446
1184,276
1184,945
1184,1164
18,171
18,193
18,561
18,1473
171,587
171,762
171,1383
193,147
193,216
193,1340
561,715
561,1233
561,1321
1473,43
1473,1452
1473,1453
19,454
19,544
19,1406
19,1429
454,563
454,1581
544,173
544,392
544,458
1406,257
1406,279
1406,1385
1429,1448
1429,1449
20,239
20,260
20,604
20,1452
239,672
239,741
239,588
260,543
260,741
260,304
604,1449
604,627
604,690
1452,737
1452,1453
21,173
21,696
21,673
21,477
173,109
173,280
696,434
696,633
696,851
673,410
673,1453
673,1583
477,149
477,324
477,412
22,783
22,848
22,1023
22,1498
783,42
783,804
783,916
848,263
848,847
848,849
1023,1022
1023,1024
1498,1475
1498,1499
1498,1521
23,46
23,1021
23,1107
23,1260
46,45
46,47
46,69
1021,998
1021,1020
1021,1022
1107,1084
1107,1106
1107,1259
1260,1237
1260,1283
1260,1238
47,48
47,70
1063,758
1063,1061
1063,1082
1324,1323
1324,1325
1324,1347
48,49
48,71
1174,307
1174,1151
1174,1197
49,50
49,72
1173,1172
1173,1196
1173,1171
1219,1218
1219,1220
1219,1239
50,51
50,73
1196,156
1196,1328
51,52
51,74
52,53
52,75
53,54
53,76
54,55
54,77
703,680
703,683
703,704
55,56
55,251
165,142
165,187
165,188
879,684
879,858
879,878
33,858
33,1033
33,1463
858,317
858,859
1033,145
1033,296
1033,922
1463,441
1463,1440
1463,1484
34,946
34,1356
34,1335
34,1012
946,382
946,947
946,967
1356,876
1356,1355
1356,1336
1335,854
1335,1312
1335,1358
1012,101
1012,404
1012,1011
35,102
35,1400
35,1007
102,79
102,1161
102,1513
1400,79
1400,898
1400,1377
1007,812
1007,943
1007,987
36,1052
36,101
36,1009
36,1032
1052,1053
1052,1054
1052,1072
101,902
101,1272
1009,986
1009,1010
1009,1008
1032,1030
1032,1031
1032,1051
37,1403
37,1183
37,191
37,1469
1403,1401
1403,1402
1403,1423
1183,812
1183,1164
1183,1181
191,214
191,1295
1469,166
1469,236
1469,1448
38,168
38,1515
38,301
38,1361
168,1293
168,1077
168,452
1515,60
1515,497
1515,543
301,212
301,411
301,322
1361,277
1361,472
1361,1360
39,321
39,1446
39,82
39,1425
321,518
321,1338
321,1122
1446,1444
1446,1445
82,81
82,1580
82,103
1425,104
1425,320
1425,342
40,517
40,170
40,585
40,500
517,384
517,1450
517,1384
170,147
170,151
585,562
585,1492
585,671
500,86
500,388
500,502
41,130
41,192
41,1536
41,391
130,392
130,717
130,628
192,1404
192,1538
1536,149
1536,215
1536,433
391,542
391,784
391,543
42,1386
42,605
42,107
1386,409
1386,518
1386,602
605,1495
605,693
605,1561
107,106
107,518
43,693
43,542
43,739
693,1321
693,759
542,346
542,1583
739,697
739,1562
739,1539
44,825
44,1433
44,65
44,1582
825,87
825,802
825,826
1433,1432
1433,1434
1433,1456
65,607
65,303
65,1409
1582,323
1582,366
1582,804
45,68
45,1475
68,67
68,69
68,91
1475,778
1475,800
69,70
69,92
70,71
70,93
71,72
71,94
72,73
72,95
73,74
73,96
74,75
74,97
75,76
75,98
76,77
76,99
77,100
77,1509
56,57
56,79
56,1076
251,250
251,252
251,274
57,1208
57,1508
79,1296
1076,275
1076,1074
1208,166
1208,167
1208,275
1508,615
1508,963
1508,1507
58,81
58,1359
58,1269
81,1360
81,1186
1359,59
1359,60
1269,1249
1269,1268
1269,1270
59,1295
59,1075
59,1141
1295,1384
1295,1294
1075,944
1075,1074
1075,1077
1141,169
1141,341
1141,1121
60,1272
60,1274
1272,1253
1272,1270
1274,124
1274,212
1274,363
61,1381
61,474
61,1578
1381,166
1381,212
1381,1358
474,84
474,1407
474,1320
1578,189
1578,256
1578,365
62,432
62,695
62,1535
62,1493
432,128
432,1579
432,496
695,457
695,803
695,1540
1535,410
1535,430
1535,455
1493,85
1493,1492
1493,1513
63,367
63,586
63,499
63,521
367,194
367,562
367,586
586,476
586,1559
499,196
499,760
499,1450
521,106
521,412
521,414
64,648
64,1537
64,1408
64,369
648,1275
648,1432
648,672
1537,674
1408,647
1408,670
1408,736
369,150
369,502
369,761
607,540
607,1471
607,1472
303,259
303,324
303,413
1409,603
1409,759
1409,1387
66,67
66,89
66,738
66,824
67,90
67,1108
89,88
89,90
89,112
738,411
738,433
738,609
824,802
824,846
824,1454
90,91
90,113
1108,157
1108,1085
1108,1131
91,92
91,114
92,93
92,115
93,94
93,116
94,95
94,117
95,96
95,118
96,97
96,119
97,98
97,120
98,99
98,121
99,100
100,123
100,1207
1509,919
1509,964
1509,1489
78,123
78,1250
78,1099
78,1053
123,122
123,146
1250,299
1250,1248
1250,1249
1099,362
1099,471
1099,1097
1053,1054
1053,1055
1296,169
1296,495
1296,1294
1206,190
1206,1205
1206,1207
1360,1337
1360,1341
1186,318
1186,362
1186,386
1580,476
1580,672
1580,1579
103,409
103,234
103,1445
83,387
83,1449
83,1404
83,345
387,302
387,386
387,1514
1449,475
1404,189
1404,300
345,129
345,1514
345,1581
84,782
84,457
84,1516
782,632
782,651
782,1540
457,283
457,545
1516,86
1516,564
1516,627
85,172
85,1583
85,456
172,108
172,716
172,562
1583,735
456,152
456,761
456,1560
86,1559
86,650
1559,410
1559,628
650,433
650,583
650,628
87,868
87,1541
868,867
868,869
868,1042
1541,88
1541,713
1541,847
88,109
88,805
109,218
109,758
805,152
805,371
805,565
112,111
112,113
112,135
113,114
113,136
114,115
114,137
115,116
115,138
116,117
116,139
117,118
117,140
118,119
118,141
119,120
119,142
120,121
120,143
121,122
121,145
1207,1209
1207,1226
902,231
902,903
902,922
1161,1159
1161,1160
1161,1162
1513,213
1513,1511
409,408
409,451
234,407
234,1382
1445,1426
1445,1444
104,346
104,1293
104,1209
346,108
346,1579
1293,1271
1293,1291
1209,406
1209,494
105,411
105,1316
105,190
105,1405
411,541
1316,1314
1316,1315
1316,1318
190,188
190,1383
1405,150
1405,519
1405,583
106,716
106,631
716,649
716,652
631,653
631,675
631,654
518,1494
108,127
108,763
127,540
127,343
127,151
763,651
763,720
763,1091
218,217
218,219
218,869
758,691
758,800
110,111
110,133
110,1131
111,134
111,1283
133,132
133,134
133,156
1131,267
1131,1154
134,135
134,157
1283,1282
1283,1284
135,136
135,158
136,137
136,159
137,138
137,160
138,139
138,161
139,140
139,162
140,141
140,163
141,142
141,164
142,143
143,990
122,164
122,166
145,146
145,1491
164,163
164,187
146,147
124,341
124,1401
341,320
341,1362
1401,1382
1401,1402
125,1472
125,344
125,1532
125,1426
1472,299
1472,323
344,1538
344,1557
1532,1530
1532,1531
1532,1533
1426,1424
126,608
126,278
126,1337
126,1402
608,652
608,609
608,674
278,277
278,279
278,1556
1337,1336
1337,1339
1402,1422
540,1321
540,1558
343,385
343,1556
343,408
151,150
151,152
128,781
128,804
128,545
781,261
781,760
781,780
804,803
545,129
545,588
129,458
129,674
458,504
458,543
674,238
392,415
392,786
717,153
717,390
717,1494
628,1539
262,263
262,437
262,827
132,153
132,1045
153,152
153,1539
1045,176
1045,1022
1045,1044
156,179
156,1067
157,180
157,1259
158,159
158,181
158,1130
159,160
159,182
160,161
160,183
161,162
161,184
162,163
162,185
163,186
990,991
990,1011
990,1013
144,987
144,167
144,1512
144,1315
987,986
167,209
1512,1492
1512,1510
1512,1511
1315,299
1315,1314
1491,475
1491,1448
1491,1489
364,1340
364,493
149,194
149,215
194,1471
194,259
215,195
215,718
150,1427
1427,257
1427,276
1427,368
1539,475
154,155
154,177
154,1154
154,1175
155,178
155,1369
155,1415
177,176
177,178
177,200
1154,483
1154,1155
1175,1152
1175,1176
1175,1198
178,179
178,201
1369,1368
1369,1370
1369,1392
1415,1414
1415,1416
1415,1438
179,180
179,202
1067,328
1067,1066
1067,1198
180,181
180,203
1259,801
1259,1258
181,182
181,204
1130,1085
1130,1153
1130,1150
182,183
182,205
183,184
183,206
184,185
184,207
185,186
185,208
186,187
186,686
187,210
188,233
209,208
209,210
1077,1096
1077,1097
452,300
452,320
452,1297
169,1581
169,455
1581,259
455,453
455,1514
587,197
587,236
587,566
762,368
762,370
762,565
1383,389
1383,1382
562,281
280,1385
280,1534
280,413
174,175
174,197
174,849
175,828
175,1520
175,1088
197,176
197,1066
849,305
849,826
828,765
828,829
828,851
1520,1519
1520,1521
1520,1543
1088,1086
1088,1090
1088,1109
176,958
958,935
958,957
958,959
200,199
200,201
200,223
201,202
201,224
202,203
202,225
203,204
203,226
204,205
204,227
205,206
205,228
206,207
206,229
207,208
207,967
208,339
686,533
686,597
686,709
210,233
233,232
189,1098
189,1096
1098,965
1098,1097
1098,1100
1096,1094
1096,1095
214,213
214,237
214,434
1538,1517
1538,1562
216,217
216,826
216,523
1340,298
1340,319
1471,473
1471,583
259,326
195,697
195,502
195,676
697,567
697,698
502,699
676,917
676,983
676,719
196,347
196,633
196,435
347,258
347,501
347,565
633,416
633,1025
435,238
435,740
435,982
1066,1043
1066,1065
198,199
198,219
198,980
198,1111
199,1110
199,1284
219,261
219,915
980,957
980,979
980,981
1111,220
1111,483
1111,936
1110,1087
1110,1133
1110,1090
1284,1285
1284,1307
223,222
223,224
223,246
224,225
224,247
225,226
225,248
226,227
226,249
227,228
227,250
228,229
228,880
229,230
229,252
967,966
967,968
339,316
339,338
339,340
213,235
213,430
235,410
235,1534
430,1470
430,1122
237,718
237,609
237,282
434,325
434,784
718,393
718,827
217,522
217,872
523,501
523,786
523,1048
522,654
522,629
522,808
872,503
872,699
872,871
869,284
869,870
261,368
261,564
915,285
915,656
915,916
220,221
220,241
220,243
221,222
221,265
221,1044
241,871
241,1132
243,242
243,244
243,266
222,244
222,245
265,264
265,266
265,288
1044,1043
1044,1087
244,245
244,1199
245,246
245,268
246,247
246,269
247,248
247,270
248,249
248,271
249,250
249,272
250,273
880,881
880,924
230,231
230,535
252,253
252,773
231,232
231,295
535,797
535,995
535,1060
232,1013
232,1229
295,294
295,296
295,512
1013,297
1013,425
1229,297
1229,1227
1229,1228
407,538
407,1079
407,1035
1382,1380
1534,255
1534,300
236,565
609,719
282,654
282,610
282,652
238,761
238,388
761,1518
388,496
388,1363
672,890
741,720
741,1024
588,370
871,546
871,870
1132,307
1132,397
1132,1113
242,263
242,395
242,936
263,305
395,372
395,374
395,396
936,913
936,935
266,267
266,289
1199,1198
1199,1200
1199,1222
268,267
268,269
268,291
269,270
269,292
270,271
270,293
271,272
271,294
272,273
272,968
273,274
273,296
274,275
274,579
253,254
253,383
253,319
773,750
773,774
773,796
254,256
254,1252
254,1166
383,382
383,384
383,559
319,426
319,1339
256,258
256,279
1252,340
1252,342
1252,1275
1166,669
1166,993
1166,1145
255,496
255,1210
496,1276
1210,473
1210,580
1210,1191
258,281
258,541
279,302
257,1338
257,1558
1338,1318
1338,1336
1558,453
1558,498
281,283
281,606
541,453
541,476
326,325
326,327
326,564
304,302
304,721
304,520
368,1470
564,1450
437,415
437,526
437,611
827,654
827,785
305,306
305,328
264,285
264,287
264,482
285,284
285,1087
287,286
287,288
287,310
482,459
482,483
482,505
288,289
288,311
267,290
289,290
289,312
290,291
290,313
291,292
291,314
292,293
292,315
293,294
293,316
294,317
968,969
968,991
296,297
275,276
579,556
579,602
579,819
276,277
277,1275
1275,582
1556,1555
1556,1557
302,325
1385,429
1385,669
413,873
413,1560
283,501
283,960
606,497
606,1496
606,715
610,370
610,983
610,1027
652,414
501,590
960,723
960,918
960,959
284,981
284,1026
981,306
981,526
1026,393
1026,1025
1026,1158
286,307
286,1242
286,1198
307,306
1242,462
1242,549
1242,1241
310,309
310,311
310,333
311,312
311,334
312,313
312,335
313,314
313,336
314,315
314,337
315,316
315,338
316,317
317,688
512,489
512,511
512,753
298,495
298,1276
495,1318
495,1362
1276,366
1276,1253
299,1363
1363,537
1363,1343
300,320
322,1320
322,1228
322,1470
325,348
324,390
324,519
721,461
721,961
721,1071
520,389
520,519
520,740
306,329
328,329
328,460
329,308
329,330
308,309
308,331
308,1306
309,332
309,1416
331,330
331,332
331,354
1306,1305
1306,1307
1306,1329
332,333
332,355
1416,1393
1416,1417
333,334
333,356
334,335
334,357
335,336
335,358
336,337
336,359
337,338
337,360
338,361
688,645
688,1125
688,1190
318,1079
318,1189
318,1054
1079,429
1079,646
1189,516
1189,539
1189,1190
1054,1034
426,1103
426,1057
426,1143
1339,363
1339,1341
1122,558
1122,992
1320,714
1320,1300
1228,1227
1470,323
323,629
629,1407
629,1364
390,1560
390,760
519,671
348,349
348,371
348,589
327,350
327,436
327,829
350,349
350,351
350,373
436,459
436,524
436,675
829,766
829,1072
460,1265
460,1223
460,1134
330,351
330,353
351,1197
351,1244
353,352
353,354
353,376
354,355
354,377
355,356
355,378
356,357
356,379
357,358
357,380
358,359
358,381
359,360
359,578
360,491
360,710
361,381
361,881
361,1014
1362,516
1362,649
342,539
342,1232
539,408
539,714
1232,366
1232,603
385,384
385,386
385,582
408,1451
1557,1555
1557,1576
1514,429
349,372
349,830
371,394
371,895
589,1092
589,940
589,1047
372,373
372,1003
830,678
830,719
830,831
373,352
373,374
1197,1153
1197,1220
1244,745
1244,1221
1244,1243
352,375
352,1000
375,376
375,398
375,1089
1000,977
1000,999
1000,1001
376,377
376,399
377,378
377,400
378,379
378,401
379,380
379,402
380,381
380,403
381,404
578,555
578,776
578,1038
491,490
491,602
491,667
710,733
710,755
710,1060
881,882
881,904
1014,601
1014,668
1014,991
362,384
362,1078
1078,472
1078,558
1078,1058
363,1319
363,560
1319,692
1319,1299
1319,1318
560,1101
560,1037
493,1298
493,581
493,1143
365,1143
365,450
365,453
1143,428
450,1384
450,1081
450,1364
366,412
412,675
370,590
590,785
590,1070
394,417
394,893
394,808
895,635
895,894
895,896
1003,569
1003,613
1003,1002
374,397
374,484
397,398
397,420
484,485
484,505
484,507
398,399
398,421
1089,438
1089,526
1089,1112
399,400
399,422
400,401
400,423
401,402
401,424
402,403
402,425
403,404
403,708
404,687
382,994
382,1145
994,447
994,995
994,1017
1145,624
1145,1165
559,626
559,1125
559,1169
386,1364
582,494
582,1344
1364,472
389,675
389,563
563,478
563,715
1560,433
760,694
784,719
784,764
415,1114
415,853
786,1157
786,808
393,416
393,678
416,439
416,632
678,481
678,743
417,418
417,937
417,1025
893,870
893,894
808,1050
396,419
396,1221
396,1350
419,418
419,420
419,442
1221,1220
1221,1222
1350,1349
1350,1373
420,421
420,443
421,422
421,444
422,423
422,445
423,424
423,446
424,425
424,447
425,601
708,685
708,707
708,709
687,598
687,624
687,820
405,667
405,1011
405,1015
405,1187
667,1038
667,1170
1011,1010
1015,448
1015,451
1015,798
1187,515
1187,1165
1187,1188
406,537
406,1211
406,1100
537,1123
537,1060
1211,514
1211,515
1211,1212
1100,1080
1100,1101
538,1035
538,1104
538,1124
1035,428
1035,992
1451,498
1451,691
1451,737
451,1277
451,1144
873,504
873,632
873,1224
414,1004
414,1047
1004,479
1004,764
1004,983
1047,566
1047,1046
1114,1113
1114,1116
1114,1133
853,764
853,919
853,898
439,418
439,440
439,636
632,524
418,441
937,524
937,914
937,938
1025,1002
441,442
441,464
442,443
442,465
443,444
443,466
444,445
444,467
445,446
445,468
446,447
446,683
447,711
601,1039
601,1061
1103,581
1103,603
1103,713
1057,536
1057,1037
1057,1056
427,473
427,1147
427,1233
427,1146
473,1492
1147,469
1147,471
1147,583
1233,627
1233,1213
1146,536
1146,691
1146,1126
428,1297
428,1212
1297,494
1297,1298
1212,470
1212,536
429,1144
1144,470
1144,1142
1495,584
1495,1496
740,653
740,806
982,655
982,1177
982,1202
459,635
459,806
524,723
526,549
611,504
611,1068
611,1113
438,548
438,1068
438,1158
548,525
548,571
548,701
1068,677
1068,1069
1158,679
1158,745
440,463
440,1112
440,1375
636,614
636,659
636,1289
463,462
463,464
463,486
1112,614
1112,1135
1375,1352
1375,1374
1375,1376
464,465
464,487
465,466
465,488
466,467
466,489
467,468
467,490
468,469
468,794
683,660
683,706
711,778
711,1062
711,1278
448,643
448,665
448,732
643,576
643,600
643,731
665,469
665,642
665,798
732,709
732,778
732,1280
449,1167
449,1102
449,1058
449,1101
1167,516
1167,580
1167,1168
1102,626
1102,734
1102,1104
1058,1056
1058,1059
1101,731
1384,584
1081,514
1081,580
1081,713
1277,514
1277,1256
1277,1279
504,983
635,503
635,658
806,850
806,913
1265,1264
1265,1266
1265,1288
1223,461
1223,612
1223,1222
1134,788
1134,984
1134,1135
461,1133
461,1179
1133,1156
1179,916
1179,1156
1179,1178
462,483
462,485
485,486
485,508
486,487
486,509
487,488
487,510
488,489
488,511
489,490
490,772
469,1123
794,771
794,795
794,817
1123,558
1123,1104
470,1169
470,1188
1169,1150
1169,1168
1188,581
1188,1168
471,492
471,536
492,969
492,1016
492,494
472,1341
1341,1342
1407,498
1407,734
475,584
584,1430
476,1561
1561,759
1561,780
478,852
478,807
852,479
852,854
852,1247
807,566
807,984
807,1046
479,698
479,785
698,851
698,1157
785,1028
480,591
480,743
480,850
480,897
591,547
591,592
591,1246
743,1334
743,788
850,525
850,655
897,874
897,877
897,943
481,1048
481,568
481,1115
1048,568
1048,634
568,1115
568,1050
1115,634
1115,964
505,702
505,1245
507,506
507,508
507,530
508,509
508,531
509,510
509,532
510,511
510,533
511,534
772,749
772,771
772,795
602,625
969,555
969,970
1016,666
1016,993
1016,1039
1298,668
1298,712
581,1168
497,498
497,627
1450,670
699,1136
503,525
503,959
525,1024
959,612
702,679
702,725
702,857
1245,547
1245,899
1245,1222
506,527
506,529
506,1333
527,528
527,1243
527,1418
529,528
529,530
529,552
1333,961
1333,1310
1333,1506
530,531
530,553
531,532
531,554
532,555
532,1549
533,556
533,620
534,557
534,599
534,903
753,730
753,776
753,1017
513,600
513,948
513,1082
513,755
600,556
600,820
948,925
948,947
948,949
1082,1105
1082,1059
755,1019
755,1105
514,515
515,1234
1234,649
1234,734
1234,1213
516,1036
1036,689
1036,1034
1036,1037
1494,735
1494,1474
671,647
671,1366
723,722
723,746
1024,1001
549,550
528,551
528,1246
1243,1220
1243,1266
1418,1417
1418,1419
1418,1394
551,550
551,552
551,574
1246,876
1246,1135
552,553
552,575
553,554
553,576
554,555
554,577
1549,620
1549,1526
1549,1548
556,973
620,619
620,621
557,625
557,729
557,645
599,576
599,622
599,644
903,904
903,926
797,774
797,796
797,820
995,972
995,1018
1060,1083
1104,1106
1124,757
1124,1125
1124,1126
714,1476
714,1258
1321,692
546,656
546,831
546,874
656,679
656,789
831,613
831,832
874,851
874,894
547,657
547,914
657,1178
657,1200
657,1376
914,891
914,913
571,550
571,572
571,1417
701,724
701,856
701,1156
550,573
573,572
573,574
573,596
574,575
574,597
575,576
577,622
577,642
577,775
973,950
973,972
973,996
625,624
625,1149
729,706
729,728
729,752
645,1105
645,712
558,626
626,1059
1125,756
1037,971
715,694
566,961
961,1312
567,1005
567,1049
567,1135
1005,917
1005,1006
1005,1027
1049,1029
1049,1030
1049,1051
1050,940
1050,1029
569,570
569,592
569,894
570,1200
570,1332
570,1397
592,593
592,615
1200,680
1332,1309
1332,1331
1397,1374
1397,1420
572,593
572,595
1417,596
593,594
593,833
595,594
595,618
595,835
596,597
596,619
597,598
622,621
622,623
642,619
642,641
775,752
775,754
775,798
776,777
776,799
1038,644
1038,1061
819,796
819,818
819,842
580,1080
1080,993
1080,1059
1344,1367
1344,1343
1344,1387
1430,691
1430,1431
1430,1410
1092,938
1092,1090
1092,1091
940,1073
940,1157
1070,634
1070,742
1070,1069
615,594
615,616
594,617
833,613
833,834
833,1267
617,616
617,618
617,640
618,619
618,641
835,640
835,814
835,834
598,621
598,793
621,730
793,770
793,792
793,816
644,709
644,1170
820,843
1039,757
1039,1062
1061,1084
603,756
756,733
756,779
690,1345
690,1127
690,1278
1496,846
1496,1519
1027,700
1027,939
1113,1093
612,811
612,655
811,1204
811,1420
655,766
613,614
614,637
637,616
637,638
616,639
639,638
639,662
639,1398
640,641
640,663
641,664
730,707
730,731
623,624
623,971
623,1083
971,970
971,972
1083,754
1083,1106
1149,647
1149,1127
1149,1148
653,764
653,742
634,1201
1201,677
1201,1155
1201,1180
658,659
658,681
658,746
659,638
659,660
1289,1266
1289,1288
1289,1312
638,661
661,660
661,662
661,684
662,663
662,685
1398,812
1398,1378
1398,1399
663,664
663,1528
664,685
664,752
731,754
1170,735
1170,1345
1105,1128
712,1278
712,1299
646,1322
646,1192
646,1257
1322,802
1322,1300
1322,1342
1192,1171
1192,1172
1192,1190
1257,669
1257,689
1257,1151
1432,803
1432,1455
649,1342
1342,1343
651,694
651,1518
694,692
1518,1474
1518,1497
742,939
742,1116
766,767
766,789
679,680
789,790
789,809
1178,809
1178,1177
1376,900
1376,1353
681,660
681,680
681,682
746,769
684,685
684,707
1528,1483
1528,1527
1528,1506
752,751
798,821
666,774
666,974
666,1017
774,751
974,951
974,975
974,997
668,713
668,1388
1388,777
1388,1389
1388,1411
669,845
845,822
845,844
845,846
670,735
670,1366
1366,736
1366,1343
890,867
890,889
890,891
1453,800
917,938
917,1268
677,765
677,1071
765,832
765,876
1071,720
1071,812
682,705
682,1377
682,1462
705,704
705,706
705,728
1377,745
1377,1354
1462,813
1462,1461
1462,1551
706,707
1190,1191
689,1279
689,1254
1279,736
1279,1256
1254,1231
1254,1253
1254,1255
1345,1368
1345,1326
1127,1126
1127,1148
1278,1256
692,1562
759,1323
803,1410
1540,780
1540,1517
1157,787
1136,787
1136,854
1136,1117
700,1334
700,1091
1334,855
1334,1311
1091,1090
724,725
724,1355
856,855
856,857
856,878
1156,1155
725,704
725,726
857,834
704,727
727,726
727,728
727,750
728,751
733,800
733,992
778,779
1062,1085
1062,1258
1299,1300
1299,1301
1476,801
1476,1477
1476,1499
1258,1238
720,1046
1046,1069
722,1177
722,898
722,984
1177,1176
898,1292
984,1292
1355,941
1355,1354
726,749
749,748
749,750
750,751
754,1018
1280,1281
1280,1256
992,991
734,777
777,1346
736,1255
1255,1231
1255,1236
737,1497
1497,1474
1497,1517
939,916
939,962
1116,854
1116,1117
788,962
788,1028
744,918
744,1248
744,1204
744,1028
918,1267
918,941
1248,1247
1248,1249
1204,1203
1204,1205
1028,1006
745,768
768,767
768,769
768,791
769,748
769,770
748,771
748,924
771,770
924,925
924,947
1018,1019
1018,1041
1019,996
1019,1020
779,780
779,802
757,1323
757,1346
1323,801
1346,1240
1346,1327
832,834
832,963
876,877
767,790
767,1311
790,791
790,813
1311,1288
1311,1310
791,770
791,792
795,796
795,818
799,822
799,1301
799,1410
787,963
963,1247
962,985
962,1069
809,1138
809,1073
813,792
813,1485
792,815
815,814
815,816
815,838
816,817
816,839
817,818
817,840
818,841
821,822
821,844
821,1411
1301,1194
1301,1302
1410,1431
801,1237
1237,1235
1237,1236
913,912
1138,1137
1138,1139
1138,1140
1073,1072
1073,1074
810,1159
810,1379
810,1072
810,1160
1159,1137
1159,1160
1379,899
1379,1378
1379,1380
1160,1162
1420,1419
1485,899
1485,966
1485,1484
814,837
814,1551
837,838
837,860
1551,1552
1551,1553
838,839
838,861
839,840
839,862
840,841
840,863
841,842
841,864
842,843
842,865
843,844
843,866
844,867
1411,1412
1411,1434
846,847
1454,1431
1454,1455
1454,1477
1267,920
1267,1266
859,860
859,882
860,861
860,883
861,862
861,884
862,863
862,885
863,864
863,886
864,865
864,887
865,866
865,888
866,867
866,889
847,870
1247,1224
919,896
919,920
855,878
878,877
882,883
882,905
883,884
883,906
884,885
884,907
885,886
885,908
886,887
886,909
887,888
887,910
888,889
888,911
889,912
1042,1041
1042,1043
1042,1065
1224,1203
1224,1226
875,1466
875,1313
875,1487
875,1290
1466,945
1466,985
1466,1464
1313,1291
1313,1294
1313,1314
1487,1467
1487,1486
1487,1488
1290,942
1290,1291
1290,1312
877,900
904,905
904,927
905,906
905,928
906,907
906,929
907,908
907,930
908,909
908,931
909,910
909,932
910,911
910,933
911,912
911,934
912,935
891,1542
1542,1519
1542,1543
896,938
896,985
985,986
943,966
943,986
1292,945
1292,1271
899,944
944,1010
944,1119
925,926
1055,1034
1055,1056
922,921
922,1421
926,927
926,949
927,928
927,950
928,929
928,951
929,930
929,952
930,931
930,953
931,932
931,954
932,933
932,955
933,934
933,956
934,935
934,957
1268,1249
1268,1270
941,964
941,1139
920,921
920,1552
921,1006
921,1510
1552,1553
1552,1554
1006,1008
1510,1511
1510,1529
1421,1422
1421,1423
1421,1441
947,970
949,950
949,972
950,951
951,952
952,953
952,975
953,954
953,976
954,955
954,977
955,956
955,978
956,957
956,979
964,1399
1139,1137
1139,1140
942,1051
942,1575
942,1094
1051,1031
1575,1574
1575,1576
1094,1093
1094,1095
1010,1008
1119,1117
1119,1118
1119,1121
945,1467
1467,1486
1467,1488
970,993
975,976
975,998
976,977
976,999
977,978
978,979
978,1001
979,1002
1399,1378
1399,1380
965,1358
965,1008
965,1227
1358,1336
1227,1226
996,997
997,998
997,1020
998,999
999,1022
1001,1002
1202,1180
1202,1181
1202,1182
988,1205
988,1576
1205,1203
1576,1574
1020,1043
1065,1240
1084,1085
1084,1086
1240,1217
1240,1263
1106,1086
1128,1129
1128,1151
1128,1109
1129,1152
1129,1239
1129,1109
1151,1150
1152,1304
1239,1216
1239,1262
1153,1176
1153,1155
1304,1281
1304,1305
1304,1302
1176,1309
1171,1172
1171,1191
1172,1193
1309,1308
1309,1310
1193,1216
1193,1191
1193,1194
1216,1217
1216,1195
1194,1217
1194,1431
1217,1218
1195,1218
1195,1214
1195,1215
1218,1241
1328,1305
1328,1327
1328,1329
1241,1264
1241,1261
1262,1263
1262,1285
1262,1261
1263,1264
1263,1286
1264,1287
1285,1286
1285,1308
1286,1287
1286,1505
1287,1288
1287,1310
1281,1282
1281,1519
1282,1305
1282,1261
1307,1308
1307,1330
1308,1331
1505,1482
1505,1504
1505,1506
1302,1303
1302,1300
1303,1326
1303,1325
1303,1327
1326,1325
1326,1327
1329,1330
1329,1352
1330,1331
1330,1353
1331,1354
1325,1348
1347,1370
1347,1348
1347,1349
1348,1349
1348,1371
1352,1353
1353,1354
1506,1507
1367,1368
1367,1390
1367,1387
1368,1391
1370,1371
1370,1393
1349,1371
1373,1372
1373,1374
1373,1396
1390,1389
1390,1391
1390,1413
1391,1392
1391,1414
1392,1393
1392,1372
1371,1372
1393,1394
1372,1395
1395,1394
1395,1396
1395,1440
1396,1419
1389,1412
1389,1387
1412,1413
1412,1435
1413,1414
1413,1436
1414,1437
1394,1440
1434,1435
1434,1457
1435,1436
1435,1458
1436,1437
1436,1459
1437,1438
1437,1460
1438,1461
1455,1456
1455,1478
1456,1457
1456,1479
1457,1458
1457,1480
1458,1459
1458,1481
1459,1460
1459,1482
1460,1461
1460,1483
1461,1484
1477,1478
1477,1500
1478,1479
1478,1501
1479,1480
1479,1502
1480,1481
1480,1503
1481,1482
1481,1504
1482,1483
1483,1484
1499,1500
1499,1522
1500,1501
1500,1523
1501,1502
1501,1524
1502,1503
1502,1525
1503,1504
1503,1526
1504,1527
1521,1522
1521,1544
1522,1523
1522,1545
1523,1524
1523,1546
1524,1525
1524,1547
1525,1526
1525,1548
1526,1527
1507,1529
1543,1544
1544,1545
1545,1546
1546,1547
1547,1548
1029,1030
1029,1031
1030,1031
1034,1056
1074,1093
1086,1109
1093,1095
1095,1097
1117,1118
1118,1137
1121,1140
1121,1142
1126,1148
1140,1142
1142,1162
1148,1150
1162,1163
1163,1164
1163,1165
1163,1182
1164,1165
1180,1181
1180,1182
1181,1182
1203,1226
1213,1214
1213,1215
1214,1215
1214,1235
1215,1235
1231,1253
1235,1236
1236,1238
1238,1261
1270,1271
1271,1291
1294,1314
1378,1380
1422,1423
1422,1424
1423,1424
1441,1464
1441,1486
1444,1464
1474,1517
1486,1488
1488,1489
1511,1530
1529,1530
1529,1531
1530,1531
1531,1533
1533,1553
1533,1554
1553,1554
1554,1555
1555,1574
1572,1574
