0,803
0,1410
0,563
0,1560
803,781
803,804
803,824
1410,714
1410,737
1410,1409
563,18
563,171
563,520
1560,541
1560,652
1560,693
1,24
1,131
1,823
1,1040
24,47
24,1063
24,1085
131,110
131,262
131,1023
823,822
823,824
823,800
1040,1017
1040,1041
1040,1039
2,3
2,25
2,1064
2,1563
3,4
3,26
3,1564
25,48
25,1174
25,1563
1064,1041
1064,1065
1064,1087
1563,1152
1563,1564
4,5
4,27
4,1565
26,49
26,1173
26,1219
1564,45
1564,1565
5,28
5,1351
5,1566
27,28
27,50
27,1196
1565,1542
1565,1566
28,29
28,51
1351,1350
1351,1352
1351,1374
1566,1543
1566,1567
6,7
6,29
6,1439
6,1567
7,8
7,30
7,1568
29,30
29,52
1439,1438
1439,1440
1439,1394
1567,1544
1567,1568
8,9
8,31
8,1569
30,31
30,53
1568,1545
1568,1569
9,10
9,32
9,1570
31,54
31,703
1569,1546
1569,1570
10,11
10,1550
10,1571
32,13
32,55
32,879
1570,575
1570,1547
11,747
11,989
11,1032
1550,1332
1550,1527
1550,1573
1571,1396
1571,1507
1571,1548
747,724
747,726
747,746
989,34
989,143
989,987
1032,210
1032,1031
1032,1033
12,836
12,901
12,1442
12,1573
836,837
836,857
836,859
901,925
901,1551
901,899
1442,33
1442,637
1442,1419
1573,122
1573,1397
13,1076
13,1512
13,1097
1076,56
1076,211
1076,275
1512,17
1512,1510
1512,1511
1097,1095
1097,1098
1097,1099
14,1335
14,255
14,1338
14,1336
1335,1312
1335,1358
1335,1334
255,254
255,256
255,1470
1338,61
1338,1336
1338,1337
1336,1334
1336,1337
15,59
15,300
15,1118
15,1448
59,36
59,1295
59,1444
300,1316
300,542
300,409
1118,1116
1118,1117
1118,1119
1448,168
1448,520
1448,1446
16,1141
16,1230
16,1120
16,148
1141,1140
1141,1142
1141,1161
1230,318
1230,471
1230,1228
1120,166
1120,966
1120,1119
148,410
148,301
148,1253
17,1340
17,1470
17,189
1340,343
1340,388
1340,1339
1470,431
1470,476
189,278
189,1251
189,1491
18,171
18,432
18,1490
171,280
171,433
432,366
432,1429
432,1581
1490,1488
1490,1489
1490,1492
19,718
19,105
19,1515
19,152
718,282
718,564
718,632
105,1472
105,193
105,1359
1515,321
1515,389
1515,541
152,151
152,153
152,869
20,1581
20,1474
20,802
20,1365
1581,260
1581,760
1474,1453
1474,1497
1474,1516
802,647
802,779
802,825
1365,453
1365,540
1365,1342
21,564
21,304
21,759
21,1450
564,130
564,1473
304,303
304,521
304,370
759,626
759,1454
759,1541
1450,386
1450,672
1450,691
22,173
22,1498
22,1023
22,735
173,283
173,499
173,673
1498,1475
1498,1499
1498,1521
1023,1022
1023,1024
735,1473
735,1213
735,801
23,46
23,1021
23,1107
23,1260
46,45
46,47
46,69
1021,998
1021,1020
1021,1022
1107,1084
1107,1106
1107,1259
1260,1237
1260,1283
1260,1238
47,48
47,70
1063,66
1063,757
1063,1061
1085,1062
1085,1108
1085,1130
48,49
48,71
1174,286
1174,1151
1174,1197
49,50
49,72
1173,1172
1173,1196
1173,1171
1219,286
1219,1218
1219,1220
50,51
50,73
1196,156
1196,1328
51,52
51,74
52,53
52,75
53,54
53,76
54,55
54,77
703,680
703,683
703,704
55,56
55,251
879,684
879,858
879,878
33,858
33,1033
33,1463
858,317
858,859
1033,296
1033,1031
1463,441
1463,1440
1463,1484
34,946
34,1356
34,1164
946,382
946,947
946,967
1356,1355
1356,1357
1356,1337
1164,1163
1164,1165
1164,1183
35,1465
35,899
35,834
35,1487
1465,1441
1465,1464
1465,1467
899,898
899,918
834,833
834,835
834,857
1487,1468
1487,1485
1487,1486
36,1531
36,1143
36,234
1531,101
1531,1529
1531,1533
1143,103
1143,297
1143,408
234,125
234,211
234,1428
37,1095
37,192
37,257
37,1532
1095,1094
1095,1096
192,61
192,1385
192,1426
257,106
257,126
257,1273
1532,101
1532,103
1532,1513
38,1556
38,298
38,1381
38,1316
1556,1555
1556,1557
1556,1558
298,1468
298,341
298,1056
1381,1358
1381,1404
1381,1379
1316,1297
1316,1315
39,587
39,629
39,1579
39,1577
587,150
587,326
587,737
629,477
629,496
629,561
1579,433
1579,1578
1577,169
1577,299
1577,366
40,238
40,1495
40,457
40,195
238,237
238,239
238,807
1495,495
1495,649
1495,1496
457,673
457,675
457,762
195,520
195,345
195,608
41,1471
41,1405
41,541
41,433
1471,128
1471,191
1471,387
1405,583
1405,585
1405,606
541,235
433,1428
42,1539
42,1408
42,413
42,1452
1539,519
1539,1538
1539,1559
1408,429
1408,494
1408,604
413,64
413,86
413,674
1452,86
1452,453
1452,758
43,1541
43,1387
43,1518
43,606
1541,648
1541,713
1387,583
1387,712
1387,715
1518,627
1518,1497
1518,1538
606,1517
606,691
44,868
44,717
44,129
44,1497
868,739
868,867
868,869
717,106
717,761
717,1583
129,738
129,1582
129,825
1497,694
45,68
45,1475
68,67
68,69
68,91
1475,604
1475,1453
69,70
69,92
70,71
70,93
71,72
71,94
72,73
72,95
73,74
73,96
74,75
74,97
75,76
75,98
76,77
76,99
77,100
77,1509
56,57
56,79
251,250
251,252
251,274
57,1508
57,1533
57,1552
79,102
79,1012
79,1575
1508,1507
1508,1509
1508,1510
1533,1513
1533,1534
1552,1551
1552,1553
1552,1554
58,81
58,1534
58,1555
58,103
81,82
81,320
81,1557
1534,62
1534,1535
1555,1553
1555,1554
103,1491
1295,60
1295,1384
1295,1293
1444,1425
1444,1446
1444,1464
60,1274
60,1513
60,1271
1274,363
1274,408
1274,1272
1513,1511
1271,1269
1271,1270
1271,1272
61,236
61,521
236,213
236,388
236,259
521,477
521,654
62,258
62,497
62,323
258,256
258,281
258,1428
497,1492
497,540
497,1253
323,150
323,194
323,1558
63,324
63,345
63,693
63,149
324,562
324,1428
324,474
345,172
345,366
693,1540
693,1451
149,673
149,500
149,1339
64,1496
64,1517
64,456
1496,560
1496,1519
1517,65
1517,627
456,720
456,698
456,827
65,128
65,303
65,760
128,628
128,653
303,127
303,280
760,369
760,1538
66,67
66,89
66,153
67,90
67,1108
89,88
89,90
89,112
153,132
153,805
90,91
90,113
1108,157
1108,1131
91,92
91,114
92,93
92,115
93,94
93,116
94,95
94,117
95,96
95,118
96,97
96,119
97,98
97,120
98,99
98,121
99,100
99,900
100,123
100,900
1509,1489
1509,1507
78,1445
78,1466
78,1315
78,1096
1445,147
1445,167
1445,1425
1466,1140
1466,1443
1466,1464
1315,1294
1315,1314
1096,1077
1096,1094
102,1185
102,1251
102,342
1012,404
1012,1011
1012,1035
1575,1574
1575,1576
80,320
80,1207
80,1184
80,1205
320,1469
320,474
1207,232
1207,1139
1207,1186
1184,1182
1184,1183
1184,1185
1205,1203
1205,1204
1205,1206
82,1580
82,1559
82,1318
1557,1559
1557,1576
1580,408
1580,478
1580,672
1559,216
1318,341
1318,344
1318,409
83,106
83,126
83,609
83,1296
106,107
126,125
126,1362
609,259
609,607
609,677
1296,385
1296,1273
1296,1319
84,605
84,518
84,674
84,586
605,455
605,607
605,716
518,85
518,410
518,1451
674,545
674,694
586,519
586,588
586,1472
85,367
85,826
85,130
367,544
367,1403
367,1407
826,392
826,825
826,849
130,806
130,913
86,237
86,498
237,193
237,214
498,366
498,411
498,1364
87,827
87,1476
87,283
87,762
827,677
827,804
1476,1477
1476,1499
1476,1453
283,108
283,281
762,194
762,695
88,109
88,805
88,847
109,108
109,671
109,219
805,371
805,499
847,846
847,848
847,870
112,111
112,113
112,135
113,114
113,136
114,115
114,137
115,116
115,138
116,117
116,139
117,118
117,140
118,119
118,141
119,120
119,142
120,121
120,143
121,122
121,232
900,877
900,923
123,122
123,146
123,1554
101,1467
101,967
1467,144
1467,1468
967,966
967,968
1185,365
1185,1140
1251,166
1251,1250
342,1121
342,1536
342,1166
1491,408
1491,1472
104,1489
104,215
104,368
104,1361
1489,1488
215,476
215,676
215,387
368,261
368,1514
368,562
1361,1359
1361,1360
1361,1363
1472,389
193,170
193,216
1359,1357
1359,1360
107,108
107,632
107,346
108,478
632,654
632,809
346,761
346,522
346,588
478,720
478,783
671,1341
671,1432
671,801
219,198
219,218
219,915
110,111
110,133
110,1131
111,134
111,1283
133,132
133,134
133,156
1131,267
1131,1154
134,135
134,157
1283,1282
1283,1284
135,136
135,158
136,137
136,159
137,138
137,160
138,139
138,161
139,140
139,162
140,141
140,163
141,142
141,164
142,143
142,165
143,990
122,164
232,231
232,233
164,163
164,187
146,145
146,147
146,1404
1554,1553
124,125
124,1252
124,1357
124,1206
125,1341
1252,322
1252,1253
1252,1275
1357,1355
1206,1186
1206,1204
1341,627
1341,1253
1362,519
1362,538
1362,603
127,1449
127,343
127,259
1449,194
1449,212
1449,1469
343,277
343,1317
259,654
628,344
628,542
628,736
653,412
653,435
653,740
738,562
738,652
738,758
1582,260
1582,1561
1582,1562
825,824
806,458
806,459
806,807
913,912
913,914
913,936
262,263
262,1069
262,544
132,892
132,1045
892,416
892,891
892,893
1045,176
1045,1022
1045,1044
156,179
156,1067
157,180
157,1259
158,159
158,181
158,1130
159,160
159,182
160,161
160,183
161,162
161,184
162,163
162,185
163,186
165,188
165,1100
165,1055
990,991
990,1011
990,1013
144,145
144,987
144,1314
145,211
145,965
987,986
987,1443
1314,1294
1314,1313
211,188
965,944
965,945
965,964
147,170
147,169
1404,1385
1404,1402
170,151
170,477
169,454
169,1227
410,364
410,1536
301,1537
301,631
301,390
673,172
500,546
500,719
500,502
1339,1337
1339,1358
150,1561
150,344
1561,583
1561,1562
344,542
151,741
151,695
741,807
741,983
741,743
695,282
695,891
869,284
869,870
154,155
154,177
154,1154
154,1175
155,178
155,1369
155,1415
177,176
177,178
177,200
1154,483
1154,1155
1175,1152
1175,1176
1175,1198
178,179
178,201
1369,1368
1369,1370
1369,1392
1415,1414
1415,1416
1415,1438
179,180
179,202
1067,1066
1067,1068
1067,1198
180,181
180,203
1259,1258
1259,1238
181,182
181,204
1130,199
1130,1153
182,183
182,205
183,184
183,206
184,185
184,207
185,186
185,208
186,187
186,686
187,210
187,1057
188,166
188,1013
1100,318
1100,1098
1100,1101
1055,426
1055,1075
1055,1077
166,1208
1208,275
1208,406
1208,429
167,209
167,191
167,1186
209,208
209,210
209,1054
191,190
191,214
1186,1188
168,386
168,256
168,1424
386,385
386,387
256,279
1424,1403
1424,1422
1424,1423
454,1363
454,1360
454,1514
1227,1225
1227,1226
1227,1228
477,631
280,279
280,281
172,327
172,719
327,326
327,328
327,350
719,499
719,786
499,414
174,175
174,197
174,240
174,348
175,828
175,1024
175,1520
197,176
197,1066
197,437
240,239
240,241
240,347
348,325
348,349
348,371
828,523
828,829
828,851
1024,525
1024,1001
1520,1519
1520,1521
1520,1543
176,958
958,935
958,957
958,959
200,199
200,201
200,223
201,202
201,224
202,203
202,225
203,204
203,226
204,205
204,227
205,206
205,228
206,207
206,229
207,208
207,230
208,339
686,597
686,709
686,1015
210,233
1057,318
1057,557
1057,1036
1013,425
1013,534
278,277
278,279
278,1514
190,322
190,1401
190,1384
322,277
322,1494
1401,1382
1401,1399
1401,1402
1384,409
1384,584
214,213
214,434
1385,451
1385,1406
1426,1425
1426,1427
1426,1446
216,217
216,455
194,784
784,434
784,567
784,1046
520,1494
608,347
608,412
608,435
196,542
196,633
196,846
196,1540
633,522
633,829
633,765
846,648
846,845
1540,715
1540,757
1066,1043
1066,1065
437,218
437,526
437,938
198,199
198,980
198,1111
199,1110
980,957
980,979
980,981
1111,220
1111,483
1111,1110
1110,1087
1110,1133
223,222
223,224
223,246
224,225
224,247
225,226
225,248
226,227
226,249
227,228
227,250
228,229
228,880
229,230
229,252
230,231
230,253
339,316
339,338
339,340
1054,319
1054,1052
1054,1053
233,1229
233,1358
212,1382
212,1447
212,1319
1382,1380
1382,1383
1447,321
1447,411
1447,1446
1319,558
1319,1320
213,235
213,430
235,1273
235,455
430,1364
430,1187
430,539
434,325
434,720
476,543
476,1537
676,326
676,589
676,764
387,302
217,218
217,630
217,610
455,501
218,804
630,543
630,696
630,631
610,390
610,743
610,853
804,783
915,284
915,656
915,916
220,221
220,241
220,243
221,222
221,265
221,1044
241,871
241,1132
243,242
243,244
243,266
222,244
222,245
265,264
265,266
265,288
1044,1043
1044,1087
244,245
244,1199
245,246
245,268
246,247
246,269
247,248
247,270
248,249
248,271
249,250
249,272
250,273
880,881
880,903
880,924
252,253
252,773
231,295
231,902
253,254
253,276
295,294
295,296
295,512
902,903
902,922
902,1011
1229,297
1229,363
1229,1209
1273,340
388,369
388,1451
239,739
239,848
807,591
739,565
739,959
848,263
848,849
347,849
347,651
871,546
871,870
871,872
1132,307
1132,397
1132,1133
242,263
242,395
242,936
263,305
395,372
395,374
395,396
936,545
936,935
266,267
266,289
1199,1198
1199,1200
1199,1222
268,267
268,269
268,291
269,270
269,292
270,271
270,293
271,272
271,294
272,273
272,968
273,274
273,296
274,275
274,579
773,750
773,774
773,796
254,1187
254,1231
276,275
276,277
276,299
1187,407
1187,581
1231,409
1231,451
1231,1211
279,302
281,519
654,698
260,480
260,544
480,461
480,984
480,1113
544,589
261,285
261,781
261,370
285,264
285,284
285,394
781,780
781,782
370,808
370,960
1069,438
1069,962
1069,1068
305,306
305,328
305,849
264,287
264,482
287,286
287,288
287,310
482,459
482,483
482,505
288,289
288,311
267,290
289,290
289,312
290,291
290,313
291,292
291,314
292,293
292,315
293,294
293,316
294,317
968,969
968,991
296,297
579,556
579,602
579,819
299,1383
299,431
1514,517
302,325
302,391
282,435
282,1583
435,655
1583,649
284,1026
1026,393
1026,1025
1026,1158
394,371
394,417
394,893
286,307
307,306
307,393
310,309
310,311
310,333
311,312
311,334
312,313
312,335
313,314
313,336
314,315
314,337
315,316
315,338
316,317
317,383
512,489
512,511
512,753
297,1317
1317,451
1317,1297
1468,1469
341,321
341,1121
1056,319
1056,340
1056,382
1383,453
1383,1363
431,1342
431,651
1537,390
1537,543
631,652
390,1493
325,326
391,389
391,523
391,960
306,329
306,981
328,329
328,873
329,308
329,330
981,526
981,763
393,416
393,852
308,309
308,331
308,1306
309,332
309,1416
331,330
331,332
331,354
1306,1305
1306,1307
1306,1329
332,333
332,355
1416,1393
1416,1417
333,334
333,356
334,335
334,357
335,336
335,358
336,337
336,359
337,338
337,360
338,361
383,382
383,384
383,1080
318,493
493,427
493,1079
493,1166
319,471
319,1232
471,559
471,1210
1232,385
1232,560
1232,1255
1469,1488
474,1189
474,517
321,496
496,472
496,1298
1494,649
1494,694
1558,452
1558,584
562,1453
350,349
350,351
350,373
873,566
873,872
873,874
330,351
330,353
351,1197
351,1241
353,352
353,354
353,376
354,355
354,377
355,356
355,378
356,357
356,379
357,358
357,380
358,359
358,381
359,360
359,578
360,491
360,710
361,362
361,381
361,881
340,427
427,384
427,469
1121,1119
1121,1122
1536,1516
1536,1538
1166,365
1166,470
761,458
761,780
522,411
522,414
588,392
588,566
651,479
651,716
349,372
349,612
371,895
372,373
372,1003
612,547
612,1202
612,1094
373,352
373,374
1197,1153
1197,1220
1241,1218
1241,1242
1241,1264
352,375
352,1000
375,376
375,398
375,1089
1000,977
1000,999
1000,1001
376,377
376,399
377,378
377,400
378,379
378,401
379,380
379,402
380,381
380,403
381,404
578,555
578,1038
578,776
491,405
491,490
491,602
710,733
710,755
710,1060
362,1058
362,624
362,667
881,882
881,904
1058,1081
1058,1036
1058,1059
624,623
624,625
624,687
667,668
667,1017
667,1212
363,1124
363,1099
1124,777
1124,1105
1124,1123
1099,1079
1099,1098
364,1429
364,1165
364,1254
1429,1427
1429,1430
1165,1145
1165,1163
1254,1191
1254,1275
1254,1277
365,1144
365,1233
1144,470
1144,514
1144,1142
1233,449
1233,472
1233,602
1403,1402
1403,1423
1407,494
1407,1406
1407,1409
369,545
369,763
545,678
763,481
763,830
808,501
808,785
808,809
960,766
960,959
895,635
895,894
895,896
1003,569
1003,613
1003,1002
374,397
374,484
397,398
397,420
484,485
484,505
484,507
398,399
398,421
1089,438
1089,461
1089,1112
399,400
399,422
400,401
400,423
401,402
401,424
402,403
402,425
403,404
403,708
404,687
382,449
449,448
449,580
384,385
384,559
1080,559
1080,623
1080,756
559,1275
1451,1430
389,565
565,850
565,783
1493,412
1493,604
1493,1492
523,1047
523,918
392,782
392,543
782,783
782,937
416,438
416,439
852,851
852,853
852,875
417,418
417,1025
417,502
893,870
893,894
396,419
396,1221
396,1350
419,418
419,420
419,442
1221,1220
1221,1222
1221,1244
1350,1349
1350,1373
420,421
420,443
421,422
421,444
422,423
422,445
423,424
423,446
424,425
424,447
425,601
708,685
708,707
708,709
687,598
687,820
405,406
405,1034
405,1188
406,407
406,1035
1034,428
1034,536
1034,971
1188,517
1188,1190
407,536
407,1321
1035,450
1035,558
536,646
536,1102
1321,561
1321,690
1321,1299
411,1427
1427,1425
412,1535
1535,452
1535,1516
414,611
414,1047
611,959
611,1112
611,1136
1047,504
1047,1046
415,568
415,436
415,524
415,566
568,1179
568,985
568,982
436,459
436,829
436,479
524,723
524,937
524,1177
566,721
438,548
439,418
439,440
439,1179
418,441
1025,1002
1025,1068
502,700
502,764
441,442
441,464
442,443
442,465
443,444
443,466
444,445
444,467
445,446
445,468
446,447
446,683
447,426
447,711
601,1014
601,1039
601,1061
426,533
426,1167
533,510
533,556
533,620
1167,1148
1167,1168
1167,1169
469,468
469,537
469,1059
428,495
428,1145
428,1059
495,451
495,537
1145,1146
1145,1147
1059,626
429,1386
429,539
1386,540
1386,736
1386,1366
539,1256
539,1189
1364,650
1364,780
1342,1363
1342,1366
720,1090
655,766
655,850
655,894
459,635
829,830
479,983
479,696
526,503
526,549
938,937
938,939
938,961
548,525
548,571
548,701
440,463
440,1135
440,1375
1179,1156
1179,1178
463,462
463,464
463,486
1135,636
1135,1112
1135,1246
1375,1352
1375,1374
1375,1376
464,465
464,487
465,466
465,488
466,467
466,489
467,468
467,490
468,794
683,660
683,706
711,492
711,733
711,1344
448,492
448,643
448,665
492,969
492,1082
643,576
643,600
643,1015
665,535
665,642
665,798
580,1170
580,1279
580,713
450,1276
450,1298
450,1209
1276,515
1276,1256
1276,1297
1298,540
1298,1279
1209,1210
1209,1228
452,1492
452,584
584,1430
453,672
672,890
1360,1380
501,481
501,785
698,675
698,740
675,697
675,696
458,787
458,697
787,549
787,788
787,1049
697,1027
697,917
635,658
635,1160
460,982
460,764
460,896
460,785
982,461
982,699
764,810
896,567
896,919
785,1048
461,1114
1114,742
1114,743
1114,1113
462,483
462,485
462,1242
485,486
485,508
1242,549
1242,1265
486,487
486,509
487,488
487,510
488,489
488,511
489,490
490,772
794,771
794,795
794,817
537,514
537,1078
470,1103
470,1079
1103,626
1103,666
1103,731
1079,1078
1210,689
1210,1211
472,581
472,1275
581,560
581,604
473,692
473,475
473,1406
473,1234
692,650
692,716
692,1278
475,1406
475,585
475,1473
1234,514
1234,557
1234,1257
1189,648
1189,1169
517,561
585,561
585,716
1473,650
983,723
983,765
696,740
984,722
984,961
984,1007
1113,589
1113,1091
481,504
481,699
504,1092
504,742
699,1159
699,1006
505,702
505,1245
507,506
507,508
507,530
508,509
508,531
509,510
509,532
510,511
511,534
772,749
772,771
772,795
602,625
969,970
969,992
1082,513
1082,688
1082,1105
494,603
494,1278
603,1192
603,798
1278,648
1278,688
546,503
546,656
700,1267
700,1201
700,1093
503,872
503,525
872,613
525,850
1092,678
1092,1090
1092,1091
742,590
742,1115
702,679
702,725
702,857
1245,1222
1245,1244
1245,1246
506,527
506,529
506,1333
527,528
527,1243
527,1418
529,528
529,530
529,552
1333,723
1333,1310
1333,1506
530,531
530,553
531,532
531,554
532,555
532,1549
534,599
534,1036
753,730
753,776
753,1146
513,600
513,948
513,971
600,820
600,754
948,925
948,947
948,949
971,970
971,972
514,644
644,599
644,709
644,1170
515,1101
515,821
515,538
1101,645
1101,1102
821,798
821,822
821,844
538,1037
538,647
516,647
516,1299
516,670
516,734
647,1081
1299,1280
1299,1300
670,1081
670,1126
670,1411
734,994
734,1258
734,1301
918,919
918,940
723,746
937,914
1177,1176
1177,1178
1177,1157
850,851
549,550
528,551
528,1311
1243,1220
1243,1244
1243,1266
1418,1417
1418,1419
1418,1394
551,550
551,552
551,574
1311,1288
1311,1310
1311,1334
552,553
552,575
553,554
553,576
554,555
554,577
555,556
1549,620
1549,1526
1549,1548
556,973
620,619
620,621
599,576
599,622
1036,1037
535,797
535,995
535,1125
797,774
797,796
797,820
995,972
995,994
995,1018
1125,1123
1125,1126
1125,1127
646,757
646,1322
646,1343
1102,1122
1102,1123
1078,1077
1078,1098
1037,1014
1037,1060
1256,691
1256,1277
589,1049
678,657
678,744
656,679
656,789
547,914
547,634
547,809
914,891
634,569
634,916
634,1203
809,636
571,550
571,572
571,1417
701,724
701,1156
701,1420
550,573
573,572
573,574
573,596
574,575
574,597
575,576
577,622
577,642
577,775
973,950
973,972
973,996
557,729
557,1122
729,706
729,728
729,752
1122,1123
558,668
558,1257
668,713
668,1014
1257,756
1257,1151
560,1279
1279,1280
721,917
721,961
721,985
567,1134
567,740
1134,1115
1134,1133
1134,1136
985,962
985,986
569,570
569,592
570,1200
570,1332
570,1005
592,591
592,593
592,615
1200,590
1200,657
1332,1309
1332,1331
1005,1004
1005,1006
1005,1027
572,593
572,595
1417,596
593,594
593,833
595,594
595,618
595,835
596,597
596,619
597,598
622,621
622,623
642,619
642,641
775,752
775,754
775,798
1038,1015
1038,1061
1038,996
776,777
776,799
819,796
819,818
819,842
1170,714
1170,1345
713,733
582,1277
582,1344
582,645
582,1104
1277,669
1344,689
1344,1367
645,1255
645,1168
1104,690
1104,1081
1104,1127
583,649
1430,1431
737,1322
737,1432
1049,1048
1049,1050
590,939
590,1137
939,916
939,962
1137,1138
1137,1139
1137,1157
591,1027
591,1155
1027,1004
1155,1156
1155,1153
615,594
615,614
615,616
594,617
833,613
833,832
617,616
617,618
617,640
618,619
618,641
835,640
835,814
598,621
598,793
621,730
793,770
793,792
793,816
820,843
754,731
754,1018
1014,991
1039,1016
1039,1062
1061,1084
625,1323
625,799
1192,1172
1192,1190
1192,1193
607,736
607,1562
691,1191
736,1322
1562,1542
677,1046
677,788
743,810
853,830
853,854
1112,1088
1136,744
1136,1116
1202,786
1202,1201
1202,1203
1094,1093
613,614
614,637
614,744
637,616
637,638
744,877
616,639
639,638
639,662
639,1398
640,641
640,663
641,664
730,707
730,731
623,1083
1083,690
1083,1060
1083,1106
1323,1324
1323,1300
1323,1302
799,822
799,1060
626,758
758,1149
627,778
778,777
778,779
778,1322
652,650
765,786
765,1007
916,679
1203,1204
658,659
658,681
658,746
1160,1159
1160,1161
1160,1162
636,659
636,789
659,638
659,660
789,788
789,790
638,661
661,660
661,662
661,684
662,663
662,685
1398,1379
1398,1399
1398,1400
663,664
663,1551
664,685
664,752
1015,992
709,732
1255,732
1255,1235
1168,1148
1168,1149
757,1084
1343,669
1343,1320
1343,1366
766,767
766,940
894,917
679,680
657,854
657,1158
854,855
854,856
1158,745
1158,1138
681,660
681,680
681,682
746,769
684,685
684,707
1551,1462
752,751
666,774
666,1016
666,1017
774,751
1016,689
1016,993
1017,994
1212,1211
1212,1213
1212,1214
669,845
669,1320
845,822
845,844
1320,1297
1126,1127
1126,1146
1411,1388
1411,1412
1411,1434
1432,1433
1432,1455
801,714
801,800
890,867
890,889
890,891
694,1409
1046,1048
788,943
680,1028
1028,1004
1028,1008
1028,1029
682,705
682,1377
682,1462
705,704
705,706
705,728
1377,1354
1377,1400
1377,1376
1462,1461
1462,1441
706,707
688,777
688,1147
1147,712
1147,1146
689,1258
1258,1062
690,1237
1237,1235
1237,1236
1191,1062
1191,1190
1409,1388
917,940
1159,1157
1159,1161
1006,722
1006,1004
1267,1266
1267,1247
1267,1268
1201,1180
1201,1181
1093,1074
1093,1091
724,725
724,1355
1156,1133
1420,1397
1420,1419
1420,1443
725,704
725,726
857,856
704,727
727,726
727,728
727,750
728,751
732,731
732,755
733,756
755,712
755,1171
712,1388
1388,1389
714,800
800,974
715,1516
715,1367
1367,1368
1367,1390
786,832
1090,1088
1090,1091
961,941
722,876
722,898
876,875
876,877
876,1246
898,878
898,897
1355,1354
726,749
749,748
749,750
750,751
756,779
994,993
1301,1194
1301,1302
1301,1324
1213,1211
1213,1214
1115,1116
1115,1117
810,811
810,812
877,878
745,768
745,1244
745,1530
768,767
768,769
768,791
1530,1511
1530,1528
1530,1529
769,748
769,770
748,771
748,924
771,770
924,925
924,947
1018,1019
1018,1041
1171,1172
1171,1169
779,780
1084,1042
1149,1148
1149,1150
1454,1431
1454,1455
1454,1477
830,831
1007,1030
1007,988
767,790
767,1224
940,963
790,791
790,813
1224,1223
1224,1225
1224,1226
791,770
791,792
795,796
795,818
1048,1029
832,831
832,812
943,920
943,966
943,923
813,792
813,814
813,811
792,815
815,814
815,816
815,838
816,817
816,839
817,818
817,840
818,841
814,837
837,838
837,860
838,839
838,861
839,840
839,862
840,841
840,863
841,842
841,864
842,843
842,865
843,844
843,866
844,867
824,1019
851,874
831,811
831,812
859,860
859,882
860,861
860,883
861,862
861,884
862,863
862,885
863,864
863,886
864,865
864,887
865,866
865,888
866,867
866,889
874,875
874,897
875,897
855,856
855,878
855,1334
856,1053
1053,1051
1053,1052
882,883
882,905
883,884
883,906
884,885
884,907
885,886
885,908
886,887
886,909
887,888
887,910
888,889
888,911
889,912
897,920
1246,1247
903,904
903,926
904,905
904,927
905,906
905,928
906,907
906,929
907,908
907,930
908,909
908,931
909,910
909,932
910,911
910,933
911,912
911,934
912,935
919,920
919,921
920,921
923,922
923,921
925,926
922,921
922,1400
1011,1010
926,927
926,949
927,928
927,950
928,929
928,951
929,930
929,952
930,931
930,953
931,932
931,954
932,933
932,955
933,934
933,956
934,935
934,957
1400,1399
947,970
949,950
949,972
950,951
951,952
951,974
952,953
952,975
953,954
953,976
954,955
954,977
955,956
955,978
956,957
956,979
962,941
963,986
963,941
963,942
966,1485
970,993
974,975
974,997
975,976
975,998
976,977
976,999
977,978
978,979
978,1001
979,1002
986,1009
1485,1484
1485,1486
991,992
992,993
996,997
996,1019
997,998
997,1020
998,999
999,1022
1001,1002
1009,1010
1009,988
1009,1008
1443,1441
1019,1020
1020,1043
1030,1031
1030,1010
1030,1029
1010,1008
1041,1042
1043,1042
1068,1070
1031,1029
1042,1065
1065,1240
1087,1086
1240,1217
1240,1263
1240,1346
1198,1261
1105,1128
1105,1106
1106,1086
1127,1150
1128,1129
1128,1151
1128,1109
1150,1151
1150,1148
1129,1152
1129,1239
1129,1109
1152,1304
1239,1216
1239,1262
1239,1238
1153,1176
1139,1312
1139,1138
1312,1289
1312,1290
1140,1138
1304,1281
1304,1303
1304,1305
1176,1309
1345,1368
1345,1326
1345,1346
1172,1193
1309,1308
1309,1310
1178,1157
1178,1180
1193,1216
1193,1194
1216,1217
1216,1195
1194,1217
1194,1431
1217,1218
1431,1433
1195,1218
1195,1214
1195,1215
1328,1305
1328,1327
1328,1329
1222,1223
1223,1204
1223,1225
1225,1226
1226,1249
1249,1248
1249,1250
1249,1247
1262,1263
1262,1285
1262,1261
1263,1264
1263,1286
1346,1327
1346,1348
1264,1265
1264,1287
1265,1266
1265,1288
1266,1289
1247,1248
1248,1228
1248,1250
1250,1269
1285,1284
1285,1286
1285,1308
1286,1287
1286,1505
1287,1288
1287,1310
1288,1289
1289,1268
1280,1281
1280,1300
1281,1282
1281,1519
1282,1305
1282,1261
1519,1542
1284,1307
1284,1261
1307,1308
1307,1330
1308,1331
1505,1482
1505,1504
1505,1506
1302,1303
1302,1300
1324,1325
1324,1347
1303,1326
1303,1325
1326,1325
1326,1327
1329,1330
1329,1352
1330,1331
1330,1353
1331,1354
1325,1348
1347,1348
1347,1370
1347,1327
1348,1349
1352,1353
1353,1354
1353,1376
1506,1507
1506,1486
1366,1389
1368,1391
1370,1371
1370,1393
1349,1371
1349,1372
1373,1372
1373,1374
1373,1396
1374,1397
1376,1378
1389,1390
1389,1412
1390,1391
1390,1413
1391,1392
1391,1414
1392,1393
1392,1371
1371,1372
1393,1394
1372,1395
1395,1394
1395,1396
1395,1440
1396,1419
1397,1378
1412,1413
1412,1435
1413,1414
1413,1436
1414,1437
1434,1433
1434,1435
1434,1457
1435,1436
1435,1458
1436,1437
1436,1459
1437,1438
1437,1460
1438,1461
1433,1456
1455,1456
1455,1478
1456,1457
1456,1479
1457,1458
1457,1480
1458,1459
1458,1481
1459,1460
1459,1482
1460,1461
1460,1483
1461,1484
1440,1421
1477,1478
1477,1500
1478,1479
1478,1501
1479,1480
1479,1502
1480,1481
1480,1503
1481,1482
1481,1504
1482,1483
1483,1484
1483,1528
1499,1500
1499,1522
1500,1501
1500,1523
1501,1502
1501,1524
1502,1503
1502,1525
1503,1504
1503,1526
1504,1527
1528,1527
1528,1529
1521,1522
1521,1544
1522,1523
1522,1545
1523,1524
1523,1546
1524,1525
1524,1547
1525,1526
1525,1548
1526,1527
1542,1543
1543,1544
1544,1545
1545,1546
1546,1547
1547,1548
811,812
941,942
942,944
942,964
944,945
944,964
945,964
945,988
988,1008
1050,1051
1050,1052
1050,1070
1051,1052
1051,1071
1070,1071
1070,1072
1071,1072
1071,1073
1072,1073
1072,1074
1073,1074
1073,1075
1074,1075
1075,1077
1086,1088
1086,1109
1088,1109
1116,1117
1117,1119
1142,1162
1142,1163
1161,1162
1162,1163
1169,1190
1180,1181
1180,1182
1181,1182
1181,1183
1182,1183
1214,1215
1215,1235
1215,1236
1235,1236
1236,1238
1268,1269
1268,1270
1269,1270
1270,1272
1272,1292
1290,1291
1290,1292
1290,1313
1291,1292
1291,1293
1291,1313
1292,1293
1293,1294
1294,1313
1378,1379
1378,1380
1379,1380
1399,1421
1402,1422
1421,1422
1421,1423
1422,1423
1441,1464
1486,1488
1510,1511
1510,1529
1553,1572
1572,1574
1574,1576
1576,1578
