0,892
0,1365
0,1408
0,736
892,132
892,891
892,893
1365,647
1365,736
1365,1343
1408,474
1408,1409
1408,1410
736,44
736,1257
1,24
1,131
1,823
1,1040
24,47
24,1063
24,1324
131,110
131,262
131,1023
823,87
823,822
823,1280
1040,996
1040,1017
1040,1041
2,3
2,25
2,1064
2,1563
3,4
3,26
3,1564
25,48
25,1174
25,1563
1064,1041
1064,1065
1064,1087
1563,1152
1563,1564
4,5
4,27
4,1565
26,49
26,1173
26,1219
1564,45
1564,1565
5,28
5,1351
5,1566
27,28
27,50
27,1196
1565,1542
1565,1566
28,29
28,51
1351,1350
1351,1352
1351,1374
1566,1543
1566,1567
6,7
6,29
6,1439
6,1567
7,8
7,30
7,1568
29,30
29,52
1439,549
1439,1438
1439,1440
1567,1544
1567,1568
8,9
8,31
8,1569
30,31
30,53
1568,1545
1568,1569
9,10
9,32
9,1570
31,54
31,703
1569,1546
1569,1570
10,11
10,1550
10,1571
32,55
32,165
32,879
1570,575
1570,1547
11,747
11,923
11,989
1550,1332
1550,1527
1550,1573
1571,1396
1571,1507
1571,1548
747,724
747,726
747,746
923,143
923,230
923,900
989,167
989,900
989,987
12,836
12,901
12,1442
12,1573
836,837
836,857
836,859
901,880
901,925
901,1485
1442,33
1442,637
1442,1419
1573,99
1573,1397
13,58
13,1249
13,1555
13,1554
58,81
58,1489
58,1207
1249,1030
1249,1247
1249,1248
1555,56
1555,1030
1555,1535
1554,921
1554,943
1554,1534
14,80
14,1443
14,1293
14,1228
80,1357
80,1229
80,1338
1443,35
1443,1420
1443,1424
1293,1007
1293,1031
1293,1291
1228,1209
1228,1227
1228,1230
15,1251
15,1357
15,1335
15,1339
1251,57
1251,147
1251,344
1357,855
1357,1030
1335,1010
1335,1312
1335,1358
1339,167
1339,300
1339,1337
16,1556
16,38
16,1383
16,18
1556,301
1556,388
1556,1557
38,1534
38,103
38,1227
1383,149
1383,1384
1383,1402
18,1559
18,585
18,541
17,1337
17,104
17,235
17,1490
1337,101
1337,1336
104,1272
104,518
104,234
235,84
235,213
235,1273
1490,170
1490,344
1490,1489
1559,42
1559,83
1559,345
585,236
585,388
585,648
541,279
541,410
541,586
19,542
19,63
19,1473
19,1494
542,84
542,453
542,1496
63,85
63,1538
63,346
1473,65
1473,410
1473,604
1494,126
1494,411
1494,691
20,1581
20,1430
20,172
20,717
1581,169
1581,649
1581,737
1430,584
1430,606
1430,1431
172,83
172,673
172,476
717,195
717,739
717,1518
21,216
21,1452
21,108
21,1450
216,193
216,217
216,826
1452,760
1452,1453
1452,1474
108,44
108,107
108,412
1450,257
1450,497
1450,693
22,783
22,848
22,1023
22,1498
783,42
783,762
783,804
848,263
848,847
848,849
1023,1022
1023,1024
1498,1475
1498,1499
1498,1521
23,46
23,1153
23,1347
23,1540
46,45
46,47
46,69
1153,1130
1153,1176
1153,1197
1347,1324
1347,1370
1347,1346
1540,671
1540,759
1540,1518
47,48
47,70
1063,1061
1063,1082
1063,1084
1324,1323
1324,1325
48,49
48,71
1174,307
1174,1151
1174,1197
49,50
49,72
1173,1172
1173,1196
1173,1171
1219,1218
1219,1220
1219,1241
50,51
50,73
1196,156
1196,1328
51,52
51,74
52,53
52,75
53,54
53,76
54,55
54,77
703,680
703,683
703,704
55,56
55,251
165,142
165,187
165,188
879,684
879,858
879,878
33,858
33,1033
33,1463
858,317
858,859
1033,211
1033,296
1033,1009
1463,441
1463,1440
1463,1484
34,946
34,1356
34,1510
34,1576
946,382
946,947
946,967
1356,875
1356,876
1356,1355
1510,1009
1510,1511
1510,1512
1576,1574
1576,1575
1576,1578
35,102
35,1400
35,1382
102,79
102,1340
102,1253
1400,79
1400,965
1400,1377
1382,323
1382,367
1382,1361
36,1513
36,321
36,1271
36,1012
1513,236
1513,1512
1513,1532
321,1186
321,384
321,1381
1271,964
1271,1270
1271,1272
1012,101
1012,404
1012,1011
37,366
37,81
37,1142
37,1316
366,343
366,1470
366,1428
81,82
81,1401
1142,59
1142,365
1142,428
1316,105
1316,144
1316,408
1534,1533
1534,1535
103,1053
103,1205
103,1250
1227,1225
1227,1226
39,257
39,1515
39,1491
39,498
257,433
257,1428
1515,64
1515,125
1515,586
1491,125
1491,1492
1491,1493
498,282
498,607
498,1407
40,693
40,1538
40,1517
40,368
693,1385
693,1493
1538,106
1538,258
1517,651
1517,738
1517,824
368,261
368,762
368,1427
41,454
41,391
41,695
41,561
454,671
454,1404
454,1426
391,151
391,476
391,718
695,347
695,500
695,564
561,432
561,496
561,1321
42,1386
42,674
1386,602
1386,1366
1386,1387
674,324
674,629
674,1561
43,652
43,1409
43,628
43,761
652,62
652,261
652,632
1409,691
1409,1451
628,757
628,1536
628,779
761,390
761,501
761,1582
44,825
44,1433
825,87
825,802
825,826
1433,1432
1433,1434
1433,1456
45,68
45,1475
68,67
68,69
68,91
1475,778
1475,800
69,70
69,92
70,71
70,93
71,72
71,94
72,73
72,95
73,74
73,96
74,75
74,97
75,76
75,98
76,77
76,99
77,100
77,1509
56,57
56,79
251,250
251,252
251,274
57,1208
57,1508
79,1034
1208,166
1208,167
1208,275
1508,615
1508,1507
1508,1509
1489,1487
1489,1488
1207,100
1207,1209
1207,1226
59,1053
59,298
59,1161
1053,1032
1053,1054
298,166
298,1492
298,409
1161,812
1161,1141
1161,1160
60,1512
60,1425
60,1164
60,1381
1512,1514
1425,1405
1425,1424
1425,1444
1164,341
1164,1162
1164,1163
1381,212
1381,1358
61,1385
61,106
61,1428
61,1250
1385,149
1385,320
106,1451
106,303
1428,301
1250,1248
1250,1269
62,238
62,456
62,1561
238,520
238,653
238,1583
456,370
456,565
456,785
1561,171
1561,672
85,649
85,1537
85,737
346,458
346,1471
346,740
64,562
64,326
64,692
562,84
562,213
562,1341
326,325
326,327
326,938
692,669
692,1562
692,1582
65,760
65,1518
65,1453
760,650
760,804
1518,1497
1453,1474
1453,1495
66,67
66,89
66,738
66,824
67,90
67,1108
89,88
89,90
89,112
738,411
738,780
824,846
824,1454
90,91
90,113
1108,157
1108,1085
1108,1131
91,92
91,114
92,93
92,115
93,94
93,116
94,95
94,117
95,96
95,118
96,97
96,119
97,98
97,120
98,99
98,121
99,100
100,123
1509,919
1509,964
78,1163
78,1401
78,1338
78,988
1163,1143
1163,1162
1401,1006
1401,1399
1338,1318
1338,1336
988,1138
988,1073
988,1511
1034,1036
1034,1054
1034,1056
1229,232
1229,253
1229,297
82,1580
82,432
82,1426
1580,128
1580,651
1580,672
432,431
432,1471
1426,170
1426,1424
83,105
83,453
105,411
105,1341
453,1406
453,1230
84,1558
1558,149
1558,300
1558,606
649,629
649,716
1537,1535
1537,1557
1537,1579
737,194
737,260
86,694
86,392
86,304
86,260
694,109
694,586
694,608
392,415
392,437
392,611
304,196
304,302
304,412
260,151
260,477
87,868
87,1541
868,867
868,869
868,1042
1541,88
1541,713
1541,847
88,109
88,805
109,218
109,282
805,371
805,544
805,631
112,111
112,113
112,135
113,114
113,136
114,115
114,137
115,116
115,138
116,117
116,139
117,118
117,140
118,119
118,141
119,120
119,142
120,121
120,143
121,122
121,145
123,122
123,146
123,1077
101,902
101,1422
902,231
902,903
902,922
1422,1402
1422,1421
1422,1423
1340,386
1340,517
1340,1341
1253,449
1253,451
1253,582
1205,812
1205,1204
1205,1206
1272,320
1272,1273
518,128
518,650
518,1406
234,190
234,211
234,1188
411,1447
1341,428
1451,473
1451,560
303,217
303,389
303,784
107,781
107,127
107,739
781,261
781,780
781,1410
127,212
127,410
127,129
739,455
739,762
412,169
412,499
218,217
218,219
218,869
282,128
282,762
110,111
110,133
110,1131
111,134
111,1283
133,132
133,134
133,156
1131,267
1131,1154
134,135
134,157
1283,1260
1283,1282
1283,1284
135,136
135,158
136,137
136,159
137,138
137,160
138,139
138,161
139,140
139,162
140,141
140,163
141,142
141,164
142,143
143,990
122,164
122,166
145,146
145,1424
145,362
164,163
164,187
166,1162
146,147
146,1469
1077,1057
1077,1075
1077,1078
124,1294
124,1362
124,1121
124,1315
1294,1274
1294,1292
1294,1295
1362,212
1362,299
1362,495
1121,363
1121,1119
1121,1122
1315,1031
1315,1313
1315,1314
125,365
125,1446
365,322
365,342
1446,1444
1446,1445
1446,1447
126,390
126,1514
126,388
390,740
390,696
1514,389
1514,452
388,540
212,193
410,148
129,236
129,588
129,499
128,1539
1539,520
1539,757
1539,1497
236,544
588,215
588,564
588,677
499,1516
499,564
130,175
130,283
130,565
130,715
175,174
175,828
175,1520
283,281
283,394
283,676
565,545
565,589
715,1474
715,1344
715,782
262,263
262,437
262,827
132,1045
132,173
1045,176
1045,1022
1045,1044
173,196
173,415
173,522
156,179
156,1067
157,180
157,1259
158,159
158,181
158,1130
159,160
159,182
160,161
160,183
161,162
161,184
162,163
162,185
163,186
990,991
990,1011
990,1013
144,1230
144,1577
144,1119
1230,406
1577,169
1577,323
1577,344
1119,1118
1119,1120
362,514
362,428
362,1187
147,193
147,1187
1469,1449
1469,1467
1469,1468
193,563
1187,539
1187,1186
148,256
148,1358
148,496
256,254
256,258
256,279
1358,190
496,1470
496,1492
149,519
519,323
519,1448
519,1449
150,151
150,1427
150,632
150,500
151,153
1427,276
1427,343
632,152
632,630
500,478
500,501
153,393
153,347
153,479
152,716
152,521
152,457
716,455
716,804
521,324
521,1536
521,782
457,414
457,720
457,653
393,416
393,678
393,1026
347,239
347,698
479,651
479,873
479,634
154,155
154,177
154,1154
154,1175
155,178
155,1132
155,1415
177,176
177,178
177,200
1154,483
1154,1155
1175,1152
1175,1176
1175,1198
178,179
178,201
1132,241
1132,307
1132,397
1415,1414
1415,1416
1415,1438
179,180
179,202
1067,328
1067,1066
1067,1198
180,181
180,203
1259,801
1259,1107
1259,1258
181,182
181,204
1130,1085
1130,1150
182,183
182,205
183,184
183,206
184,185
184,207
185,186
185,208
186,187
186,686
187,210
188,211
188,233
188,1553
1162,1160
167,209
209,208
209,210
209,1185
168,1403
168,1076
168,1097
168,1098
1403,233
1403,1384
1403,1402
1076,189
1076,275
1076,1074
1097,1096
1097,1099
1097,1117
1098,318
1098,966
1098,1096
169,171
171,696
171,1448
170,563
170,477
563,280
563,650
477,606
477,610
696,280
696,590
1448,192
1448,367
673,369
673,587
673,784
476,630
476,1429
196,631
196,1583
415,437
415,742
522,675
522,741
174,197
174,240
174,849
197,176
197,1066
197,1068
240,241
240,718
240,826
849,305
849,826
828,765
828,829
828,851
1520,1519
1520,1521
1520,1543
176,958
958,935
958,957
958,959
200,199
200,201
200,223
201,202
201,224
202,203
202,225
203,204
203,226
204,205
204,227
205,206
205,228
206,207
206,229
207,208
207,967
208,339
686,533
686,597
686,709
210,233
210,1317
211,1467
233,232
1553,963
1553,1552
1553,1572
189,1144
189,1206
189,1120
1144,343
1144,409
1144,1143
1206,190
1206,1204
1120,191
1120,1118
190,191
191,214
191,1295
214,213
214,237
214,434
1295,431
1295,1384
192,606
192,1533
192,1274
1533,1532
1533,1535
1274,1254
1274,1273
194,239
194,566
194,1536
239,653
239,677
566,458
566,481
566,520
1536,543
195,633
195,1583
195,607
633,917
633,852
633,1006
1583,543
607,478
607,540
631,589
631,611
1066,1043
1066,1065
1068,438
1068,786
1068,1069
198,199
198,219
198,980
198,1111
199,1110
199,1284
219,261
219,915
980,957
980,979
980,981
1111,220
1111,483
1111,936
1110,1087
1110,1133
1110,1088
1284,1285
1284,1307
223,222
223,224
223,246
224,225
224,247
225,226
225,248
226,227
226,249
227,228
227,250
228,229
228,880
229,230
229,252
967,966
967,968
339,316
339,338
339,340
1185,276
1185,1165
1185,1183
1317,297
1317,340
1317,472
1467,1466
1467,1468
213,237
237,718
237,324
434,258
434,325
434,784
215,544
215,501
215,300
544,523
501,917
300,1231
217,763
763,827
763,807
763,961
869,284
869,870
915,285
915,656
915,916
220,221
220,241
220,243
221,222
221,265
221,1044
241,871
243,242
243,244
243,266
222,244
222,245
265,264
265,266
265,288
1044,1043
1044,1087
244,245
244,1199
245,246
245,268
246,247
246,269
247,248
247,270
248,249
248,271
249,250
249,272
250,273
880,881
880,924
230,231
230,535
252,253
252,773
231,232
231,295
535,797
535,995
535,1060
232,1013
295,294
295,296
295,512
1013,297
1013,425
1188,625
1188,1186
1188,1190
1273,340
718,698
324,1557
520,609
653,742
677,414
677,675
871,546
871,870
871,872
242,263
242,395
242,936
263,305
395,372
395,374
395,396
936,913
936,935
266,267
266,289
1199,1198
1199,1200
1199,1222
268,267
268,269
268,291
269,270
269,292
270,271
270,293
271,272
271,294
272,273
272,968
273,274
273,296
274,275
274,579
253,254
253,1210
773,750
773,774
773,796
254,1252
254,278
1210,471
1210,492
1210,583
1252,340
1252,406
1252,1275
278,277
278,279
278,1405
255,431
255,385
255,1209
255,1579
431,1495
385,384
385,386
385,1035
1209,516
1579,259
1579,364
258,281
279,302
433,740
433,1493
433,676
281,435
281,1472
259,650
259,435
259,741
435,654
435,676
741,504
741,1092
437,526
827,609
827,916
305,306
305,328
264,285
264,287
264,482
285,284
285,1087
287,286
287,288
287,310
482,459
482,483
482,505
288,289
288,311
267,290
289,290
289,312
290,291
290,313
291,292
291,314
292,293
292,315
293,294
293,316
294,317
968,969
968,991
296,297
275,276
579,556
579,602
579,819
276,277
277,342
277,1275
342,539
342,1100
1275,582
1275,648
1405,341
1405,367
302,325
302,387
280,413
280,1472
413,719
413,785
413,655
1472,473
1472,627
394,371
394,417
394,893
676,590
284,981
284,1026
981,306
981,526
1026,1025
1026,1158
286,307
286,1198
286,1242
307,306
1242,462
1242,549
1242,1241
310,309
310,311
310,333
311,312
311,334
312,313
312,335
313,314
313,336
314,315
314,337
315,316
315,338
316,317
317,688
512,489
512,511
512,753
1492,564
409,455
409,452
299,430
299,1276
299,1471
430,345
430,1298
430,1404
1276,341
1276,689
1276,1256
1471,408
1231,320
1231,537
1231,1232
301,369
301,1296
369,370
369,675
1296,363
1296,452
1296,473
325,348
387,386
387,1361
387,1319
389,608
389,1470
784,782
306,329
328,329
328,460
329,308
329,330
308,309
308,331
308,1306
309,332
309,1416
331,330
331,332
331,354
1306,1305
1306,1307
1306,1329
332,333
332,355
1416,1393
1416,1417
333,334
333,356
334,335
334,357
335,336
335,358
336,337
336,359
337,338
337,360
338,361
688,645
688,1189
688,1192
318,1055
318,1232
318,449
1055,406
1055,426
1055,428
1232,407
1232,497
449,513
449,1166
319,426
319,1079
319,1099
319,1101
426,1103
426,1035
1079,1057
1079,1078
1079,1080
1099,451
1099,966
1101,1081
1101,1100
1101,1102
320,516
516,429
516,1124
1186,1184
384,383
384,472
322,408
322,1560
322,1447
408,583
1560,344
1560,648
1560,714
1447,1449
323,1470
1557,455
348,349
348,371
348,829
327,350
327,436
327,829
938,460
938,896
938,937
350,349
350,351
350,373
436,459
436,524
436,983
829,766
460,1265
460,806
330,351
330,353
351,1197
351,1244
353,352
353,354
353,376
354,355
354,377
355,356
355,378
356,357
356,379
357,358
357,380
358,359
358,381
359,360
359,578
360,491
360,710
361,381
361,881
361,1014
341,1035
1035,407
539,714
539,1516
1100,493
1100,495
343,1363
1363,364
1363,495
1363,497
345,586
345,630
630,475
458,918
458,523
740,720
698,502
698,873
349,372
349,830
371,895
372,373
372,1003
830,831
830,1246
830,1312
373,352
373,374
1197,1220
1244,745
1244,1221
1244,1243
352,375
352,1000
375,376
375,398
375,1089
1000,977
1000,999
1000,1001
376,377
376,399
377,378
377,400
378,379
378,401
379,380
379,402
380,381
380,403
381,404
578,555
578,776
578,1038
491,490
491,602
491,667
710,733
710,755
710,1060
881,882
881,904
1014,601
1014,668
1014,991
514,451
514,558
514,1059
363,1056
363,1167
1056,493
1056,1057
1167,427
1167,450
1167,1166
364,1319
364,1165
1319,605
1319,1297
1165,1166
1165,1184
367,1429
1429,517
1429,538
370,1025
370,587
675,721
1025,417
1025,1002
587,1582
587,872
895,635
895,894
895,896
1003,569
1003,613
1003,1002
374,397
374,484
397,398
397,420
484,485
484,505
484,507
398,399
398,421
1089,438
1089,526
1089,1112
399,400
399,422
400,401
400,423
401,402
401,424
402,403
402,425
403,404
403,708
404,687
382,383
382,994
382,469
383,1189
383,427
994,447
994,995
994,1017
469,468
469,665
469,1081
1189,560
1189,689
427,1080
427,1168
472,1037
472,1058
386,1342
1342,450
1342,538
1342,581
1361,1359
1361,1360
540,759
540,670
608,475
608,719
611,1091
611,1090
416,439
416,765
416,700
678,811
678,699
678,1268
417,418
417,937
893,870
893,894
396,419
396,1221
396,1350
419,418
419,420
419,442
1221,1220
1221,1222
1350,1349
1350,1373
420,421
420,443
421,422
421,444
422,423
422,445
423,424
423,446
424,425
424,447
425,601
708,685
708,707
708,709
687,598
687,624
687,820
405,667
405,993
405,1011
405,1015
667,1038
667,1213
993,970
993,1016
993,1170
1011,1010
1015,689
1015,798
1015,1169
406,1080
1080,407
407,1255
1255,1233
1255,1254
1255,1256
583,1449
583,1516
452,475
719,545
719,782
785,609
785,809
655,766
655,850
655,1116
414,699
414,481
699,720
699,875
481,744
481,1155
742,502
742,697
439,418
439,440
439,636
765,832
765,1134
700,591
700,916
700,764
418,441
937,524
937,914
441,442
441,464
442,443
442,465
443,444
443,466
444,445
444,467
445,446
445,468
446,447
446,683
447,711
601,1039
601,1061
1103,713
1103,1104
1103,1122
1168,429
1168,1149
1168,1166
429,1124
429,582
1124,1123
1124,1126
582,1344
1298,494
1298,670
1298,735
1404,474
1404,497
1495,759
1495,1496
1493,627
654,543
654,984
654,1070
459,635
459,806
524,723
524,894
983,1202
983,1181
983,1179
526,549
438,548
438,1158
548,525
548,571
548,701
1158,679
1158,745
440,463
440,1112
440,1375
636,614
636,659
636,1289
463,462
463,464
463,486
1112,614
1112,1135
1375,1352
1375,1374
1375,1376
464,465
464,487
465,466
465,488
466,467
466,489
467,468
467,490
468,794
683,660
683,706
711,778
711,1062
711,1145
448,643
448,665
448,732
448,1036
643,576
643,600
643,731
665,642
665,798
732,709
732,778
732,1280
1036,450
1036,1037
513,600
513,948
513,1082
450,1321
1321,780
1321,800
451,1297
1297,1318
1297,1320
475,1360
1406,538
1406,605
671,1212
671,1300
720,567
918,634
918,1049
918,1355
523,1004
523,1048
635,503
635,658
806,850
806,913
1265,1264
1265,1266
1265,1288
461,1133
461,1179
461,1223
461,722
1133,590
1133,1156
1179,1156
1179,1178
1223,612
1223,811
1223,1222
722,1177
722,1333
722,1071
462,483
462,485
485,486
485,508
486,487
486,509
487,488
487,510
488,489
488,511
489,490
490,772
794,771
794,795
794,817
1081,690
1081,1082
470,1059
470,559
470,646
470,1060
1059,800
1059,992
559,474
559,1344
559,1364
646,1058
646,1125
646,1345
1060,1083
471,1278
471,1212
471,647
1278,1277
1278,1279
1278,1280
1212,1211
1212,1214
647,1192
647,1299
1037,493
1037,1039
1058,515
1058,668
473,627
627,1364
474,1211
1211,1190
1211,1213
1360,1359
1360,1380
610,567
610,809
610,982
478,697
478,852
697,940
697,873
852,940
852,1157
651,584
873,1048
634,1134
634,1048
480,591
480,743
480,850
480,897
591,547
591,592
743,1334
743,851
743,898
850,525
897,874
897,877
897,943
744,1030
744,1117
744,1092
1155,960
1155,1156
505,702
505,1245
507,506
507,508
507,530
508,509
508,531
509,510
509,532
510,511
510,533
511,534
772,749
772,771
772,795
602,625
492,969
492,1016
492,493
969,555
969,970
1016,666
1016,1039
494,992
494,1407
494,604
992,991
992,1234
1407,517
1407,672
604,560
604,1169
495,1190
1190,1191
1516,626
917,808
917,1136
502,940
502,1048
940,721
503,525
503,872
503,959
525,1024
872,851
959,612
959,960
504,568
504,1177
504,1046
568,1004
568,1135
568,1093
1177,1176
1177,1178
1046,1047
1046,1088
1046,1090
702,679
702,725
702,857
1245,547
1245,899
1245,1222
506,527
506,529
506,1333
527,528
527,1243
527,1418
529,528
529,530
529,552
1333,1310
1333,1506
530,531
530,553
531,532
531,554
532,555
532,1549
533,556
533,620
534,557
534,599
534,903
753,730
753,776
753,1017
600,556
600,820
948,925
948,947
948,949
1082,1105
558,1102
558,1213
558,1277
515,1343
515,581
515,731
1343,1322
1343,1366
581,1234
581,1125
731,730
731,754
517,1320
1320,1318
1320,1322
609,764
1004,1159
1004,1071
723,746
723,960
723,1028
894,569
1024,1001
1024,1069
549,550
528,551
528,1246
1243,1220
1243,1266
1418,1417
1418,1419
1418,1394
551,550
551,552
551,574
1246,876
1246,1135
552,553
552,575
553,554
553,576
554,555
554,577
1549,620
1549,1526
1549,1548
556,973
620,619
620,621
557,625
557,729
557,580
599,576
599,622
599,644
903,904
903,926
797,774
797,796
797,820
995,972
995,1018
536,690
536,1104
536,1078
536,1123
690,735
690,1214
1104,537
1104,971
1078,1057
1123,1122
1123,1125
537,712
537,1125
712,580
712,1147
712,1364
538,603
603,1364
603,1102
603,1213
714,1476
714,1366
759,1562
670,605
670,1170
1496,846
1496,1519
543,629
629,758
545,807
545,1070
807,721
807,1070
1070,808
546,656
546,831
546,874
656,679
656,789
831,832
831,1379
874,808
874,851
547,657
547,914
657,1178
657,1200
657,1376
914,891
914,913
571,550
571,572
571,1417
701,724
701,856
701,1156
550,573
573,572
573,574
573,596
574,575
574,597
575,576
577,622
577,642
577,775
973,950
973,972
973,996
625,624
729,706
729,728
729,752
580,1300
580,1192
1102,733
1277,1256
1277,1279
1344,1367
560,758
758,605
758,1387
589,982
589,1049
567,1071
567,1069
1071,590
1069,962
1135,787
1093,875
1093,1074
1093,1091
569,570
569,592
570,1200
570,1332
570,1397
592,593
592,615
1200,680
1332,1309
1332,1331
1397,1374
1397,1420
572,593
572,595
1417,596
593,594
593,833
595,594
595,618
595,835
596,597
596,619
597,598
622,621
622,623
642,619
642,641
775,752
775,754
775,798
776,777
776,799
1038,644
1038,1061
819,796
819,818
819,842
1300,1299
1300,1301
1192,1172
1234,1233
1234,1235
584,1384
584,1318
648,1432
1582,803
982,853
982,1115
1049,854
1049,1047
615,594
615,616
594,617
833,613
833,834
833,1267
617,616
617,618
617,640
618,619
618,641
835,640
835,814
835,834
598,621
598,793
621,730
793,770
793,792
793,816
644,709
644,1170
820,843
1039,1062
1061,1084
1169,735
1169,1150
764,1027
764,875
809,1180
809,1114
1091,1047
1091,1092
1090,939
1090,1047
612,1267
612,1180
1267,942
1267,1266
1180,963
1180,1157
613,614
613,1027
614,637
1027,1073
1027,1072
637,616
637,638
616,639
639,638
639,662
639,1398
640,641
640,663
641,664
730,707
623,624
623,971
623,1083
624,756
971,970
971,972
1083,754
1083,1106
756,733
756,802
756,1126
626,1257
626,1191
626,1147
1257,669
1257,1151
1191,1171
1191,1193
1147,1127
1147,1146
757,1193
757,1299
779,778
779,780
779,802
1006,1138
1006,1312
1134,786
1134,960
658,659
658,681
658,746
659,638
659,660
1289,1266
1289,1288
1289,1312
638,661
661,660
661,662
661,684
662,663
662,685
1398,965
1398,1399
1398,1421
663,664
663,1528
664,685
664,752
1170,1345
645,1105
645,1214
645,1122
1105,755
1105,1128
1214,1195
1345,755
1345,1368
1299,1279
1432,803
1432,1455
984,788
984,1201
984,1248
766,767
766,789
1116,939
1116,1115
1116,1118
679,680
789,790
789,1488
1178,787
1376,900
1376,1353
681,660
681,680
681,682
746,769
684,685
684,707
1528,1483
1528,1527
1528,1529
752,751
798,821
666,774
666,974
666,1017
774,751
974,951
974,975
974,997
668,713
668,1388
713,1258
1388,777
1388,1389
1388,1411
669,845
669,1497
845,822
845,844
845,846
1497,1474
672,890
890,867
890,889
890,891
721,941
811,1334
811,898
1268,1029
1268,1269
1268,1270
682,705
682,1377
682,1462
705,704
705,706
705,728
1377,745
1377,1354
1462,813
1462,1461
1462,1551
706,707
689,1145
1145,1143
1145,1146
735,734
691,1148
691,1279
1148,734
1148,1127
1148,1146
916,962
724,725
724,1355
856,855
856,857
856,878
725,704
725,726
857,834
704,727
727,726
727,728
727,750
728,751
733,1106
755,1019
1062,1085
1062,1258
1258,1238
1476,801
1476,1477
1476,1499
1366,1387
804,803
941,1465
941,1007
941,1314
1028,1072
1028,1224
1028,1095
1355,1354
726,749
749,748
749,750
750,751
754,1018
1280,1281
1106,1107
1106,1086
734,802
734,1322
1322,1302
1092,1005
1334,855
1334,1311
898,787
898,1378
1117,854
1117,920
745,768
768,767
768,769
768,791
769,748
769,770
748,771
748,924
771,770
924,925
924,947
1018,1019
1018,1041
1019,996
1019,1020
1126,1127
1126,1146
1193,1216
1193,1172
1387,1389
961,1136
961,1072
961,1224
832,834
832,1292
767,790
767,1311
790,791
790,813
1311,1288
1311,1310
791,770
791,792
795,796
795,818
777,1323
777,1367
799,822
799,1301
799,1410
1323,801
1323,1303
1367,1368
1367,1390
1410,803
786,1160
786,1137
1160,1140
1137,899
1137,939
1137,985
787,788
788,899
788,1008
899,1010
1008,945
1008,1051
1008,1054
1488,1486
1488,1487
813,792
813,1485
792,815
815,814
815,816
815,838
816,817
816,839
817,818
817,840
818,841
821,822
821,844
821,1411
1301,1194
1301,1302
800,1431
1431,1194
1431,1454
801,1237
1237,1260
1237,1236
1237,1238
913,912
808,1203
1203,1183
1203,1201
1203,1202
1114,1094
1114,1113
1114,1115
810,1074
810,921
810,1182
810,1139
1074,1075
921,920
921,922
1182,987
1182,1183
1182,1184
1139,1138
1139,1140
1139,1141
812,1096
812,1181
1096,1094
1181,920
1181,1005
1485,1484
1485,1441
814,837
814,1551
837,838
837,860
1551,944
1551,965
838,839
838,861
839,840
839,862
840,841
840,863
841,842
841,864
842,843
842,865
843,844
843,866
844,867
1411,1412
1411,1434
846,847
1454,1455
1454,1477
1379,963
1379,1359
1379,1380
1292,1290
1292,1291
859,860
859,882
860,861
860,883
861,862
861,884
862,863
862,885
863,864
863,886
864,865
864,887
865,866
865,888
866,867
866,889
847,870
1157,1113
1157,1159
853,1226
853,1029
853,1224
1226,1225
1029,1511
1029,1095
1224,1201
854,1269
854,1136
1269,1270
1136,942
855,878
878,877
882,883
882,905
883,884
883,906
884,885
884,907
885,886
885,908
886,887
886,909
887,888
887,910
888,889
888,911
889,912
1042,1041
1042,1043
1042,1065
876,877
876,1075
877,900
1075,1094
904,905
904,927
905,906
905,928
906,907
906,929
907,908
907,930
908,909
908,931
909,910
909,932
910,911
910,933
911,912
911,934
912,935
891,1542
1542,1519
1542,1543
896,919
896,985
919,920
919,1378
985,962
985,986
943,966
943,986
1378,1005
1378,1031
1010,1009
925,926
922,1420
922,1530
926,927
926,949
927,928
927,950
928,929
928,951
929,930
929,952
930,931
930,953
931,932
931,954
932,933
932,955
933,934
933,956
934,935
934,957
962,1270
1420,1419
1530,1529
1530,1531
1530,1532
947,970
949,950
949,972
950,951
951,952
952,953
952,975
953,954
953,976
954,955
954,977
955,956
955,978
956,957
956,979
939,1072
1465,1441
1465,1464
1465,1466
1007,1531
1007,1052
1314,1313
1314,1336
942,1529
942,1445
1529,1531
1445,987
1445,1444
986,987
986,1009
944,1073
944,1140
944,1468
1073,1050
1140,1141
1468,1466
945,1399
945,1421
945,1095
1399,1380
1421,1423
1095,1094
975,976
975,998
976,977
976,999
977,978
978,979
978,1001
979,1002
963,1464
1464,1441
1464,1444
964,1247
964,1159
1247,1225
1247,1248
1159,1113
965,1511
996,997
997,998
997,1020
998,999
998,1021
999,1022
1001,1002
1115,1113
1202,1201
1202,1204
1138,1118
1020,1021
1020,1043
1021,1022
1021,1239
1005,1050
1050,1051
1050,1052
1531,1532
1052,1032
1052,1051
1051,1032
1054,1032
1239,1129
1239,1216
1239,1262
1031,1423
1423,1402
1065,1240
1084,1107
1084,1085
1240,1217
1240,1263
1240,1346
1107,1086
1128,1129
1128,1151
1128,1109
1129,1152
1129,1109
1151,1149
1152,1304
1304,1281
1304,1305
1304,1302
1176,1309
1171,1172
1171,1150
1309,1308
1309,1310
1216,1217
1216,1215
1194,1217
1194,1195
1217,1218
1195,1218
1195,1215
1218,1241
1328,1305
1328,1327
1328,1329
1241,1264
1260,1238
1260,1261
1262,1263
1262,1285
1262,1261
1263,1264
1263,1286
1346,1326
1346,1327
1264,1287
1285,1286
1285,1308
1286,1287
1286,1505
1287,1288
1287,1310
1281,1282
1281,1519
1282,1305
1282,1261
1307,1308
1307,1330
1308,1331
1505,1482
1505,1504
1505,1506
1302,1303
1303,1326
1303,1261
1326,1325
1326,1327
1329,1330
1329,1352
1330,1331
1330,1353
1331,1354
1325,1348
1325,1327
1348,1349
1348,1369
1348,1371
1352,1353
1353,1354
1506,1507
1506,1486
1368,1369
1368,1391
1370,1369
1370,1371
1370,1393
1349,1371
1349,1372
1373,1372
1373,1374
1373,1396
1390,1389
1390,1391
1390,1413
1369,1392
1391,1392
1391,1414
1392,1393
1392,1394
1371,1372
1393,1394
1372,1395
1395,1394
1395,1396
1395,1440
1396,1419
1389,1412
1412,1413
1412,1435
1413,1414
1413,1436
1414,1437
1434,1435
1434,1457
1435,1436
1435,1458
1436,1437
1436,1459
1437,1438
1437,1460
1438,1461
1455,1456
1455,1478
1456,1457
1456,1479
1457,1458
1457,1480
1458,1459
1458,1481
1459,1460
1459,1482
1460,1461
1460,1483
1461,1484
1440,1441
1477,1478
1477,1500
1478,1479
1478,1501
1479,1480
1479,1502
1480,1481
1480,1503
1481,1482
1481,1504
1482,1483
1483,1484
1499,1500
1499,1522
1500,1501
1500,1523
1501,1502
1501,1524
1502,1503
1502,1525
1503,1504
1503,1526
1504,1527
1521,1522
1521,1544
1522,1523
1522,1545
1523,1524
1523,1546
1524,1525
1524,1547
1525,1526
1525,1548
1526,1527
1507,1487
1543,1544
1544,1545
1545,1546
1546,1547
1547,1548
1086,1088
1086,1109
1088,1109
1127,1149
1141,1143
1149,1150
1183,1184
1204,1225
1215,1235
1215,1236
1233,1235
1233,1254
1235,1236
1236,1238
1254,1256
1290,1291
1290,1313
1290,1336
1291,1313
1359,1380
1466,1486
1486,1487
1552,1572
1552,1574
1552,1575
1572,1574
1574,1575
