0,805
0,673
0,1430
0,85
805,42
805,260
805,631
673,84
673,586
673,738
1430,584
1430,671
1430,1431
85,566
85,304
85,456
1,2
1,24
1,1562
1,1561
2,3
2,25
2,1563
24,47
24,1063
24,1258
1562,44
1562,1000
1562,1541
1561,412
1561,475
1561,543
3,4
3,26
3,1564
25,48
25,1563
25,1174
1563,1152
1563,1564
4,5
4,27
4,1565
26,49
26,1219
26,1173
1564,1565
1564,1541
5,28
5,1351
5,1566
27,28
27,50
27,1196
1565,1542
1565,1566
28,29
28,51
1351,1350
1351,1352
1351,1374
1566,1543
1566,1567
6,7
6,29
6,1439
6,1567
7,8
7,30
7,1568
29,30
29,52
1439,1438
1439,1440
1439,1417
1567,1544
1567,1568
8,9
8,31
8,1569
30,31
30,53
1568,1545
1568,1569
9,10
9,32
9,1570
31,54
31,703
1569,1546
1569,1570
10,11
10,1550
10,1571
32,55
32,878
32,1574
1570,1547
1570,1572
11,34
11,989
11,1530
1550,1332
1550,1527
1550,1573
1571,1396
1571,1507
1571,1548
34,1468
34,1142
34,1532
989,13
989,143
989,987
1530,1511
1530,1529
1530,1531
12,35
12,836
12,1573
12,1511
35,879
35,1120
35,145
836,837
836,857
836,859
1573,122
1573,1397
1511,1510
1511,1512
13,1446
13,1423
13,1161
1446,1444
1446,1445
1446,1447
1423,14
1423,1421
1423,1422
1161,102
1161,1141
1161,1159
14,1575
14,1051
14,1577
1575,1552
1575,1554
1575,1555
1051,1032
1051,1049
1051,1050
1577,16
1577,144
1577,1576
15,1317
15,1468
15,1250
15,1535
1317,1297
1317,1316
1317,1318
1468,1467
1468,1487
1250,1249
1250,1251
1250,1230
1535,411
1535,1516
1535,1537
16,105
16,1532
16,1293
105,20
105,409
105,1384
1532,1531
1532,1533
1293,78
1293,1291
1293,1292
17,235
17,254
17,211
17,1228
235,1385
235,1296
235,1402
254,253
254,255
254,1578
211,188
211,212
211,234
1228,37
1228,1209
1228,1227
18,1339
18,477
18,1490
18,1559
1339,59
1339,232
1339,321
477,174
477,435
477,1579
1490,1488
1490,1489
1490,1510
1559,301
1559,1557
1559,1558
19,413
19,106
19,760
19,1491
413,258
413,435
413,762
106,83
106,107
106,584
760,519
760,520
760,609
1491,364
1491,497
1491,1489
20,737
20,366
20,606
737,542
737,738
737,757
366,128
366,324
366,1578
606,128
606,651
606,1516
21,1450
21,735
21,22
21,346
1450,1448
1450,1452
1450,1471
735,539
735,603
735,734
22,1023
22,1129
22,695
346,148
346,261
346,828
1023,1022
1023,1024
1023,1046
1129,1128
1129,1152
1129,1239
695,42
695,522
695,629
23,46
23,1260
23,1107
23,1021
46,45
46,47
46,69
1260,1237
1260,1283
1260,1258
1107,1084
1107,1106
1107,1259
1021,998
1021,1020
1021,1022
47,48
47,70
1063,66
1063,1061
1063,1214
1258,1062
1258,1259
48,49
48,71
1174,286
1174,1151
1174,1197
49,50
49,72
1219,1218
1219,1220
1219,1239
1173,1172
1173,1196
1173,1171
50,51
50,73
1196,156
1196,1328
51,52
51,74
52,53
52,75
53,54
53,76
54,55
54,77
703,680
703,683
703,704
55,56
55,251
878,855
878,877
878,879
1574,944
1574,1117
1574,1554
33,858
33,1033
33,1463
33,1442
858,857
858,859
858,879
1033,296
1033,1032
1033,1034
1463,441
1463,1440
1463,1484
1442,856
1442,1419
1442,1441
1142,231
1142,407
1142,1295
879,772
1120,186
1120,966
1120,1185
145,144
145,146
145,1098
36,277
36,1336
36,1426
36,1337
277,212
277,276
277,278
1336,1335
1336,1337
1336,1338
1426,127
1426,255
1426,1406
1337,191
1337,1338
37,1296
37,1534
37,1447
1296,1273
1296,1319
1534,39
1534,234
1534,301
1447,62
1447,321
38,1382
38,1271
38,1208
38,1227
1382,58
1382,167
1382,323
1271,1252
1271,1269
1271,1270
1208,275
1208,298
1208,406
1227,1225
1227,1248
39,586
39,521
39,1470
586,696
586,1558
521,520
521,653
521,567
1470,169
1470,344
1470,389
40,519
40,369
40,324
40,323
519,1539
519,604
369,303
369,609
369,1516
324,212
324,1404
323,1383
323,452
41,1518
41,127
41,496
41,780
1518,45
1518,1476
1518,1497
127,1557
127,1494
496,234
496,473
496,1340
780,629
780,779
780,781
42,518
42,1452
518,476
518,495
518,1581
1452,582
1452,651
43,891
43,1454
43,1432
43,1474
891,890
891,892
891,914
1454,1431
1454,1455
1454,1477
1432,1409
1432,1433
1432,1455
1474,88
1474,1453
1474,1475
44,718
44,1064
44,1433
718,611
718,652
718,784
1064,1041
1064,1065
1064,1087
1433,1434
1433,1456
45,68
45,1475
68,67
68,69
68,91
1475,1498
1475,1453
69,70
69,92
70,71
70,93
71,72
71,94
72,73
72,95
73,74
73,96
74,75
74,97
75,76
75,98
76,77
76,99
77,100
77,1509
56,57
56,79
56,1012
251,250
251,252
251,274
57,1445
57,1556
57,1379
79,102
79,143
79,166
1012,340
1012,1011
1012,1035
1445,1425
1445,1444
1556,59
1556,146
1556,367
1379,1359
1379,1378
1379,1381
58,81
58,943
58,1400
81,82
81,1492
81,1513
943,920
943,966
943,921
1400,922
1400,1377
1400,1398
59,1513
59,101
1513,1360
1513,1512
101,1099
101,944
101,1226
60,237
60,1162
60,1140
60,1295
237,214
237,238
237,716
1162,1141
1162,1160
1162,1163
1140,1185
1140,1466
1140,1138
1295,365
1295,1384
61,215
61,607
61,80
61,1272
215,562
215,1560
215,1428
607,499
607,1408
607,653
80,1272
80,1444
80,1533
1272,342
1272,1053
62,344
62,367
62,1428
344,563
344,1359
367,1428
367,1472
1428,1427
63,368
63,588
63,409
63,1537
368,501
368,1581
368,608
588,501
588,896
588,674
409,388
409,1517
1537,497
1537,1538
64,803
64,542
64,1582
64,304
803,802
803,804
803,783
542,149
542,390
1582,1541
1582,1583
304,194
304,303
65,259
65,348
65,131
65,846
259,370
259,763
259,1536
348,325
348,349
348,371
131,110
131,130
131,132
846,671
846,845
846,847
66,67
66,89
66,153
67,90
67,1108
89,88
89,90
89,112
153,132
153,152
153,629
90,91
90,113
1108,157
1108,1085
1108,1131
91,92
91,114
92,93
92,115
93,94
93,116
94,95
94,117
95,96
95,118
96,97
96,119
97,98
97,120
98,99
98,121
99,100
99,1488
100,123
100,900
1509,1508
1509,1510
1509,1507
78,990
78,1186
78,1552
990,991
990,1011
990,1013
1186,300
1186,319
1186,364
1552,1529
1552,1553
102,1314
102,144
143,120
143,142
166,188
166,233
166,1165
1444,1425
1533,104
1533,1531
82,1580
82,213
82,412
1492,148
1492,190
1492,193
1580,169
1580,672
1580,1579
213,212
213,214
213,433
412,826
412,564
83,126
83,103
83,1560
126,125
126,149
126,1274
103,1380
103,1383
103,168
1560,172
1560,236
84,498
84,192
84,1427
498,322
498,650
498,1451
192,562
192,431
192,1402
1427,473
1427,1425
566,455
566,783
566,698
456,630
456,541
456,694
86,804
86,564
86,868
86,196
804,544
804,827
564,150
564,1540
868,129
868,867
868,869
196,87
196,654
196,499
87,762
87,759
87,739
762,260
762,455
759,540
759,757
759,758
739,391
739,522
739,633
88,109
88,847
109,108
109,305
109,653
847,848
847,870
112,111
112,113
112,135
113,114
113,136
114,115
114,137
115,116
115,138
116,117
116,139
117,118
117,140
118,119
118,141
119,120
119,142
120,121
121,122
121,945
1488,1487
1488,1489
123,122
123,124
123,146
900,144
900,877
900,923
1099,318
1099,1079
1099,1098
944,967
944,1097
1226,1225
1226,1249
1226,1224
1314,1294
1314,1313
1314,1315
1380,168
1380,1357
1380,1403
1383,171
1383,1360
168,1449
168,1183
104,1424
104,1207
104,1315
1424,189
1424,1425
1424,1443
1207,1139
1207,1187
1207,1206
1315,1313
1315,1316
1384,584
1384,627
107,108
107,806
107,740
584,647
108,565
108,501
806,217
806,459
806,807
740,326
740,390
740,741
565,390
565,894
565,871
501,896
305,306
305,328
305,849
653,455
110,111
110,133
110,1131
111,134
111,1283
133,132
133,134
133,156
1131,267
1131,1154
134,135
134,157
1283,1282
1283,1284
135,136
135,158
136,137
136,159
137,138
137,160
138,139
138,161
139,140
139,162
140,141
140,163
141,142
141,164
142,165
122,164
945,964
945,965
945,987
164,163
164,187
124,125
124,1292
124,1381
146,147
125,410
125,189
1292,1290
1292,1291
1381,1358
1381,1404
410,1363
410,1536
410,649
189,1274
189,1576
149,150
149,194
1274,1276
1274,1294
1557,1555
1557,1558
1494,429
1494,475
1494,543
128,715
128,457
715,627
715,714
715,734
457,763
457,850
457,694
129,717
129,716
129,1581
717,132
717,391
717,696
716,195
716,497
1581,256
130,195
130,392
130,913
195,218
195,261
392,634
392,1069
392,589
913,912
913,914
913,936
156,179
156,1067
157,180
157,1259
158,159
158,181
158,1130
159,160
159,182
160,161
160,183
161,162
161,184
162,163
162,185
163,186
165,188
165,901
165,1163
1098,190
1098,1118
147,148
147,170
147,429
148,150
170,193
170,282
170,345
429,1318
429,1036
150,151
194,454
194,675
151,152
151,563
151,1516
152,302
152,1540
563,761
563,694
302,279
302,325
302,387
1540,173
1540,1539
629,434
154,155
154,175
154,177
154,1175
155,178
155,1369
155,1238
175,174
175,1024
175,1520
177,176
177,178
177,200
1175,1152
1175,1176
1175,1198
178,179
178,201
1369,1368
1369,1370
1369,1392
1238,1236
1238,1237
1238,1257
179,180
179,202
1067,1066
1067,1068
1067,1198
180,181
180,203
1259,1261
181,182
181,204
1130,199
1130,1085
1130,1153
182,183
182,205
183,184
183,206
184,185
184,207
185,186
185,208
186,187
187,210
187,1055
188,320
901,925
901,1551
901,899
1163,1164
1163,1165
233,210
233,232
233,472
1165,406
1165,1164
167,1209
167,209
167,341
1209,1189
1209,1210
209,208
209,210
209,923
341,340
341,342
341,1123
1449,300
1449,1229
1449,1472
1183,1164
1183,1181
1183,1182
169,258
169,1141
258,257
258,281
1141,1143
193,216
193,478
282,281
282,283
282,432
345,173
345,1515
345,543
171,300
171,585
171,173
300,299
585,172
585,431
585,1364
173,327
172,497
172,589
589,285
589,719
327,326
327,328
327,350
174,197
174,240
197,176
197,414
197,1066
240,239
240,241
240,781
1024,1001
1024,1046
1520,1519
1520,1521
1520,1543
176,1045
176,1089
1045,263
1045,1022
1045,1044
1089,219
1089,375
1089,1112
200,199
200,201
200,223
201,202
201,224
202,203
202,225
203,204
203,226
204,205
204,227
205,206
205,228
206,207
206,229
207,208
207,230
208,339
210,1469
1055,364
1055,946
1055,1054
320,1469
320,1320
320,1100
1576,1578
190,191
190,1294
191,214
191,1231
1294,1313
214,1361
1231,428
1231,453
1231,581
562,431
562,1361
431,476
1402,1401
1402,1422
216,217
216,1517
216,284
478,763
478,676
478,719
454,321
454,475
454,1472
675,433
675,476
675,545
218,217
218,219
218,241
261,262
261,873
654,590
654,962
654,983
499,414
499,609
414,697
414,892
1066,1043
1066,1065
198,199
198,219
198,980
198,460
199,1110
219,782
980,957
980,979
980,981
460,371
460,829
460,809
1110,1087
1110,1111
1110,1133
223,222
223,224
223,246
224,225
224,247
225,226
225,248
226,227
226,249
227,228
227,250
228,229
228,880
229,230
229,252
230,231
230,253
339,316
339,338
339,340
923,902
923,922
1469,343
1469,1467
234,1297
433,347
433,630
1361,363
1361,384
217,238
1517,628
1517,672
284,285
284,741
284,915
238,239
238,587
241,220
241,1132
782,415
782,781
782,783
220,221
220,243
220,1087
221,222
221,265
221,1044
243,242
243,244
243,266
1087,1044
222,244
222,245
265,264
265,266
265,288
1044,1043
244,245
244,1199
245,246
245,268
246,247
246,269
247,248
247,270
248,249
248,271
249,250
249,272
250,273
880,881
880,903
880,924
252,253
252,773
231,232
231,295
253,276
232,1035
295,294
295,296
295,512
1035,471
1035,1058
472,1319
472,1298
472,1191
1297,474
1297,1316
1385,561
1385,1365
1385,1386
236,520
236,474
236,631
520,239
474,1473
474,516
631,347
631,697
239,677
587,869
587,633
587,674
677,525
677,700
677,741
781,761
1132,397
1132,1241
1132,1109
242,263
242,395
242,936
263,262
263,959
395,372
395,374
395,396
936,935
936,937
266,267
266,289
1199,1198
1199,1200
1199,1222
268,267
268,269
268,291
269,270
269,292
270,271
270,293
271,272
271,294
272,273
272,968
273,274
273,296
274,275
274,1078
773,750
773,774
773,796
276,275
276,299
255,256
255,1144
1578,389
256,257
256,279
1144,450
1144,537
1144,1122
257,280
257,1493
279,278
279,280
280,281
280,303
1493,322
1493,1495
1493,1514
281,1448
370,590
370,738
370,982
763,764
1536,365
1536,390
260,522
260,567
522,982
567,1046
567,697
262,285
262,415
873,328
873,872
873,874
285,264
415,722
415,633
959,655
959,958
959,960
264,287
264,482
287,286
287,288
287,310
482,459
482,483
482,505
288,289
288,311
267,290
289,290
289,312
290,291
290,313
291,292
291,314
292,293
292,315
293,294
293,316
294,317
968,967
968,969
968,991
296,297
275,1076
1078,450
1078,1059
1078,1077
1076,1056
1076,1074
1076,1075
299,298
299,495
278,1429
278,1405
1429,389
1429,1341
1429,1408
1405,516
1405,583
1405,1406
303,326
1448,432
1448,475
283,696
283,502
283,306
432,517
432,1558
696,610
502,525
502,807
502,958
306,307
306,329
741,764
915,914
915,916
915,938
286,307
286,1371
307,393
307,1156
1371,1370
1371,1372
1371,1394
310,309
310,311
310,333
311,312
311,334
312,313
312,335
313,314
313,336
314,315
314,337
315,316
315,338
316,317
317,1034
317,383
512,489
512,511
512,513
297,298
297,1229
297,514
298,1514
1229,386
1229,1403
514,1169
514,690
514,1101
1514,430
1514,1512
495,1124
495,541
301,1404
301,1471
1404,476
1471,453
1471,1473
325,326
325,434
387,386
387,388
387,455
328,329
849,546
849,826
849,848
329,308
329,330
393,416
393,852
393,808
1156,1133
1156,1155
1156,1179
308,309
308,331
308,1306
309,332
309,1112
331,330
331,332
331,354
1306,1305
1306,1307
1306,1329
332,333
332,355
1112,547
1112,1135
333,334
333,356
334,335
334,357
335,336
335,358
336,337
336,359
337,338
337,360
338,361
1034,448
1034,450
383,382
383,384
383,1121
318,1036
318,1080
318,1057
1036,449
1036,470
1080,473
1080,536
1080,668
1057,408
1057,1056
1057,1059
319,1275
319,924
319,1123
1275,540
1275,1252
1275,1254
924,925
924,947
1123,362
1123,382
1320,452
1320,1319
1320,1343
1100,365
1100,470
1100,1079
321,1515
1515,430
1515,628
322,1362
322,1188
1362,388
1362,626
1362,1364
1188,428
1188,536
1188,559
452,1253
452,1143
434,411
434,784
350,349
350,351
350,373
330,351
330,353
351,1069
351,1046
353,352
353,354
353,376
354,355
354,377
355,356
355,378
356,357
356,379
357,358
357,380
358,359
358,381
359,360
359,382
360,710
360,491
361,362
361,381
361,881
340,1273
1273,1097
1273,1185
342,343
342,1403
343,1340
343,1232
1403,365
1340,541
1340,1338
1232,427
1232,1233
1232,1253
1359,1358
1359,1360
543,1579
828,435
828,829
828,851
347,524
347,610
524,523
524,1178
524,1202
610,742
610,765
349,372
349,1004
371,394
371,698
372,373
372,1003
1004,983
1004,1005
1004,1006
373,352
373,374
1069,962
1069,1068
352,375
352,1047
375,376
375,398
1047,394
1047,1027
1047,1028
376,377
376,399
377,378
377,400
378,379
378,401
379,380
379,402
380,381
380,403
381,404
382,753
710,687
710,733
710,712
491,405
491,490
491,1014
362,622
362,1058
881,882
881,904
622,599
622,621
622,623
1058,448
1058,1081
363,471
363,1185
363,1146
471,386
471,1363
1146,515
1146,1145
1146,1147
364,1121
1121,407
1121,451
1472,1495
608,436
608,650
608,869
609,436
590,1137
590,829
738,500
982,611
982,981
394,417
394,1133
698,545
698,699
1003,569
1003,613
1003,1002
374,397
374,484
397,398
397,420
484,485
484,505
484,507
398,399
398,421
399,400
399,422
400,401
400,423
401,402
401,424
402,403
402,425
403,404
403,708
404,405
404,427
753,730
753,752
753,776
384,385
384,1277
385,386
385,1190
385,1014
1277,451
1277,1254
1277,1300
1190,449
1190,539
1190,1166
1014,991
1014,1037
388,411
411,1579
389,1538
1538,1497
1538,1539
391,676
391,892
676,458
676,481
892,893
634,416
634,657
634,721
416,439
416,1154
852,851
852,853
852,875
808,547
808,807
808,831
417,418
417,1025
417,722
1133,437
396,419
396,1221
396,1350
419,418
419,420
419,442
1221,1220
1221,1222
1221,1244
1350,1349
1350,1373
420,421
420,443
421,422
421,444
422,423
422,445
423,424
423,446
424,425
424,447
425,601
425,1013
708,685
708,707
708,709
405,406
405,971
427,709
427,1059
406,1167
971,407
971,970
971,972
1167,538
1167,602
1167,1148
407,1254
1254,1191
408,1102
408,1360
408,515
1102,473
1102,557
1102,1101
515,1013
515,1147
1363,582
1363,625
649,453
649,561
649,628
826,825
826,827
435,633
697,674
722,437
722,701
439,418
439,440
439,1092
1154,1155
1154,1177
418,441
1025,1002
1025,1026
1025,1068
441,442
441,464
442,443
442,465
443,444
443,466
444,445
444,467
445,446
445,468
446,447
446,683
447,448
447,449
601,578
601,1061
601,1039
1013,534
426,645
426,667
426,689
426,668
645,493
645,535
645,777
667,666
667,1017
667,1104
689,428
689,494
689,688
668,600
668,1124
709,686
709,732
1059,468
428,451
451,1298
1318,1316
1318,1319
430,603
430,1230
603,1300
603,1081
1230,1210
1230,1251
517,1495
517,714
517,604
630,458
630,479
784,503
784,785
436,459
436,1070
459,635
1070,523
1070,1049
1070,1071
437,547
437,548
547,699
548,525
548,571
548,810
438,1071
438,1114
438,1092
438,481
1071,1072
1071,1073
1114,1094
1114,1113
1114,1115
1092,1090
1092,1093
481,632
481,655
440,463
440,1135
440,1262
463,462
463,464
463,486
1135,636
1135,1246
1262,1239
1262,1263
1262,1285
464,465
464,487
465,466
465,488
466,467
466,489
467,468
467,490
468,469
683,660
683,706
448,1016
449,1212
1016,647
1016,993
1016,1039
1212,560
1212,1210
1212,1211
450,600
600,577
600,623
1298,581
1298,647
1253,1252
1253,1341
1143,1122
1143,1145
453,1406
1406,1407
541,605
694,500
850,652
850,851
850,960
458,678
458,1091
678,483
678,505
678,679
1091,527
1091,1072
1091,1090
635,658
635,961
635,895
829,830
809,786
809,810
809,788
461,743
461,1200
461,1198
461,1242
743,742
743,744
743,720
1200,1177
1200,1223
1242,462
1242,1241
1242,1265
462,483
462,485
483,1111
485,486
485,508
486,487
486,509
487,488
487,510
488,489
488,511
489,490
490,513
469,492
469,513
469,1079
492,599
492,799
492,1125
513,578
1079,1101
470,820
470,1104
820,797
820,821
820,843
1104,1081
1104,1127
1191,536
1191,1062
1473,650
1473,1453
516,1386
516,1299
719,500
719,720
479,721
479,652
479,1026
721,632
721,655
652,651
1026,523
1026,1158
480,787
480,981
480,786
480,1005
787,526
787,764
787,788
981,526
786,544
786,785
1005,983
1005,1006
632,568
632,1048
655,766
505,895
1111,1090
1111,1109
507,506
507,508
507,530
508,509
508,531
509,510
509,532
510,511
510,533
511,534
599,576
599,598
799,776
799,822
799,1060
1125,1106
1125,1124
1125,1126
493,712
493,665
493,646
712,692
712,713
665,642
665,664
665,666
646,626
646,627
646,1038
494,1233
494,561
494,1408
1233,624
1233,1234
561,1409
1408,1409
1124,1122
650,1407
1451,669
1451,670
1451,1410
500,893
893,870
893,894
896,895
896,919
525,1134
807,830
958,935
958,957
503,526
503,872
503,1113
526,549
872,613
872,871
1113,568
1113,1093
504,1088
504,785
504,788
504,723
1088,1086
1088,1090
1088,1109
785,544
788,789
723,700
723,746
723,1333
895,894
506,527
506,529
506,1333
527,528
527,1243
529,528
529,530
529,552
1333,1310
1333,1506
530,531
530,553
531,532
531,554
532,533
532,555
533,534
533,556
534,557
578,555
578,577
1169,537
1169,1149
1169,1168
690,580
690,688
690,691
1101,1103
1147,1127
1147,1148
1386,647
1386,1365
1299,627
1299,1278
1299,1322
1495,1496
714,693
714,713
604,733
604,778
1539,674
523,761
761,783
1178,1177
1178,1179
1178,1157
1202,611
1202,1201
1202,1203
1134,1115
1134,1136
1134,1155
549,550
549,1398
549,875
528,551
528,1311
1243,1220
1243,1244
1243,1266
551,550
551,552
551,574
1311,1288
1311,1310
1311,1334
552,553
552,575
553,554
553,576
554,555
554,577
555,556
556,579
556,973
557,1015
557,974
535,995
535,624
535,797
995,972
995,994
995,1018
624,623
624,625
797,774
797,796
536,1126
1126,558
1126,1127
537,539
537,1322
539,713
1322,580
1322,1279
538,1387
538,605
538,1342
1387,1388
1387,1407
1387,1409
605,1341
605,1342
1342,672
1342,1321
713,693
540,736
540,692
736,582
736,651
736,734
692,691
692,693
544,720
720,545
545,612
612,1267
612,1137
612,745
546,569
546,656
546,871
569,570
569,592
656,657
656,679
656,1247
871,870
699,700
699,701
571,550
571,570
571,572
810,570
810,811
550,573
1398,1378
1398,1399
875,874
875,876
573,572
573,574
573,596
574,575
574,597
575,576
575,598
576,577
579,602
579,819
579,1211
973,950
973,972
973,996
1015,644
1015,992
1015,1038
974,951
974,975
974,997
558,1189
558,1343
558,994
1189,1166
1189,1187
1343,1366
1343,1321
994,993
994,1017
559,581
559,1082
559,1344
581,648
1082,644
1082,1105
1082,1040
1344,711
1344,1367
1344,1321
560,1407
560,1103
560,1187
1103,1083
1103,1105
1187,1166
894,917
568,591
568,916
591,592
591,1268
591,941
916,917
916,939
570,1289
592,593
592,615
1289,1266
1289,1288
1289,1312
572,593
572,595
593,594
593,833
595,594
595,596
595,618
596,597
596,619
597,598
597,620
598,621
602,625
602,798
819,796
819,818
819,842
1211,1210
1211,1213
580,1192
580,1276
1192,1038
1192,1323
1192,1172
1276,669
1276,1255
648,1234
648,1496
648,758
582,734
583,1234
583,1278
583,1496
1234,1257
1278,756
1278,1279
1496,1519
1364,1365
1364,1366
869,870
1137,1118
1137,1136
1268,1245
1268,1269
1268,1270
941,832
941,918
941,940
615,594
615,614
615,616
594,617
833,613
833,832
833,834
617,616
617,618
617,640
618,619
618,641
619,620
619,642
620,621
620,643
621,644
623,711
1061,1038
1061,1084
1039,1062
1039,1037
625,1453
798,775
798,821
798,754
1300,1323
1300,1280
1081,1256
733,732
733,756
778,777
778,779
778,758
1341,1321
742,765
742,1068
765,764
765,766
611,700
1267,1244
1267,1266
1267,1248
745,744
745,746
745,768
613,614
614,637
614,1179
637,616
637,636
637,638
1179,1157
616,639
639,638
639,662
639,1551
640,641
640,663
640,835
641,642
641,664
642,643
643,644
643,666
711,1193
711,691
626,670
626,1145
670,1367
670,757
1145,1122
628,801
801,802
801,800
801,823
1048,1027
1048,1049
1048,1050
657,658
657,680
658,659
658,681
961,938
961,960
961,984
636,659
636,789
659,638
659,660
789,790
789,811
638,661
661,660
661,662
661,684
662,663
662,685
1551,1462
1551,1549
663,664
663,686
835,814
835,834
835,877
664,687
666,755
777,776
777,754
758,757
962,939
962,985
983,984
766,767
766,744
679,680
679,702
1247,1246
1247,1248
1247,1224
680,681
681,660
681,682
684,685
684,707
684,682
685,686
686,687
687,688
755,732
755,1171
755,731
1017,669
1017,1040
669,1497
1497,1476
1367,1368
1367,1390
671,1498
671,824
1498,1499
1498,1521
824,823
824,825
824,848
672,890
890,867
890,889
702,725
702,853
702,701
682,705
682,1462
705,704
705,706
705,728
1462,1461
1462,1441
706,707
706,729
707,730
688,1235
1235,1236
1235,1213
1235,1215
701,724
724,725
724,747
724,1117
725,704
725,726
853,830
853,854
704,727
727,726
727,728
727,750
728,729
728,751
729,730
729,752
730,731
732,731
1193,1216
1193,1172
1193,1194
746,747
746,769
747,726
747,748
1117,1115
1117,1116
726,749
749,748
749,750
749,772
750,751
751,752
751,774
752,775
731,754
756,779
756,1170
744,767
768,767
768,769
768,791
769,748
769,770
748,771
771,770
771,772
771,794
772,795
774,775
775,776
1171,1172
1171,1170
779,802
1170,1345
1170,1168
767,790
790,791
790,813
791,770
791,792
770,793
793,792
793,794
793,816
794,795
794,817
795,796
795,818
802,825
813,792
813,812
813,814
792,815
815,814
815,816
815,838
816,817
816,839
817,818
817,840
818,841
821,822
821,844
822,823
822,845
1060,1037
1060,1083
1060,1040
825,827
827,848
830,831
831,832
831,811
811,812
812,832
812,834
814,837
837,838
837,860
838,839
838,861
839,840
839,862
840,841
840,863
841,842
841,864
842,843
842,865
843,844
843,866
844,845
844,867
823,800
845,800
851,874
834,857
857,856
859,860
859,882
860,861
860,883
861,862
861,884
862,863
862,885
863,864
863,886
864,865
864,887
865,866
865,888
866,867
866,889
874,897
854,855
854,876
854,897
855,856
855,1334
856,1053
1334,1332
1334,1335
1053,1052
1053,1054
882,883
882,905
883,884
883,906
884,885
884,907
885,886
885,908
886,887
886,909
887,888
887,910
888,889
888,911
889,912
897,920
897,898
876,877
876,1246
1246,1245
903,902
903,904
903,926
904,905
904,927
905,906
905,928
906,907
906,929
907,908
907,930
908,909
908,931
909,910
909,932
910,911
910,933
911,912
911,934
912,935
914,937
917,918
917,940
919,920
919,898
919,899
920,921
925,926
925,948
902,922
902,1011
922,921
1011,1010
926,927
926,949
927,928
927,950
928,929
928,951
929,930
929,952
930,931
930,953
931,932
931,954
932,933
932,955
933,934
933,956
934,935
934,957
937,938
937,960
938,939
939,940
918,898
918,899
940,963
921,942
947,946
947,948
947,970
948,949
948,1037
949,950
949,972
950,951
951,952
952,953
952,975
953,954
953,976
954,955
954,977
955,956
955,978
956,957
956,979
963,986
963,1223
963,942
966,967
966,1485
967,946
1097,1095
1097,1096
946,969
969,970
969,992
970,993
975,976
975,998
976,977
976,999
977,978
977,1000
978,979
978,1001
979,1002
984,1007
984,964
985,986
985,1008
985,965
986,987
986,1009
1223,1222
1223,1224
1485,1484
1485,1549
1485,1464
991,992
992,993
996,997
996,1019
996,1018
997,998
997,1020
998,999
999,1000
999,1022
1000,1001
1001,1002
1007,1030
1007,988
1007,1006
1008,1031
1008,988
1008,1006
987,1443
1009,1010
1009,988
1009,1029
1443,1420
1443,1466
1018,1019
1018,1041
1019,1020
1019,1042
1020,1043
1030,1031
1030,1010
1030,1028
1031,1032
1031,1029
1010,988
1040,1041
1041,1042
1042,1043
1042,1065
1158,1157
1158,1159
1158,1160
1032,1052
1062,1085
1065,1240
1083,1084
1083,1106
1084,1085
1214,1105
1214,1195
1214,1213
1240,1217
1240,1263
1240,1346
1256,1279
1256,1237
1256,1255
1105,1128
1106,1086
1127,1150
1128,1151
1128,1086
1119,1269
1119,1118
1119,1138
1119,1139
1269,1270
1150,1151
1150,1148
1150,1149
1151,1257
1152,1304
1239,1216
1153,1176
1153,1197
1153,1155
1241,1218
1241,1264
1139,1312
1139,1138
1312,1335
1312,1290
1466,1464
1466,1465
1257,1255
1304,1281
1304,1303
1304,1305
1176,1177
1176,1309
1197,1220
1197,1195
1345,1368
1345,1346
1345,1347
1309,1308
1309,1310
1309,1332
1323,1324
1323,1302
1216,1217
1216,1215
1194,1217
1194,1301
1194,1431
1217,1218
1301,1302
1301,1324
1301,1280
1431,1410
1195,1218
1195,1215
1328,1305
1328,1327
1328,1329
1222,1245
1244,1245
1224,1225
1225,1206
1249,1248
1249,1251
1236,1237
1236,1255
1263,1264
1263,1286
1346,1327
1346,1348
1264,1265
1264,1287
1265,1266
1265,1288
1251,1252
1279,1542
1285,1284
1285,1286
1285,1308
1286,1287
1286,1505
1287,1288
1287,1310
1542,1519
1542,1543
1280,1281
1280,1302
1281,1282
1281,1519
1282,1305
1282,1261
1284,1307
1284,1261
1307,1308
1307,1330
1308,1331
1505,1482
1505,1504
1505,1506
1302,1303
1324,1325
1324,1347
1303,1326
1303,1261
1326,1325
1326,1327
1326,1349
1329,1330
1329,1352
1330,1331
1330,1353
1331,1332
1331,1354
1335,1358
1325,1348
1325,1327
1347,1348
1347,1370
1348,1349
1349,1372
1352,1353
1352,1375
1353,1354
1353,1376
1354,1355
1354,1377
1506,1507
1506,1529
1358,1356
1366,1389
1366,1365
1368,1391
1370,1393
1372,1373
1372,1395
1373,1374
1373,1396
1374,1375
1374,1397
1375,1376
1375,1355
1376,1377
1376,1356
1355,1356
1355,1357
1377,1378
1356,1357
1357,1338
1389,1388
1389,1390
1389,1412
1390,1391
1390,1413
1391,1392
1391,1414
1392,1393
1392,1415
1393,1394
1393,1416
1395,1394
1395,1396
1395,1417
1396,1419
1397,1420
1397,1378
1388,1411
1388,1410
1411,1412
1411,1434
1411,1410
1412,1413
1412,1435
1413,1414
1413,1436
1414,1415
1414,1437
1415,1416
1415,1438
1394,1416
1416,1417
1419,1418
1419,1420
1420,1399
1434,1435
1434,1457
1435,1436
1435,1458
1436,1437
1436,1459
1437,1438
1437,1460
1438,1461
1417,1418
1418,1440
1418,1441
1455,1456
1455,1478
1456,1457
1456,1479
1457,1458
1457,1480
1458,1459
1458,1481
1459,1460
1459,1482
1460,1461
1460,1483
1461,1484
1440,1441
1477,1476
1477,1478
1477,1500
1478,1479
1478,1501
1479,1480
1479,1502
1480,1481
1480,1503
1481,1482
1481,1504
1482,1483
1483,1484
1483,1528
1476,1499
1499,1500
1499,1522
1500,1501
1500,1523
1501,1502
1501,1524
1502,1503
1502,1525
1503,1504
1503,1526
1504,1527
1528,1527
1528,1508
1528,1529
1549,1526
1549,1548
1521,1522
1521,1544
1522,1523
1522,1545
1523,1524
1523,1546
1524,1525
1524,1547
1525,1526
1525,1548
1526,1527
1507,1508
1508,1510
1512,1531
1543,1544
1544,1545
1545,1546
1546,1547
1547,1548
691,693
754,800
898,899
942,964
942,965
964,965
1027,1028
1027,1029
1028,1029
1049,1050
1050,1052
1052,1054
1054,1056
1056,1077
1072,1073
1072,1074
1073,1074
1073,1075
1074,1075
1075,1077
1077,1096
1086,1109
1093,1094
1093,1095
1094,1095
1094,1096
1095,1096
1115,1116
1116,1118
1116,1136
1136,1138
1148,1149
1149,1168
1157,1159
1159,1160
1160,1180
1164,1184
1166,1168
1180,1181
1180,1182
1180,1201
1181,1182
1181,1201
1182,1184
1184,1204
1184,1205
1201,1203
1203,1204
1203,1205
1204,1205
1204,1206
1205,1206
1213,1215
1270,1290
1290,1291
1291,1313
1399,1401
1399,1421
1401,1421
1401,1422
1421,1422
1464,1465
1464,1486
1465,1467
1465,1486
1467,1486
1486,1487
1487,1489
1541,1583
1553,1554
1553,1555
1553,1572
1554,1555
