0,892
0,1365
0,43
0,195
892,132
892,891
892,893
1365,518
1365,603
1365,647
43,1582
43,542
43,1562
195,694
195,259
195,1537
1,24
1,131
1,823
1,1040
24,47
24,1063
24,1324
131,110
131,262
131,1023
823,87
823,822
823,1280
1040,996
1040,1017
1040,1041
2,3
2,25
2,1064
2,1563
3,4
3,26
3,1564
25,48
25,1174
25,1563
1064,1041
1064,1065
1064,1087
1563,1152
1563,1564
4,5
4,27
4,1565
26,49
26,1173
26,1219
1564,45
1564,1565
5,28
5,1351
5,1566
27,28
27,50
27,1196
1565,1542
1565,1566
28,29
28,51
1351,1350
1351,1352
1351,1374
1566,1543
1566,1567
6,7
6,29
6,1439
6,1567
7,8
7,30
7,1568
29,30
29,52
1439,549
1439,1438
1439,1440
1567,1544
1567,1568
8,9
8,31
8,1569
30,31
30,53
1568,1545
1568,1569
9,10
9,32
9,1570
31,54
31,703
1569,1546
1569,1570
10,11
10,1550
10,1571
32,55
32,165
32,879
1570,575
1570,1547
11,747
11,923
11,989
1550,1332
1550,1527
1550,1573
1571,1396
1571,1507
1571,1548
747,724
747,726
747,746
923,143
923,230
923,900
989,167
989,900
989,987
12,836
12,901
12,1442
12,1573
836,837
836,857
836,859
901,880
901,925
901,1485
1442,33
1442,637
1442,1419
1573,99
1573,1397
13,1378
13,35
13,1075
13,1032
1378,921
1378,1379
1378,1380
35,102
35,1400
35,1443
1075,965
1075,1055
1075,1073
1032,189
1032,899
1032,1030
14,80
14,1443
14,1008
14,1447
80,1357
80,278
80,1139
1443,789
1443,1420
1008,1161
1008,1421
1008,1577
1447,298
1447,454
1447,1428
15,1251
15,1335
15,1357
15,1250
1251,57
1251,125
1251,147
1335,945
1335,1312
1335,1358
1357,855
1357,1336
1250,169
1250,1248
1250,1269
16,1229
16,1558
16,1468
16,1362
1229,232
1229,253
1229,297
1558,18
1558,321
1558,540
1468,1031
1468,1448
1468,1466
1362,170
1362,212
1362,300
17,1207
17,1252
17,1230
17,1513
1207,100
1207,1187
1207,1205
1252,254
1252,340
1252,1275
1230,235
1230,427
1230,450
1513,82
1513,322
1513,1514
18,192
18,1429
18,64
192,41
192,1404
192,345
1429,494
1429,517
1429,1409
64,86
64,522
64,85
19,1492
19,672
19,367
19,627
1492,1490
1492,1491
1492,1512
672,890
672,1580
672,782
367,258
367,433
367,1557
627,432
627,559
627,1191
20,130
20,737
20,1518
20,1494
130,716
130,414
130,736
737,674
737,824
737,1497
1518,1452
1518,1539
1518,1562
1494,148
1494,388
1494,671
21,541
21,433
21,128
21,542
541,61
541,1430
541,606
433,83
433,650
128,41
128,497
128,434
542,62
542,586
22,783
22,848
22,1023
22,1498
783,42
783,804
783,916
848,263
848,847
848,849
1023,1022
1023,1024
1498,1475
1498,1499
1498,1521
23,46
23,1153
23,1347
23,1109
46,45
46,47
46,69
1153,1130
1153,1176
1153,1197
1347,1324
1347,1370
1347,1346
1109,1088
1109,1128
1109,1129
47,48
47,70
1063,1061
1063,1082
1063,1084
1324,1323
1324,1325
48,49
48,71
1174,307
1174,1151
1174,1197
49,50
49,72
1173,1172
1173,1196
1173,1171
1219,1218
1219,1220
1219,1177
50,51
50,73
1196,156
1196,1328
51,52
51,74
52,53
52,75
53,54
53,76
54,55
54,77
703,680
703,683
703,704
55,56
55,251
165,142
165,187
165,188
879,684
879,858
879,878
33,858
33,1033
33,1463
858,317
858,859
1033,211
1033,296
1033,1009
1463,441
1463,1440
1463,1484
34,946
34,1356
34,944
34,1553
946,382
946,947
946,967
1356,874
1356,876
1356,1355
944,1118
944,1029
944,1572
1553,1552
1553,1554
1553,1555
102,79
102,166
102,1120
1400,79
1400,875
1400,1377
36,1209
36,1142
36,298
36,1249
1209,1188
1209,1228
1209,1232
1142,190
1142,318
1142,1141
298,103
298,1253
1249,920
1249,1031
1249,1247
37,1097
37,1121
37,125
37,1076
1097,1077
1097,1095
1097,1098
1121,321
1121,341
1121,1099
125,1253
125,1227
1076,255
1076,275
1076,1077
38,213
38,1315
38,84
38,236
213,214
213,235
213,237
1315,322
1315,1313
1315,1336
84,63
84,498
84,609
236,215
236,1534
236,496
39,455
39,190
39,299
39,83
455,301
455,347
455,1493
190,1402
190,1273
299,60
299,452
299,1382
83,216
83,412
40,1471
40,562
40,1495
40,1450
1471,194
1471,257
1471,475
562,129
562,648
562,1297
1495,431
1495,736
1495,1496
1450,127
1450,389
1450,1448
41,42
41,323
42,1386
42,281
323,85
323,168
323,1559
1386,585
1386,602
1386,605
281,104
281,258
281,283
1582,303
1582,692
1582,696
1562,695
44,825
44,1433
44,607
44,1540
825,87
825,802
825,826
1433,1432
1433,1434
1433,1456
607,258
607,476
607,739
1540,109
1540,671
1540,802
45,68
45,1475
68,67
68,69
68,91
1475,778
1475,800
69,70
69,92
70,71
70,93
71,72
71,94
72,73
72,95
73,74
73,96
74,75
74,97
75,76
75,98
76,77
76,99
77,100
77,1509
56,57
56,79
56,1314
251,250
251,252
251,274
57,1208
57,1508
79,1510
1314,942
1314,1294
1314,1313
1208,166
1208,167
1208,275
1508,615
1508,1507
1508,1506
58,81
58,1556
58,1074
58,1488
81,82
81,1579
81,169
1556,1555
1556,1575
1556,1576
1074,1006
1074,1031
1074,1072
1488,1469
1488,1487
1488,1489
59,1338
59,1119
59,1140
59,1403
1338,366
1338,1318
1338,1336
1119,1099
1119,1117
1119,1120
1140,103
1140,986
1140,1139
1403,61
1403,410
1403,1401
60,1340
60,170
60,1381
1340,363
1340,1339
1340,1359
170,1538
170,496
1381,191
1381,212
1381,1358
61,521
61,259
521,86
521,872
521,651
259,173
259,697
62,1382
62,107
62,1318
1382,193
1382,388
107,106
107,606
107,477
1318,301
1318,344
63,1580
63,1496
63,674
1580,82
1580,476
1496,846
1496,1519
674,149
674,1561
86,303
86,499
522,413
522,589
522,827
85,1449
85,632
65,650
65,152
65,1473
65,478
650,1474
650,1583
152,501
152,347
152,675
1473,475
1473,520
1473,1452
478,651
478,589
478,852
66,67
66,89
66,738
66,824
67,90
67,1108
89,88
89,90
89,112
738,411
738,500
738,780
824,846
824,1454
90,91
90,113
1108,157
1108,1085
1108,1131
91,92
91,114
92,93
92,115
93,94
93,116
94,95
94,117
95,96
95,118
96,97
96,119
97,98
97,120
98,99
98,121
99,100
100,123
1509,919
1509,965
1509,1507
78,1465
78,1052
78,1358
78,1401
1465,1441
1465,1464
1465,1466
1052,1051
1052,1053
1052,1054
1358,1337
1401,1399
1401,1402
1510,1490
1510,1511
1510,1512
278,277
278,279
278,1143
1139,103
1139,988
82,1472
1579,194
1579,280
1579,1577
169,1449
169,1425
1472,256
1472,411
1472,496
216,193
216,217
216,826
412,108
412,610
412,761
498,454
498,608
498,1406
609,108
609,324
609,564
1449,429
1449,628
632,304
632,721
632,740
303,631
303,805
499,217
499,520
499,1539
87,868
87,1541
868,867
868,869
868,1042
1541,88
1541,713
1541,847
88,109
88,805
109,218
109,457
805,371
805,608
112,111
112,113
112,135
113,114
113,136
114,115
114,137
115,116
115,138
116,117
116,139
117,118
117,140
118,119
118,141
119,120
119,142
120,121
120,143
121,122
121,145
123,122
123,146
123,1470
101,902
101,1012
101,1120
101,1272
902,231
902,903
902,922
1012,404
1012,1011
1012,1141
1120,1099
1272,1270
1272,1271
1272,1274
166,122
166,1295
103,1575
1575,1574
1575,1576
104,432
104,387
104,1511
432,431
432,1535
387,302
387,386
387,497
1511,1491
1511,1512
105,411
105,1316
105,413
105,519
411,106
1316,144
1316,253
1316,255
413,718
413,673
519,389
519,585
519,564
106,368
106,366
368,261
368,762
368,1427
366,539
366,1296
606,1493
606,692
477,739
477,676
477,697
108,586
108,587
586,454
586,715
587,457
587,675
587,1559
218,217
218,219
218,869
457,238
457,415
110,111
110,133
110,1131
111,134
111,1283
133,132
133,134
133,156
1131,267
1131,1154
134,135
134,157
1283,1260
1283,1282
1283,1284
135,136
135,158
136,137
136,159
137,138
137,160
138,139
138,161
139,140
139,162
140,141
140,163
141,142
141,164
142,143
143,990
122,164
145,146
145,966
145,988
164,163
164,187
146,147
146,1056
1470,1469
1470,1489
1470,1490
124,144
124,1100
124,189
124,1578
144,1096
144,988
1100,365
1100,408
1100,470
189,1380
189,1057
1578,1577
1253,365
1253,1254
1227,898
1227,1225
1227,1228
126,212
126,1404
126,1533
126,1228
212,1231
1404,1385
1404,1402
1533,1532
1533,1534
1533,1535
1228,1248
127,282
127,1426
127,173
282,172
282,785
282,544
1426,171
1426,234
1426,280
173,565
173,500
497,673
497,518
434,214
434,325
434,784
129,194
129,391
129,1538
194,804
391,415
391,719
391,435
1538,151
1538,628
716,543
716,563
716,1583
414,544
414,763
414,765
736,1298
736,1278
262,263
262,437
262,827
132,1045
132,217
1045,176
1045,1022
1045,1044
156,179
156,1067
157,180
157,1259
158,159
158,181
158,1130
159,160
159,182
160,161
160,183
161,162
161,184
162,163
162,185
163,186
990,991
990,1011
990,1013
1096,168
1096,1030
1096,1077
988,1098
966,943
966,967
966,1531
147,193
147,1098
1056,363
1056,493
1056,1036
193,1559
1098,362
148,149
148,1337
148,1493
149,456
149,1557
1337,1336
1337,1339
1493,543
456,1561
456,502
456,458
1557,300
1557,364
150,151
150,1427
150,630
150,196
151,153
151,501
1427,276
1427,324
630,392
630,520
630,1561
196,523
196,563
196,1539
153,175
153,393
153,566
501,763
501,699
347,390
347,500
675,370
675,694
175,174
175,828
175,1520
393,416
393,678
393,1026
566,652
566,677
566,852
154,155
154,177
154,1154
154,1175
155,178
155,1132
155,1415
177,176
177,178
177,200
1154,483
1154,1155
1175,1152
1175,1176
1175,1198
178,179
178,201
1132,241
1132,307
1132,397
1415,1414
1415,1416
1415,1438
179,180
179,202
1067,328
1067,1066
1067,1198
180,181
180,203
1259,801
1259,1107
1259,1258
181,182
181,204
1130,1085
1130,1150
182,183
182,205
183,184
183,206
184,185
184,207
185,186
185,208
186,187
186,686
187,210
188,211
188,233
188,320
1295,191
1295,431
1295,1384
167,209
167,1339
209,208
209,210
209,1185
1339,1359
168,1185
168,1380
1185,319
1185,1165
1380,1379
1425,344
1425,1405
1425,1423
496,560
171,344
171,239
171,410
344,346
239,564
239,260
239,369
410,172
410,1537
172,763
172,654
763,652
654,416
654,1027
654,1004
565,588
565,695
565,676
500,324
174,197
174,240
174,849
197,176
197,1066
197,739
240,241
240,718
240,826
849,305
849,826
828,765
828,829
828,851
1520,1519
1520,1521
1520,1543
176,958
958,935
958,957
958,959
200,199
200,201
200,223
201,202
201,224
202,203
202,225
203,204
203,226
204,205
204,227
205,206
205,228
206,207
206,229
207,208
207,967
208,339
686,533
686,597
686,709
210,233
210,1317
211,234
211,1341
233,232
233,1319
320,451
320,473
320,1296
1057,513
1057,1055
1057,1058
1402,1422
1273,235
1273,340
1273,365
191,214
191,234
214,237
234,409
345,1317
345,1536
345,1383
1559,343
804,261
804,803
694,652
694,671
1537,301
1537,409
523,283
523,612
523,655
563,1514
563,1408
1539,693
1066,1043
1066,1065
739,720
198,199
198,219
198,980
198,1111
199,1110
199,1284
219,261
219,915
980,957
980,979
980,981
1111,220
1111,483
1111,936
1110,1087
1110,1133
1110,1088
1284,1285
1284,1307
223,222
223,224
223,246
224,225
224,247
225,226
225,248
226,227
226,249
227,228
227,250
228,229
228,880
229,230
229,252
967,968
339,316
339,338
339,340
1317,297
1317,340
1341,343
1341,516
1341,649
1231,318
1231,494
1231,561
235,453
237,215
237,718
215,652
215,1516
1516,321
1516,429
1516,583
869,284
869,870
261,781
915,285
915,656
915,916
220,221
220,241
220,243
221,222
221,265
221,1044
241,871
243,242
243,244
243,266
222,244
222,245
265,264
265,266
265,288
1044,1043
1044,1087
244,245
244,1199
245,246
245,268
246,247
246,269
247,248
247,270
248,249
248,271
249,250
249,272
250,273
880,881
880,924
230,231
230,535
252,253
252,773
231,232
231,295
535,797
535,995
535,1060
232,1013
295,294
295,296
295,512
1013,297
1013,425
1319,451
1319,472
1319,647
409,257
409,300
453,1320
453,1233
453,1383
1534,1515
1534,1535
718,346
238,543
238,697
238,1517
543,564
697,786
1517,520
1517,695
1517,761
260,938
260,585
260,1561
369,324
369,631
369,610
871,546
871,870
871,872
242,263
242,395
242,936
263,305
395,372
395,374
395,396
936,913
936,935
266,267
266,289
1199,1198
1199,1200
1199,1222
268,267
268,269
268,291
269,270
269,292
270,271
270,293
271,272
271,294
272,273
272,968
273,274
273,296
274,275
274,579
253,254
773,750
773,774
773,796
254,256
254,1360
256,258
256,279
1360,388
1360,408
1360,1359
255,431
255,495
495,362
495,386
495,670
279,302
279,280
257,1384
257,518
1384,584
1384,1361
518,715
938,460
938,896
938,937
585,1581
781,673
781,780
781,1410
437,392
437,526
437,458
827,502
827,807
305,306
305,328
264,285
264,287
264,482
285,284
285,1087
287,286
287,288
287,310
482,459
482,483
482,505
288,289
288,311
267,290
289,290
289,312
290,291
290,313
291,292
291,314
292,293
292,315
293,294
293,316
294,317
968,969
968,991
296,297
275,276
579,556
579,602
579,819
276,277
276,385
277,342
277,1275
385,384
385,386
385,1164
342,322
342,539
342,1167
1275,582
1275,648
1143,427
1143,430
1143,493
302,304
302,325
280,1536
1536,476
1536,517
283,394
283,760
785,460
785,590
785,873
544,784
544,762
394,371
394,417
394,893
760,390
760,740
760,1409
284,981
284,1026
981,306
981,526
1026,1025
1026,1158
286,307
286,1198
286,1242
307,306
1242,462
1242,549
1242,1241
310,309
310,311
310,333
311,312
311,334
312,313
312,335
313,314
313,336
314,315
314,337
315,316
315,338
316,317
317,688
512,489
512,511
512,753
452,451
452,1364
452,1363
300,346
346,782
301,1514
1514,1515
304,629
304,761
325,326
325,348
631,589
631,717
629,583
629,1474
629,762
761,784
306,329
328,329
328,460
329,308
329,330
308,309
308,331
308,1306
309,332
309,1416
331,330
331,332
331,354
1306,1305
1306,1307
1306,1329
332,333
332,355
1416,1393
1416,1417
333,334
333,356
334,335
334,357
335,336
335,358
336,337
336,359
337,338
337,360
338,361
688,645
688,1233
688,1079
318,1102
318,1145
1102,362
1102,383
1102,473
1145,386
1145,449
1145,1144
319,1146
319,537
319,1186
1146,383
1146,471
1146,624
537,1144
537,1103
537,1213
1186,1184
1186,1187
1186,1188
451,1321
473,605
473,1364
1296,516
1296,1274
321,364
364,561
364,1363
322,1407
1407,559
1407,1366
1407,1405
326,327
326,1581
326,567
348,349
348,371
348,829
327,350
327,436
327,829
1581,475
1581,561
567,1092
567,1049
567,1090
350,349
350,351
350,373
436,459
436,524
436,983
829,766
460,1265
330,351
330,353
351,1197
351,1244
353,352
353,354
353,376
354,355
354,377
355,356
355,378
356,357
356,379
357,358
357,380
358,359
358,381
359,360
359,578
360,491
360,710
361,381
361,881
361,1014
341,1320
341,1034
341,538
1320,471
1320,1300
1034,1035
1034,1036
1034,1054
538,1058
538,1342
538,558
539,714
539,1254
1167,382
1167,1166
1167,1169
343,476
343,474
474,628
474,1254
474,1515
1383,540
1383,1361
782,588
782,673
390,1560
390,698
349,372
349,830
371,895
372,373
372,1003
830,613
830,831
830,1290
373,352
373,374
1197,1220
1244,745
1244,1221
1244,1243
352,375
352,1000
375,376
375,398
375,1089
1000,977
1000,999
1000,1001
376,377
376,399
377,378
377,400
378,379
378,401
379,380
379,402
380,381
380,403
381,404
578,555
578,776
578,1038
491,490
491,602
491,667
710,733
710,755
710,1060
881,882
881,904
1014,601
1014,668
1014,991
362,1037
1037,406
1037,536
1037,1035
363,449
363,1078
449,406
449,1232
1078,384
1078,1077
1078,1080
561,584
1363,450
1363,1343
365,1164
1164,1162
1164,1163
762,590
610,764
610,1069
370,502
370,608
370,740
502,787
608,588
740,655
895,635
895,894
895,896
1003,569
1003,613
1003,1002
374,397
374,484
397,398
397,420
484,485
484,505
484,507
398,399
398,421
1089,438
1089,526
1089,1112
399,400
399,422
400,401
400,423
401,402
401,424
402,403
402,425
403,404
403,708
404,687
382,383
382,994
383,384
994,447
994,995
994,1017
384,603
603,583
603,1036
388,651
651,671
389,588
389,717
717,1560
717,759
1560,604
1560,715
698,1072
698,1046
698,1093
415,1133
415,677
719,479
719,695
719,742
435,961
392,741
392,481
741,545
741,808
741,853
481,1068
481,1180
481,1157
416,439
416,809
678,461
678,811
678,787
417,418
417,937
417,1025
893,870
893,894
396,419
396,1221
396,1350
419,418
419,420
419,442
1221,1220
1221,1222
1350,1349
1350,1373
420,421
420,443
421,422
421,444
422,423
422,445
423,424
423,446
424,425
424,447
425,601
708,685
708,707
708,709
687,598
687,624
687,820
405,667
405,993
405,1011
405,1015
667,1038
667,731
993,970
993,1016
993,1170
1011,1010
1015,798
1015,1124
1015,1278
406,1232
406,1081
1232,1234
1081,493
1081,558
1081,604
407,1210
407,1189
407,1233
407,1385
1210,580
1210,648
1210,691
1189,430
1189,689
1189,733
1233,1213
1385,475
1385,494
408,1187
408,1101
1187,1188
1101,426
1101,992
1101,1080
765,832
765,1047
1133,461
1133,1156
677,1114
677,807
439,418
439,440
439,636
809,1048
809,1179
809,1050
418,441
937,524
937,914
1025,808
1025,1002
441,442
441,464
442,443
442,465
443,444
443,466
444,445
444,467
445,446
445,468
446,447
446,683
447,711
601,1039
601,1061
426,1144
426,1060
426,1168
1144,429
1060,1083
1168,450
1168,645
1168,689
427,1122
427,1124
1122,469
1122,516
1122,1123
1124,670
1124,1123
428,1361
428,536
428,1099
428,1234
1361,1359
536,971
536,1166
1234,734
1234,1235
429,1276
1276,430
1276,514
1276,734
430,1405
1405,1406
1535,1515
784,479
961,504
961,612
961,1204
459,635
459,806
524,723
524,894
983,808
983,854
983,1202
526,549
458,720
458,696
438,548
438,1068
438,1158
548,525
548,571
548,701
1068,633
1068,1069
1158,679
1158,745
440,463
440,1112
440,1375
636,614
636,659
636,1289
463,462
463,464
463,486
1112,614
1112,1135
1375,1352
1375,1374
1375,1376
464,465
464,487
465,466
465,488
466,467
466,489
467,468
467,490
468,469
468,794
683,660
683,706
711,778
711,1062
711,1236
448,580
448,643
448,665
448,732
580,1103
580,1104
643,576
643,600
643,731
665,469
665,642
665,798
732,709
732,778
732,1280
450,1321
1321,692
1321,1300
1364,494
1364,649
454,1297
1297,471
1297,559
720,1114
720,873
696,545
696,611
635,503
635,658
806,850
806,913
806,808
1265,1264
1265,1266
1265,1288
461,1179
461,1223
1179,1156
1179,1178
1223,612
1223,811
1223,1222
462,483
462,485
485,486
485,508
486,487
486,509
487,488
487,510
488,489
488,511
489,490
490,772
469,1079
794,771
794,795
794,817
1079,492
1079,992
470,1212
470,733
470,581
1212,472
1212,559
1212,1211
733,756
581,1192
581,800
581,712
471,1256
1256,515
1256,1255
1256,1258
472,1059
472,1428
1059,646
1059,800
1059,992
1428,1406
1428,1448
605,517
605,1211
628,1387
1254,515
676,1027
676,1091
589,1005
852,1203
852,1069
479,591
479,633
591,480
591,547
591,592
633,699
633,810
480,743
480,850
480,897
743,721
743,1334
743,984
850,525
850,655
897,874
897,877
897,943
1180,634
1180,943
1180,984
1157,634
1157,939
1157,1134
505,702
505,1245
507,506
507,508
507,530
508,509
508,531
509,510
509,532
510,511
510,533
511,534
772,749
772,771
772,795
602,625
492,969
492,1016
492,1058
969,555
969,970
1016,666
1016,1039
1058,558
493,1235
1235,757
1235,1215
670,800
670,1583
560,668
560,604
560,1080
1406,1408
699,1094
699,1049
787,1201
787,1136
503,525
503,872
503,959
525,1024
872,1071
959,612
959,960
504,1024
504,1071
504,1091
1024,1001
1071,1070
1071,1072
1091,1027
1091,1090
702,679
702,725
702,857
1245,547
1245,899
1245,1222
506,527
506,529
506,1333
527,528
527,1243
527,1418
529,528
529,530
529,552
1333,853
1333,1310
1333,1506
530,531
530,553
531,532
531,554
532,555
532,1549
533,556
533,620
534,557
534,599
534,903
753,730
753,776
753,1017
513,600
513,948
513,1082
600,556
600,820
948,925
948,947
948,949
1082,514
1082,1105
514,1191
514,582
1191,625
1191,714
582,1344
582,1387
515,1278
515,1125
1278,626
1125,626
1125,646
1125,1126
516,1080
517,1451
1451,735
1451,779
1451,803
715,1387
655,766
723,746
723,960
723,1181
894,569
549,550
528,551
528,1246
1243,1220
1243,1266
1418,1417
1418,1419
1418,1394
551,550
551,552
551,574
1246,875
1246,876
1246,1135
552,553
552,575
553,554
553,576
554,555
554,577
1549,620
1549,1526
1549,1548
556,973
620,619
620,621
557,625
557,729
557,1126
599,576
599,622
599,644
903,904
903,926
797,774
797,796
797,820
995,972
995,1018
971,623
971,970
971,972
1166,1147
1166,1165
1103,713
1103,1104
1213,1214
1213,1215
1342,604
1342,689
1342,1322
558,647
714,1476
714,1453
540,758
540,691
758,757
758,1257
758,1497
691,1211
691,1193
1430,584
1430,1431
1430,1409
545,1046
545,742
1046,742
1046,917
742,653
546,656
546,831
546,874
656,679
656,789
831,811
831,832
874,851
547,657
547,914
657,1178
657,1200
657,1376
914,891
914,913
571,550
571,572
571,1417
701,724
701,856
701,1156
550,573
573,572
573,574
573,596
574,575
574,597
575,576
577,622
577,642
577,775
973,950
973,972
973,996
625,624
729,706
729,728
729,752
1126,690
1126,1127
647,1277
668,713
668,1388
584,1277
648,1432
1408,1409
1408,1410
1092,940
1092,960
1092,1073
1049,722
1049,1048
1090,939
1090,1088
568,851
568,788
568,786
568,1136
851,1115
788,1421
788,1160
788,1093
786,1028
786,1181
1136,1005
1136,1113
569,570
569,592
570,1200
570,1332
570,1397
592,593
592,615
1200,680
1332,1309
1332,1331
1397,1374
1397,1420
572,593
572,595
1417,596
593,594
593,833
595,594
595,618
595,835
596,597
596,619
597,598
622,621
622,623
642,619
642,641
775,752
775,754
775,798
776,777
776,799
1038,644
1038,1061
819,796
819,818
819,842
1104,1106
1104,1123
1192,646
1192,1169
1192,1172
712,1344
712,1171
712,1084
1344,735
1344,1367
1387,735
583,690
690,1127
690,1190
1277,626
1277,649
1005,1114
1005,1051
590,611
590,653
611,653
611,1202
653,917
615,594
615,616
594,617
833,613
833,834
833,1267
617,616
617,618
617,640
618,619
618,641
835,640
835,814
835,834
598,621
598,793
621,730
793,770
793,792
793,816
644,709
644,1170
820,843
1039,626
1039,1062
1061,1084
1036,1035
1211,1190
692,1583
764,1047
764,807
764,1048
1069,962
1202,812
1202,1007
613,614
614,637
637,616
637,638
616,639
639,638
639,662
639,1398
640,641
640,663
641,664
730,707
730,731
623,624
623,1083
1083,754
1083,1106
1474,1452
1474,1453
721,873
721,1181
810,1312
810,960
810,1269
634,919
634,854
919,896
919,920
854,1267
854,1203
658,659
658,681
658,746
659,638
659,660
1289,1266
1289,1288
1289,1312
638,661
661,660
661,662
661,684
662,663
662,685
1398,1379
1398,1399
1398,1421
663,664
663,1528
664,685
664,752
731,754
1170,669
1170,1345
645,1105
645,646
1105,755
1105,1128
1432,803
1432,1455
649,759
759,780
759,1343
917,1093
917,1070
1027,1160
1004,1135
1004,1137
1004,1203
766,767
766,789
679,680
789,790
1178,1177
1178,1159
1376,900
1376,1353
681,660
681,680
681,682
746,769
684,685
684,707
1528,1483
1528,1527
1528,1529
752,751
798,821
666,774
666,974
666,1017
774,751
974,951
974,975
974,997
713,1237
1388,777
1388,1389
1388,1411
669,845
669,1257
669,1431
845,822
845,844
845,846
1257,734
1257,1151
1431,1194
1431,1454
890,867
890,889
890,891
1114,1094
807,982
811,1334
682,705
682,1377
682,1462
705,704
705,706
705,728
1377,745
1377,1354
1462,813
1462,1461
1462,1551
706,707
689,1123
1127,1147
1127,1148
1190,1169
1190,1188
1193,1216
1193,1172
1193,1194
693,1497
693,1453
693,1366
1497,757
1453,1452
1366,1343
1366,1389
1072,1073
1093,1007
1094,700
1094,1095
700,1051
700,1160
700,1070
1051,1053
1160,1159
1070,963
724,725
724,1355
856,855
856,857
856,878
1156,1155
725,704
725,726
857,834
704,727
727,726
727,728
727,750
728,751
755,1019
755,1345
778,779
1062,1085
1062,1258
1236,735
1236,1237
1236,1238
1171,1172
1171,1169
1084,1107
1237,801
1237,1260
1476,801
1476,1477
1476,1499
873,744
1181,1006
722,1050
722,984
722,940
1050,941
1050,964
984,1028
940,1204
940,1247
1355,922
1355,1354
726,749
749,748
749,750
750,751
754,1018
1280,1281
1280,1279
756,802
756,1302
756,1214
734,1302
1302,1301
1302,1303
1298,1255
1298,1274
1298,1279
780,779
853,964
853,1225
1334,855
1334,1311
744,962
744,1138
744,1267
962,916
962,985
1138,1007
1138,1116
1138,1117
1267,1266
745,768
768,767
768,769
768,791
769,748
769,770
748,771
748,924
771,770
924,925
924,947
1018,1019
1018,1041
1019,996
1019,1020
1345,1368
1345,1326
802,779
1214,1195
1214,1215
757,1150
1150,1148
1150,1149
1343,1322
1047,939
1047,982
1048,982
832,834
832,1248
767,790
767,1311
790,791
790,813
1311,1288
1311,1310
791,770
791,792
795,796
795,818
777,1323
777,1367
799,822
799,1301
799,1410
1323,801
1323,1322
1367,1368
1367,1390
1410,803
916,1135
1028,1444
1028,1115
1201,875
1201,918
1201,982
1421,1399
813,792
813,1485
792,815
815,814
815,816
815,838
816,817
816,839
817,818
817,840
818,841
821,822
821,844
821,1411
1301,1194
1301,1299
913,912
1312,1293
1269,1268
1269,1270
812,1095
812,1224
812,1290
1095,965
1224,939
1224,1225
1224,1226
1290,1006
1290,1291
1485,964
1485,1484
814,837
814,1551
837,838
837,860
1551,1529
1551,1552
838,839
838,861
839,840
839,862
840,841
840,863
841,842
841,864
842,843
842,865
843,844
843,866
844,867
1411,1412
1411,1434
846,847
1454,1455
1454,1477
1248,1247
859,860
859,882
860,861
860,883
861,862
861,884
862,863
862,885
863,864
863,886
864,865
864,887
865,866
865,888
866,867
866,889
847,870
1115,941
1115,942
1203,918
964,1205
1225,1206
855,878
878,877
882,883
882,905
883,884
883,906
884,885
884,907
885,886
885,908
886,887
886,909
887,888
887,910
888,889
888,911
889,912
1042,1041
1042,1043
1042,1065
875,943
876,877
876,898
877,900
898,1441
898,1313
904,905
904,927
905,906
905,928
906,907
906,929
907,908
907,930
908,909
908,931
909,910
909,932
910,911
910,933
911,912
911,934
912,935
891,1542
1542,1519
1542,1543
896,985
985,986
985,1268
1441,1422
1441,1464
1313,1294
899,1010
899,918
1010,987
1010,1009
918,1292
925,926
922,921
922,1420
926,927
926,949
927,928
927,950
928,929
928,951
929,930
929,952
930,931
930,953
931,932
931,954
932,933
932,955
933,934
933,956
934,935
934,957
1292,1271
1292,1291
1292,1293
920,921
920,1530
921,1073
1530,1529
1530,1531
1530,1532
1420,1419
947,970
949,950
949,972
950,951
951,952
952,953
952,975
953,954
953,976
954,955
954,977
955,956
955,978
956,957
956,979
1204,1183
1204,1184
1247,1268
941,1399
941,1226
1226,963
1226,1206
942,1118
942,1445
1118,1029
1118,1116
1445,987
1445,1029
1445,1031
1029,1464
1572,1552
1572,1574
945,1464
945,1054
945,1532
1054,1053
1532,1531
975,976
975,998
976,977
976,999
977,978
978,979
978,1001
979,1002
963,1554
963,1486
1554,1552
1554,1555
1486,1007
1486,1467
1486,1487
1205,1183
1205,1206
965,1379
1531,1529
991,992
996,997
997,998
997,1020
998,999
998,1021
999,1022
1001,1002
986,987
986,1009
1268,1270
1009,1141
1020,1021
1020,1043
1021,1022
1021,1239
1137,1030
1137,1116
1137,1117
1006,1113
1113,1134
1113,1155
1161,1141
1161,1159
1161,1162
1577,1576
1239,1129
1239,1216
1239,1262
1444,1423
1444,1424
1444,1446
1030,1206
1065,1240
1085,1086
1258,1238
1240,1217
1240,1263
1240,1346
1106,1107
1106,1086
1107,1086
1128,1129
1128,1151
1129,1152
1151,1149
1152,1304
1304,1281
1304,1305
1304,1303
1176,1177
1176,1309
1155,1134
1177,1134
1309,1308
1309,1310
1216,1217
1216,1195
1194,1217
1217,1218
1195,1218
1195,1215
1218,1241
1328,1305
1328,1327
1328,1329
1241,1264
1241,1260
1260,1238
1262,1263
1262,1285
1262,1261
1263,1264
1263,1286
1346,1327
1346,1348
1264,1287
1285,1286
1285,1308
1286,1287
1286,1505
1287,1288
1287,1310
1281,1282
1281,1519
1282,1305
1282,1261
1307,1308
1307,1330
1308,1331
1505,1482
1505,1504
1505,1506
1303,1326
1303,1261
1326,1325
1326,1327
1329,1330
1329,1352
1330,1331
1330,1353
1331,1354
1325,1348
1325,1327
1348,1349
1348,1369
1352,1353
1353,1354
1506,1507
1368,1369
1368,1391
1370,1369
1370,1371
1370,1393
1349,1371
1349,1372
1373,1372
1373,1374
1373,1396
1390,1389
1390,1391
1390,1413
1369,1392
1391,1392
1391,1414
1392,1393
1392,1371
1371,1372
1393,1394
1372,1395
1395,1394
1395,1396
1395,1440
1396,1419
1389,1412
1412,1413
1412,1435
1413,1414
1413,1436
1414,1437
1394,1440
1434,1435
1434,1457
1435,1436
1435,1458
1436,1437
1436,1459
1437,1438
1437,1460
1438,1461
1455,1456
1455,1478
1456,1457
1456,1479
1457,1458
1457,1480
1458,1459
1458,1481
1459,1460
1459,1482
1460,1461
1460,1483
1461,1484
1477,1478
1477,1500
1478,1479
1478,1501
1479,1480
1479,1502
1480,1481
1480,1503
1481,1482
1481,1504
1482,1483
1483,1484
1499,1500
1499,1522
1500,1501
1500,1523
1501,1502
1501,1524
1502,1503
1502,1525
1503,1504
1503,1526
1504,1527
1521,1522
1521,1544
1522,1523
1522,1545
1523,1524
1523,1546
1524,1525
1524,1547
1525,1526
1525,1548
1526,1527
1543,1544
1544,1545
1545,1546
1546,1547
1547,1548
1035,1055
1053,1055
1086,1088
1116,1117
1147,1148
1147,1149
1148,1149
1159,1182
1162,1163
1162,1182
1163,1165
1163,1182
1165,1184
1182,1183
1183,1184
1238,1261
1255,1279
1255,1299
1270,1271
1271,1291
1274,1294
1279,1299
1291,1293
1293,1294
1299,1300
1300,1322
1422,1423
1422,1424
1423,1424
1424,1446
1446,1448
1446,1466
1466,1467
1467,1469
1467,1487
1469,1489
1487,1489
1490,1491
1491,1512
1555,1574
1574,1576
