0,892
0,1365
0,607
0,21
892,132
892,891
892,893
1365,647
1365,712
1365,715
607,674
607,1583
607,1494
21,1560
21,1518
21,1582
1,24
1,131
1,823
1,1040
24,47
24,1063
24,1324
131,110
131,262
131,1023
823,87
823,822
823,1280
1040,996
1040,1017
1040,1041
2,3
2,25
2,1064
2,1563
3,4
3,26
3,1564
25,48
25,1174
25,1563
1064,1041
1064,1065
1064,1087
1563,1152
1563,1564
4,5
4,27
4,1565
26,49
26,1173
26,1219
1564,45
1564,1565
5,28
5,1351
5,1566
27,28
27,50
27,1196
1565,1542
1565,1566
28,29
28,51
1351,1350
1351,1352
1351,1374
1566,1543
1566,1567
6,7
6,29
6,1439
6,1567
7,8
7,30
7,1568
29,30
29,52
1439,549
1439,1438
1439,1440
1567,1544
1567,1568
8,9
8,31
8,1569
30,31
30,53
1568,1545
1568,1569
9,10
9,32
9,1570
31,54
31,703
1569,1546
1569,1570
10,11
10,1550
10,1571
32,55
32,165
32,879
1570,575
1570,1547
11,747
11,923
11,989
1550,1332
1550,1527
1550,1573
1571,1396
1571,1507
1571,1548
747,724
747,726
747,746
923,143
923,230
923,900
989,167
989,900
989,987
12,836
12,901
12,1442
12,1573
836,837
836,857
836,859
901,880
901,925
901,1485
1442,33
1442,637
1442,1419
1573,99
1573,1397
13,1272
13,1381
13,1162
13,1117
1272,145
1272,148
1272,1253
1381,37
1381,212
1381,1358
1162,37
1162,1142
1162,1161
1117,811
1117,920
1117,1115
14,80
14,1357
14,1443
14,146
80,1357
80,1228
80,81
1357,15
1357,855
1443,35
1443,1420
1443,1424
146,123
146,145
146,147
15,1251
15,1335
15,965
1251,57
1251,147
1251,408
1335,944
1335,1312
1335,1358
965,1185
965,1336
965,1529
16,1579
16,280
16,1121
16,1359
1579,63
1579,169
1579,324
280,518
280,1536
280,498
1121,36
1121,189
1121,319
1359,1360
1359,1361
1359,1379
17,234
17,1295
17,1186
17,1341
234,1447
234,1558
234,473
1295,191
1295,431
1295,1384
1186,101
1186,188
1186,362
1341,430
1341,1340
1341,1342
18,498
18,190
18,1361
18,606
498,39
498,1451
190,320
190,298
190,1119
1361,103
1361,363
606,150
606,1473
606,735
19,152
19,694
19,715
19,542
152,803
152,304
152,608
694,238
694,477
694,630
715,648
715,1494
542,476
542,609
542,740
20,738
20,345
20,759
20,304
738,66
738,109
738,411
345,543
345,1385
345,1558
759,562
759,670
759,1540
304,302
304,565
1560,649
1560,737
1560,760
1518,604
1518,1497
1518,1517
1582,106
1582,128
1582,499
22,783
22,848
22,1023
22,1498
783,42
783,653
783,781
848,263
848,847
848,849
1023,1022
1023,1024
1498,1475
1498,1499
1498,1521
23,46
23,1153
23,1347
23,780
46,45
46,47
46,69
1153,1130
1153,1176
1153,1197
1347,1324
1347,1370
1347,1346
780,760
780,779
780,781
47,48
47,70
1063,1061
1063,1082
1063,1083
1324,1323
1324,1325
48,49
48,71
1174,307
1174,1151
1174,1197
49,50
49,72
1173,1172
1173,1196
1173,1171
1219,461
1219,1218
1219,1220
50,51
50,73
1196,156
1196,1328
51,52
51,74
52,53
52,75
53,54
53,76
54,55
54,77
703,680
703,683
703,704
55,56
55,251
165,142
165,187
165,188
879,684
879,858
879,878
33,858
33,1033
33,1463
858,317
858,859
1033,211
1033,296
1033,1009
1463,441
1463,1440
1463,1484
34,946
34,1356
34,1511
34,1466
946,382
946,947
946,967
1356,876
1356,1355
1356,1358
1511,38
1511,1510
1511,1513
1466,921
1466,1467
1466,1468
35,102
35,1400
35,920
102,79
102,1098
102,1296
1400,79
1400,1377
1400,1401
920,919
920,921
36,1209
36,1576
36,1053
1209,320
1209,1210
1209,1228
1576,104
1576,1557
1576,1574
1053,37
1053,1052
1053,1054
37,1185
1185,209
1185,1187
38,1230
38,62
38,1491
1230,450
1230,473
1230,1232
62,1447
62,390
62,455
1491,298
1491,1472
1491,1490
39,168
39,1338
39,1296
168,386
168,1471
168,1143
1338,1315
1338,1318
1338,1337
1296,363
1296,366
40,235
40,41
40,1449
40,367
235,213
235,1273
235,475
41,301
41,1452
41,170
1449,233
1449,412
1449,628
367,82
367,1513
367,476
301,170
301,478
301,452
1452,562
1452,651
1452,693
170,564
170,278
42,1386
42,779
42,758
1386,602
1386,693
1386,716
779,778
779,802
758,65
758,86
758,1407
43,130
43,1453
43,197
43,782
130,1561
130,673
130,717
1453,64
1453,86
1453,1474
197,174
197,176
197,1066
782,239
782,1497
782,803
44,824
44,825
44,1433
44,1540
824,66
824,846
824,1454
825,87
825,802
825,826
1433,1432
1433,1434
1433,1456
1540,671
1540,1539
45,68
45,1475
68,67
68,69
68,91
1475,778
1475,800
69,70
69,92
70,71
70,93
71,72
71,94
72,73
72,95
73,74
73,96
74,75
74,97
75,76
75,98
76,77
76,99
77,100
77,1509
56,57
56,79
56,1055
251,250
251,252
251,274
57,1208
57,1508
79,125
1055,383
1055,1035
1055,1054
1208,166
1208,167
1208,275
1508,615
1508,1507
1508,1486
58,81
58,1097
58,1574
58,1142
81,82
81,1207
1097,1077
1097,1095
1097,1098
1574,1572
1574,1575
1142,1140
1142,1143
59,1096
59,1076
59,1513
59,1141
1096,1077
1096,1094
1096,1095
1076,275
1076,297
1076,1075
1513,171
1141,1120
1141,1139
1141,1140
60,83
60,1447
60,189
60,1227
83,1534
83,1428
83,85
1447,149
189,1445
189,1274
1227,1226
1227,1228
1227,1247
61,1577
61,585
61,453
61,1339
1577,1557
1577,1575
1577,1578
585,456
585,736
585,651
453,1561
453,1320
453,692
1339,126
1339,167
1339,321
390,196
390,763
390,805
455,260
455,605
455,1536
63,695
63,1471
63,696
695,588
695,1538
695,1581
1471,299
1471,321
696,151
696,523
696,611
64,259
64,540
64,762
259,718
259,433
259,610
540,388
540,1254
540,1320
762,129
762,260
762,521
65,1583
65,369
65,172
1583,499
1583,1562
369,761
369,632
369,544
172,631
172,323
172,239
66,67
66,89
67,90
67,1108
89,88
89,90
89,112
90,91
90,113
1108,157
1108,1085
1108,1131
91,92
91,114
92,93
92,115
93,94
93,116
94,95
94,117
95,96
95,118
96,97
96,119
97,98
97,120
98,99
98,121
99,100
100,123
100,1207
1509,919
1509,988
1509,1510
78,1119
78,1465
78,1118
78,1512
1119,255
1119,945
1465,1441
1465,1444
1465,1464
1118,1120
1118,1137
1118,1138
1512,104
1512,192
1512,1510
125,1206
125,1555
125,322
1228,1226
82,1580
82,1559
1207,124
1207,148
1580,128
1580,411
1580,672
1559,257
1559,520
1559,584
1534,105
1534,365
1534,410
1428,281
1428,324
1428,364
85,651
85,566
85,128
84,432
84,322
84,279
84,1473
432,169
432,323
432,344
322,563
322,1470
279,124
279,278
279,302
1473,496
1473,564
651,476
566,502
566,590
566,761
128,673
86,456
86,260
456,541
456,672
260,631
87,868
87,1541
868,867
868,869
868,1042
1541,88
1541,713
1541,847
88,109
88,804
109,218
109,649
804,153
804,414
804,673
112,111
112,113
112,135
113,114
113,136
114,115
114,137
115,116
115,138
116,117
116,139
117,118
117,140
118,119
118,141
119,120
119,142
120,121
120,143
121,122
121,145
123,122
123,1206
101,902
101,1012
101,1164
902,231
902,903
902,922
1012,404
1012,428
1012,1011
1164,318
1164,1163
1164,1165
1098,1099
1098,1100
103,1469
103,1403
103,1229
1469,1467
1469,1468
1469,1488
1403,126
1403,1401
1403,1402
1229,232
1229,253
1229,430
104,1340
104,1450
1340,254
1340,1318
1450,193
1450,1409
1450,1472
105,411
105,1316
105,212
411,1470
1316,144
1316,300
1316,364
212,1425
212,1337
106,303
106,300
106,543
303,192
303,608
303,586
300,1578
300,475
543,413
543,1516
107,650
107,545
107,673
107,675
650,520
650,1538
650,716
545,523
545,764
545,632
675,391
675,522
675,739
108,413
108,368
108,717
108,522
413,391
413,565
368,173
368,283
368,1427
717,347
717,718
522,129
522,523
218,217
218,219
218,869
649,129
649,1409
110,111
110,133
110,1131
111,134
111,1283
133,132
133,134
133,156
1131,267
1131,1154
134,135
134,157
1283,1260
1283,1282
1283,1284
135,136
135,158
136,137
136,159
137,138
137,160
138,139
138,161
139,140
139,162
140,141
140,163
141,142
141,164
142,143
143,990
122,164
122,166
145,1052
164,163
164,187
166,1057
166,1184
1206,144
1206,1205
124,366
124,144
366,1364
366,452
144,1293
1555,1535
1555,1554
1555,1556
126,346
126,342
346,238
346,519
346,628
342,277
342,539
342,1210
127,216
127,1578
127,1382
127,1492
216,193
216,217
216,826
1578,298
1382,1360
1382,1383
1382,1401
1492,518
1492,1490
1492,1493
129,741
741,587
741,984
741,1024
1561,564
1561,630
262,263
262,437
262,827
132,1045
132,1110
1045,176
1045,1022
1045,1044
1110,199
1110,1087
1110,1133
156,179
156,1067
157,180
157,1259
158,159
158,181
158,1130
159,160
159,182
160,161
160,183
161,162
161,184
162,163
162,185
163,186
990,991
990,1011
990,1013
1293,945
1293,1292
1293,1294
1052,1050
1052,1054
147,193
147,1273
193,474
1273,341
1273,1271
148,477
148,1404
477,194
477,392
1404,149
1404,320
1404,1385
149,1557
149,1425
1557,1556
1425,1423
1425,1424
150,151
150,1427
150,454
151,153
151,631
1427,215
1427,276
454,388
454,627
454,1538
153,175
153,393
631,761
803,196
803,1410
608,674
608,1515
175,174
175,828
175,1520
393,416
393,678
393,1026
154,155
154,177
154,1154
154,1175
155,178
155,1132
155,1415
177,176
177,178
177,200
1154,483
1154,1155
1175,1152
1175,1176
1175,1198
178,179
178,201
1132,241
1132,307
1132,397
1415,1414
1415,1416
1415,1438
179,180
179,202
1067,328
1067,1066
1067,1198
180,181
180,203
1259,801
1259,1107
1259,1258
181,182
181,204
1130,1085
1130,1088
182,183
182,205
183,184
183,206
184,185
184,207
185,186
185,208
186,187
186,686
187,210
188,233
188,1317
1057,1035
1057,1056
1057,1058
1184,964
1184,1182
1184,1183
167,209
209,208
209,210
386,385
386,387
386,497
1143,211
1143,1145
169,258
169,1358
258,256
258,281
258,1515
564,632
278,277
278,387
171,326
171,388
171,1493
326,281
326,325
326,327
388,321
1493,323
1493,429
323,587
239,565
239,610
173,324
173,652
173,1537
324,344
652,414
652,698
652,1537
1537,299
1537,495
174,240
174,849
240,241
240,718
240,826
849,305
849,826
828,765
828,829
828,851
1520,1519
1520,1521
1520,1543
176,958
958,935
958,957
958,959
200,199
200,201
200,223
201,202
201,224
202,203
202,225
203,204
203,226
204,205
204,227
205,206
205,228
206,207
206,229
207,208
207,967
208,339
686,533
686,597
686,709
210,233
210,1317
233,232
1317,297
1317,340
1445,963
1445,1008
1445,1426
1274,191
1274,407
1274,517
320,1077
298,1536
191,214
191,192
214,213
214,237
214,434
192,412
412,523
412,805
474,605
474,1451
474,586
194,1472
194,478
194,521
1472,389
478,872
478,677
521,257
521,609
195,1538
195,544
195,282
195,433
544,435
544,610
282,414
282,785
282,1581
433,238
433,588
196,740
196,1562
740,629
740,760
1562,761
1066,1043
1066,1065
198,199
198,219
198,980
198,1111
199,1284
219,261
219,915
980,957
980,979
980,981
1111,220
1111,483
1111,936
1284,1285
1284,1307
223,222
223,224
223,246
224,225
224,247
225,226
225,248
226,227
226,249
227,228
227,250
228,229
228,880
229,230
229,252
967,966
967,968
339,316
339,338
339,340
211,1144
211,1490
1144,514
1144,536
1144,558
1490,1489
1337,255
1337,1315
213,237
213,255
237,718
237,499
255,431
434,325
434,784
434,872
215,827
215,370
215,541
827,567
827,806
370,742
370,630
370,719
541,1495
541,1319
217,588
217,654
588,917
654,765
654,763
654,918
869,284
869,870
261,416
261,781
261,611
915,285
915,656
915,916
220,221
220,241
220,243
221,222
221,265
221,1044
241,871
243,242
243,244
243,266
222,244
222,245
265,264
265,266
265,288
1044,1043
1044,1087
244,245
244,1199
245,246
245,268
246,247
246,269
247,248
247,270
248,249
248,271
249,250
249,272
250,273
880,881
880,924
230,231
230,535
252,253
252,773
231,232
231,295
535,406
535,797
535,995
232,1013
295,294
295,296
295,512
1013,297
1013,425
1558,364
1558,1556
473,648
473,1101
475,429
475,520
236,1535
236,520
236,1470
236,476
1535,1514
1535,1533
1470,410
499,1516
238,458
458,460
458,764
458,568
565,938
610,587
871,546
871,870
871,872
242,263
242,395
242,936
263,305
395,372
395,374
395,396
936,913
936,935
266,267
266,289
1199,1198
1199,1200
1199,1222
268,267
268,269
268,291
269,270
269,292
270,271
270,293
271,272
271,294
272,273
272,968
273,274
273,296
274,275
274,579
253,254
253,361
773,750
773,774
773,796
254,256
254,1252
361,338
361,381
361,881
256,344
256,517
1252,385
1252,1275
1252,1250
431,1495
431,1231
344,561
517,384
517,1405
257,496
257,1446
496,343
496,1255
1446,1426
1446,1444
1446,1448
281,283
1515,1514
1515,1517
416,439
416,961
781,1410
611,1134
611,1136
437,392
437,526
437,1113
305,306
305,328
264,285
264,287
264,482
285,284
285,1087
287,286
287,288
287,310
482,459
482,483
482,505
288,289
288,311
267,290
289,290
289,312
290,291
290,313
291,292
291,314
292,293
292,315
293,294
293,316
294,317
968,969
968,991
296,297
275,276
579,556
579,602
579,819
276,277
276,1079
277,1275
1079,449
1079,1060
1079,1078
1275,582
1275,648
387,302
387,407
302,325
518,1474
518,1298
1536,586
283,394
283,760
414,874
785,347
785,699
785,831
1581,347
1581,519
394,371
394,417
394,893
284,981
284,1026
981,306
981,526
1026,1025
1026,1158
286,307
286,1198
286,1242
307,306
1242,462
1242,549
1242,1241
310,309
310,311
310,333
311,312
311,334
312,313
312,335
313,314
313,336
314,315
314,337
315,316
315,338
316,317
317,688
512,489
512,511
512,753
299,365
299,1405
365,407
365,497
1405,519
1405,562
452,1448
452,1189
325,519
586,500
306,329
328,329
328,460
329,308
329,330
308,309
308,331
308,1306
309,332
309,1416
331,330
331,332
331,354
1306,1305
1306,1307
1306,1329
332,333
332,355
1416,1393
1416,1417
333,334
333,356
334,335
334,357
335,336
335,358
336,337
336,359
337,338
337,360
688,538
688,797
688,1039
318,515
318,341
318,382
515,1166
515,1319
515,1342
341,343
341,1036
382,383
382,994
319,1233
319,536
319,1078
1233,536
1233,604
1233,1232
536,1147
1078,1058
1078,1077
321,495
495,1297
495,1321
563,1516
563,1406
563,627
587,716
327,350
327,436
327,829
350,349
350,351
350,373
436,459
436,524
436,983
829,348
829,766
460,938
460,1265
330,351
330,353
351,1197
351,1244
353,352
353,354
353,376
354,355
354,377
355,356
355,378
356,357
356,379
357,358
357,380
358,359
358,381
359,360
359,578
360,491
360,710
340,1232
340,581
1232,1234
581,1103
581,1191
581,1101
343,1231
343,1276
1036,362
1036,426
1036,427
539,714
539,735
539,1320
1210,559
1210,1211
1231,409
1231,583
1276,689
1276,1256
1276,1277
561,1362
561,1384
561,716
1385,1383
1385,1406
628,430
628,672
347,720
720,391
720,830
720,961
348,873
348,674
348,784
873,567
873,1071
873,1027
674,693
784,481
784,808
349,372
349,830
349,501
372,373
372,1003
830,612
830,831
501,479
501,480
501,590
373,352
373,374
1197,1220
1244,745
1244,1221
1244,1243
352,375
352,1000
375,376
375,398
375,1089
1000,977
1000,999
1000,1001
376,377
376,399
377,378
377,400
378,379
378,401
379,380
379,402
380,381
380,403
381,404
578,555
578,776
578,1038
491,490
491,602
491,667
710,537
710,733
710,755
881,882
881,904
362,1034
362,471
1034,429
1034,493
1034,1015
471,1190
471,603
471,1187
363,1188
363,1167
1188,1168
1188,1187
1188,1190
1167,427
1167,689
1167,1148
364,1166
1166,583
1166,1168
407,1145
497,627
497,671
1364,1344
1364,1362
1364,1363
632,391
742,633
742,788
742,1135
630,1496
719,500
719,807
719,1047
371,653
371,851
371,895
653,389
653,568
851,700
851,874
895,635
895,894
895,896
1003,569
1003,613
1003,1002
374,397
374,484
397,398
397,420
484,485
484,505
484,507
398,399
398,421
1089,438
1089,526
1089,1112
399,400
399,422
400,401
400,423
401,402
401,424
402,403
402,425
403,404
403,708
404,687
383,384
383,1211
994,447
994,995
994,1017
384,385
384,1123
1211,516
1211,1212
385,1407
1123,560
1123,1102
1123,1122
1407,1366
1407,1387
389,1448
389,1494
1448,451
1494,1514
763,697
763,739
805,457
805,697
392,764
392,677
764,1028
677,567
677,939
678,811
678,1072
678,1180
417,418
417,937
417,1025
893,870
893,894
396,419
396,1221
396,1350
419,418
419,420
419,442
1221,1220
1221,1222
1350,1349
1350,1373
420,421
420,443
421,422
421,444
422,423
422,445
423,424
423,446
424,425
424,447
425,601
708,685
708,707
708,709
687,598
687,624
687,820
405,667
405,993
405,1011
405,1015
667,1038
667,1014
993,970
993,1016
993,1170
1011,1010
1015,798
1015,1035
406,560
406,538
406,666
560,1430
560,1343
538,714
538,756
666,774
666,974
666,1017
1145,603
1145,1146
408,410
408,1189
408,626
410,1384
1189,426
1189,1187
626,1474
626,689
626,1235
409,1318
409,428
409,1298
1318,1297
428,1277
428,1099
1298,514
1298,756
1384,584
874,546
874,897
415,1134
415,1133
415,939
415,1113
1134,502
1134,1136
1133,461
1133,1156
939,633
939,698
1113,655
1113,743
439,418
439,440
439,636
961,479
961,744
418,441
937,807
937,914
937,938
1025,568
1025,1002
441,442
441,464
442,443
442,465
443,444
443,466
444,445
444,467
445,446
445,468
446,447
446,683
447,711
601,472
601,1039
601,1061
426,537
426,796
537,514
537,1192
796,795
796,819
427,580
427,1058
580,448
580,1103
580,1190
1058,1060
1277,645
1277,1256
1099,1100
1099,1101
429,1451
1451,692
430,1516
1495,629
1495,1496
872,503
435,807
435,502
435,589
807,457
502,1090
589,609
589,1049
589,1070
459,635
459,806
524,723
524,894
524,940
983,1202
983,1116
983,984
526,549
438,548
438,1068
438,1158
548,525
548,571
548,701
1068,481
1068,698
1068,1069
1158,679
1158,745
440,463
440,1112
440,1375
636,614
636,659
636,1289
463,462
463,464
463,486
1112,614
1112,1135
1375,1352
1375,1374
1375,1376
464,465
464,487
465,466
465,488
466,467
466,489
467,468
467,490
468,469
468,794
683,660
683,706
711,778
711,1062
711,1343
448,643
448,665
448,732
643,576
643,600
643,731
665,469
665,642
665,798
732,709
732,778
732,1280
449,1037
449,712
449,492
1037,451
1037,513
1037,646
712,1214
712,1236
492,969
492,1016
492,1059
450,1102
450,493
450,1254
1102,1104
1102,1122
493,1104
493,645
1254,1234
1254,1253
451,605
451,516
605,627
516,1016
516,1191
1320,1297
692,629
692,1191
672,890
457,852
457,916
852,590
852,786
852,1048
916,744
916,962
568,982
635,503
635,658
806,850
806,913
938,896
1265,1264
1265,1266
1265,1288
461,1179
461,1223
1179,613
1179,1156
1179,1178
1223,612
1223,811
1223,1222
462,483
462,485
485,486
485,508
486,487
486,509
487,488
487,510
488,489
488,511
489,490
490,772
469,668
469,1060
794,771
794,795
794,817
668,713
668,1014
668,1388
1060,1080
470,992
470,1056
470,645
470,1125
992,991
992,1059
992,1100
1056,1035
1056,1054
645,1279
1125,1124
1125,1126
1125,1127
1190,583
603,558
603,690
472,1165
472,1429
472,1321
1165,494
1165,1163
1429,494
1429,1406
1429,1409
1321,735
1321,1322
648,1432
1101,494
479,743
479,697
743,480
743,1334
697,699
480,591
480,850
591,547
591,592
591,723
850,525
850,655
481,1180
481,744
1180,875
1180,943
744,1090
505,702
505,1245
507,506
507,508
507,530
508,509
508,531
509,510
509,532
510,511
510,533
511,534
772,749
772,771
772,795
602,625
969,555
969,970
1016,1039
1059,713
1059,800
1104,1105
1104,1106
494,1100
1297,1319
1255,800
1255,1234
1255,1256
671,669
671,1474
500,609
590,1114
1090,1088
1090,1091
503,525
503,959
525,1024
959,612
959,960
504,721
504,1046
504,1092
504,787
721,676
721,699
721,1159
1046,982
1046,1004
1046,1047
1092,788
1092,810
1092,1091
787,808
787,1029
787,1028
702,679
702,725
702,857
1245,547
1245,960
1245,1222
506,527
506,529
506,1333
527,528
527,1243
527,1418
529,528
529,530
529,552
1333,722
1333,1310
1333,1506
530,531
530,553
531,532
531,554
532,555
532,1549
533,556
533,620
534,557
534,599
534,903
753,730
753,776
753,1017
513,600
513,948
513,1014
600,556
600,820
948,925
948,947
948,949
1014,991
514,1299
1299,1278
1299,1279
1299,1300
1319,604
1342,1322
1342,1343
1191,757
723,746
723,960
894,569
940,984
940,1116
940,1248
1024,1001
549,550
528,551
528,1246
1243,1220
1243,1266
1418,1417
1418,1419
1418,1394
551,550
551,552
551,574
1246,876
1246,941
1246,1135
552,553
552,575
553,554
553,576
554,555
554,577
1549,620
1549,1526
1549,1548
556,973
620,619
620,621
557,625
557,729
557,1213
599,576
599,622
599,644
903,904
903,926
797,774
797,820
995,972
995,1018
1147,714
1147,1127
1147,1146
1192,1171
1192,1172
1192,1194
714,1476
756,733
756,802
735,1193
546,656
546,831
656,679
656,789
831,832
547,657
547,914
657,1178
657,1200
657,1376
914,891
914,913
571,550
571,572
571,1417
701,724
701,856
701,1156
550,573
573,572
573,574
573,596
574,575
574,597
575,576
577,622
577,642
577,775
973,950
973,972
973,996
625,624
625,1212
729,706
729,728
729,752
1213,670
1213,802
1213,1212
558,582
558,731
582,1344
582,1253
731,730
731,754
559,1253
559,1122
559,1257
1122,1124
1257,669
1257,1151
1257,1238
1430,584
1430,690
1430,1431
1343,733
1362,1360
1362,1363
562,584
1406,1426
567,808
808,1027
982,1135
982,1093
569,570
569,592
570,1200
570,1332
570,1397
592,593
592,615
1200,680
1332,1309
1332,1331
1397,1374
1397,1420
572,593
572,595
1417,596
593,594
593,833
595,594
595,618
595,835
596,597
596,619
597,598
622,621
622,623
642,619
642,641
775,752
775,754
775,798
776,777
776,799
1038,644
1038,1061
819,818
819,842
1103,691
1103,713
1344,1367
1344,1346
583,737
737,1431
737,1408
736,1322
736,1235
736,1280
917,1004
917,1160
917,1114
1049,1030
1049,1047
1049,1048
1070,633
1070,1069
1070,1072
1114,1094
1114,1115
615,594
615,616
594,617
833,613
833,834
833,1267
617,616
617,618
617,640
618,619
618,641
835,640
835,814
835,834
598,621
598,793
621,730
793,770
793,792
793,816
644,709
644,1170
820,843
1039,1062
1061,1084
690,1146
690,1080
604,1169
1169,646
1169,647
1169,1150
1136,1006
1136,1137
612,1093
1093,634
1093,941
613,614
614,637
637,616
637,638
616,639
639,638
639,662
639,1398
640,641
640,663
641,664
730,707
623,624
623,971
623,1083
624,757
971,689
971,970
971,972
1083,754
1083,1106
757,1168
757,1214
1212,1214
1235,669
1235,1215
629,693
1496,846
1496,1519
633,1115
1115,655
634,854
634,700
634,699
854,1398
854,1444
854,1399
700,1312
700,1177
658,659
658,681
658,746
659,638
659,660
1289,1266
1289,1288
1289,1312
638,661
661,660
661,662
661,684
662,663
662,685
1398,1379
1398,1399
663,664
663,1528
664,685
664,752
1170,670
1170,1345
1279,1278
1279,1300
646,1081
646,1363
1081,734
1081,1080
1081,1082
1363,1383
647,1126
647,1408
1126,1124
1126,1127
1408,1366
1408,1387
1432,734
1432,1455
1409,1387
698,1091
765,832
765,962
918,853
918,1050
918,1378
655,766
766,767
766,789
679,680
789,790
789,1267
1178,984
1178,1177
1376,900
1376,1353
681,660
681,680
681,682
746,769
684,685
684,707
1528,1483
1528,1527
1528,1529
752,751
798,821
774,751
974,951
974,975
974,997
1388,777
1388,1389
1388,1411
669,845
845,822
845,844
845,846
670,1497
1497,1517
890,867
890,889
890,891
739,676
739,1539
676,1005
676,809
1005,1004
1005,1225
1005,1181
809,1224
809,1203
809,1091
811,1334
1072,1073
1072,1074
682,705
682,1377
682,1462
705,704
705,706
705,728
1377,745
1377,1354
1462,813
1462,1461
1462,1551
706,707
1146,1148
1080,1082
691,1539
691,1410
691,1236
1539,1517
1410,799
1236,1215
1236,1234
1312,966
1177,1176
1177,1155
724,725
724,1355
856,855
856,857
856,878
1156,1155
725,704
725,726
857,834
704,727
727,726
727,728
727,750
728,751
733,1150
755,1019
755,1105
755,1345
1062,1085
1062,1258
1214,1195
1476,801
1476,1477
1476,1499
1047,1048
1159,899
1159,1157
1159,1160
722,1073
722,1160
722,1028
1073,1074
1073,1075
1160,1161
1028,1027
960,786
1355,853
1355,1354
726,749
749,748
749,750
750,751
754,1018
1280,1281
1150,1148
1150,1149
734,1278
734,1323
1278,1300
1323,777
1323,801
1193,1216
1193,1171
1193,1172
1322,1302
1431,1194
1431,1454
788,1379
788,1116
1334,855
1334,1311
745,768
768,767
768,769
768,791
769,748
769,770
748,771
748,924
771,770
924,925
924,947
1018,1019
1018,1041
1019,996
1019,1020
1105,1128
1105,1124
1345,1368
1345,1326
1168,1149
832,834
832,1161
962,985
962,1069
767,1311
767,1201
1311,1288
1311,1310
1201,1157
1201,1202
1201,1203
791,770
791,790
791,792
795,818
777,1367
799,822
799,1301
1367,1368
1367,1390
786,1004
786,1224
1224,1205
1224,1225
1029,875
1029,1027
1029,1030
1379,1378
1116,1006
790,813
790,1008
1267,964
1267,1266
813,792
813,1485
1008,1464
1008,1378
792,815
815,814
815,816
815,838
816,817
816,839
817,818
817,840
818,841
821,822
821,844
821,1411
1301,1194
1301,1302
1301,1300
800,1127
801,1237
1237,1260
1237,1215
1237,1238
913,912
1203,1007
1203,1204
810,899
810,1290
810,1137
899,1290
899,1226
1290,898
1290,942
1137,1138
812,986
812,1507
812,1467
812,1531
986,985
986,987
986,1009
1507,1506
1467,1468
1531,944
1531,1530
1531,1532
1485,1484
1485,1441
814,837
814,1551
837,838
837,860
1551,1552
1551,1553
838,839
838,861
839,840
839,862
840,841
840,863
841,842
841,864
842,843
842,865
843,844
843,866
844,867
1411,1412
1411,1434
846,847
1454,1455
1454,1477
1161,853
859,860
859,882
860,861
860,883
861,862
861,884
862,863
862,885
863,864
863,886
864,865
864,887
865,866
865,888
866,867
866,889
847,870
1048,942
853,1051
1051,1031
1051,1032
1051,1050
1444,1464
1399,875
1399,898
855,878
878,877
882,883
882,905
883,884
883,906
884,885
884,907
885,886
885,908
886,887
886,909
887,888
887,910
888,889
888,911
889,912
1042,1041
1042,1043
1042,1065
1071,942
1071,1006
1071,1069
897,877
897,943
897,1006
875,1181
1181,1182
1181,1183
876,877
876,943
877,900
943,966
904,905
904,927
905,906
905,928
906,907
906,929
907,908
907,930
908,909
908,931
909,910
909,932
910,911
910,933
911,912
911,934
912,935
891,1542
1542,1519
1542,1543
896,919
896,985
919,1248
985,1094
898,1247
898,1095
1247,1248
1247,1249
1095,1094
1226,1225
925,926
922,921
922,1420
922,1421
926,927
926,949
927,928
927,950
928,929
928,951
929,930
929,952
930,931
930,953
931,932
931,954
932,933
932,955
933,934
933,956
934,935
934,957
1050,1031
1378,1380
1248,1249
921,1032
1032,1030
1032,1031
1420,1419
1421,1009
1421,1422
1421,1423
947,970
949,950
949,972
950,951
951,952
952,953
952,975
953,954
953,976
954,955
954,977
955,956
955,978
956,957
956,979
941,987
941,1202
987,1380
1202,1157
942,944
944,1532
966,1249
1532,1530
1532,1533
945,1530
945,1422
1530,1529
1422,1402
1422,1423
975,976
975,998
976,977
976,999
977,978
978,979
978,1001
979,1002
963,1268
963,1291
963,1270
1268,1269
1268,1270
1268,1291
1291,988
1291,1271
1270,1250
1270,1269
964,1313
964,1204
1313,1292
1313,1294
1313,1314
1204,1007
1204,1205
1336,1010
1336,1314
1336,1315
1529,1510
1249,1250
996,997
997,998
997,1020
998,999
998,1021
999,1022
1001,1002
1009,1010
1380,988
1380,1360
988,1075
1075,1074
1020,1021
1020,1043
1021,1022
1021,1239
1225,1205
1007,1138
1007,1489
1138,1139
1489,1487
1489,1488
1464,1441
1010,1074
1239,1129
1239,1216
1239,1262
1065,1240
1084,1107
1084,1082
1084,1085
1258,1238
1258,1256
1240,1217
1240,1263
1240,1346
1106,1107
1106,1086
1107,1086
1128,1129
1128,1151
1128,1109
1129,1152
1129,1109
1151,1149
1152,1304
1304,1281
1304,1305
1304,1261
1176,1309
1155,1157
1171,1172
1309,1308
1309,1310
1216,1217
1216,1195
1194,1217
1217,1218
1195,1218
1195,1215
1218,1241
1328,1305
1328,1327
1328,1329
1241,1264
1241,1260
1260,1238
1262,1263
1262,1285
1262,1261
1263,1264
1263,1286
1346,1327
1264,1287
1285,1286
1285,1308
1286,1287
1286,1505
1287,1288
1287,1310
1281,1282
1281,1519
1282,1305
1282,1261
1307,1308
1307,1330
1308,1331
1505,1482
1505,1504
1505,1506
1302,1303
1302,1325
1303,1326
1303,1261
1303,1327
1326,1325
1326,1327
1329,1330
1329,1352
1330,1331
1330,1353
1331,1354
1325,1348
1348,1349
1348,1369
1348,1371
1352,1353
1353,1354
1506,1486
1368,1369
1368,1391
1370,1369
1370,1371
1370,1393
1349,1371
1349,1372
1373,1372
1373,1374
1373,1396
1390,1389
1390,1391
1390,1413
1369,1392
1391,1392
1391,1414
1392,1393
1392,1394
1371,1372
1393,1394
1372,1395
1395,1394
1395,1396
1395,1440
1396,1419
1389,1412
1389,1366
1412,1413
1412,1435
1413,1414
1413,1436
1414,1437
1434,1435
1434,1457
1435,1436
1435,1458
1436,1437
1436,1459
1437,1438
1437,1460
1438,1461
1455,1456
1455,1478
1456,1457
1456,1479
1457,1458
1457,1480
1458,1459
1458,1481
1459,1460
1459,1482
1460,1461
1460,1483
1461,1484
1440,1441
1477,1478
1477,1500
1478,1479
1478,1501
1479,1480
1479,1502
1480,1481
1480,1503
1481,1482
1481,1504
1482,1483
1483,1484
1499,1500
1499,1522
1500,1501
1500,1523
1501,1502
1501,1524
1502,1503
1502,1525
1503,1504
1503,1526
1504,1527
1521,1522
1521,1544
1522,1523
1522,1545
1523,1524
1523,1546
1524,1525
1524,1547
1525,1526
1525,1548
1526,1527
1543,1544
1544,1545
1545,1546
1546,1547
1547,1548
1030,1031
1086,1088
1086,1109
1088,1109
1120,1139
1120,1140
1139,1140
1148,1149
1163,1182
1163,1183
1182,1183
1250,1269
1269,1271
1271,1292
1292,1294
1294,1314
1314,1315
1366,1387
1383,1402
1401,1402
1423,1424
1424,1426
1468,1487
1486,1487
1486,1488
1487,1488
1514,1533
1533,1553
1552,1553
1552,1554
1552,1572
1553,1554
1554,1556
