0,130
0,782
0,716
0,1517
130,545
130,283
130,1581
782,649
782,781
782,783
716,43
716,1583
716,1407
1517,107
1517,562
1517,628
1,24
1,131
1,823
1,1040
24,47
24,1063
24,1085
131,110
131,262
131,1023
823,87
823,822
823,1280
1040,996
1040,1017
1040,1041
2,3
2,25
2,1064
2,1563
3,4
3,26
3,1564
25,48
25,1174
25,1563
1064,1041
1064,1065
1064,1087
1563,1152
1563,1564
4,5
4,27
4,1565
26,49
26,1173
26,1219
1564,45
1564,1565
5,28
5,1351
5,1566
27,28
27,50
27,1196
1565,1542
1565,1566
28,29
28,51
1351,1350
1351,1352
1351,1374
1566,1543
1566,1567
6,7
6,29
6,1439
6,1567
7,8
7,30
7,1568
29,30
29,52
1439,549
1439,1438
1439,1440
1567,1544
1567,1568
8,9
8,31
8,1569
30,31
30,53
1568,1545
1568,1569
9,10
9,32
9,1570
31,54
31,703
1569,1546
1569,1570
10,11
10,1550
10,1571
32,55
32,165
32,879
1570,575
1570,1547
11,747
11,923
11,989
1550,1332
1550,1527
1550,1573
1571,1396
1571,1507
1571,1548
747,724
747,726
747,746
923,143
923,230
923,900
989,167
989,987
989,1140
12,836
12,901
12,1442
12,1573
836,837
836,857
836,859
901,880
901,925
901,1033
1442,33
1442,637
1442,1419
1573,1397
1573,1572
13,1312
13,942
13,1315
13,1095
1312,723
1312,1289
1312,1335
942,787
942,1009
942,1333
1315,102
1315,1313
1315,1314
1095,810
1095,854
1095,919
14,80
14,1443
14,1141
14,1121
80,1357
80,1184
80,1447
1443,35
1443,1420
1443,1441
1141,125
1141,1121
1141,1139
1121,234
1121,1140
15,1251
15,1357
15,78
15,104
1251,57
1251,166
1251,212
1357,855
1357,1358
78,1423
78,1424
78,1511
104,278
104,171
104,1337
16,190
16,1339
16,1250
16,1317
190,322
190,1318
190,1054
1339,300
1339,1338
1339,1340
1250,1248
1250,1249
1250,1269
1317,210
1317,297
1317,340
17,477
17,105
17,324
17,345
477,61
477,173
477,695
105,60
105,542
105,1316
324,474
324,1384
324,497
345,1404
345,1382
345,455
18,454
18,147
18,453
18,1557
454,169
454,518
454,607
147,146
147,170
147,1381
453,148
453,1470
453,1298
1557,59
1557,1555
1557,1576
19,347
19,213
19,543
19,413
347,107
347,236
347,808
213,214
213,235
213,431
543,217
543,239
543,498
413,62
413,501
413,652
20,1497
20,39
20,1406
20,1386
1497,692
1497,1453
1497,1474
39,1425
39,82
39,1294
1406,520
1406,1405
1406,1408
1386,541
1386,628
1386,737
21,630
21,196
21,1581
21,1472
630,107
630,323
630,457
196,392
196,633
196,784
1581,282
1581,674
1472,496
1472,586
1472,629
22,783
22,848
22,1023
22,1498
783,259
783,804
848,263
848,847
848,849
1023,1022
1023,1024
1498,1475
1498,1499
1498,1521
23,46
23,1021
23,1107
23,1260
46,45
46,47
46,69
1021,998
1021,1020
1021,1022
1107,1084
1107,1106
1107,1259
1260,1237
1260,1283
1260,1238
47,48
47,70
1063,1061
1063,1084
1063,1086
1085,1062
1085,1108
1085,1130
48,49
48,71
1174,1151
1174,1197
1174,1172
49,50
49,72
1173,1172
1173,1196
1173,1171
1219,286
1219,1218
1219,1220
50,51
50,73
1196,156
1196,1328
51,52
51,74
52,53
52,75
53,54
53,76
54,55
54,77
703,680
703,683
703,704
55,56
55,251
165,142
165,187
165,188
879,684
879,858
879,878
33,858
33,1033
33,1463
858,317
858,859
1033,145
1033,296
1463,441
1463,1440
1463,1484
34,946
34,1356
34,1572
34,1444
946,382
946,947
946,967
1356,876
1356,1355
1356,1336
1572,1552
1572,1574
1444,122
1444,899
1444,1425
35,1185
35,1400
35,943
1185,253
1185,365
1185,1165
1400,79
1400,810
1400,1377
943,897
943,966
943,986
36,987
36,1510
36,1426
36,1403
987,144
987,986
1510,1489
1510,1511
1510,1512
1426,82
1426,257
1426,364
1403,1401
1403,1402
1403,1405
37,1446
37,1161
37,1556
37,1468
1446,81
1446,1445
1446,1447
1161,965
1161,1160
1161,1162
1556,59
1556,1554
1556,1555
1468,299
1468,1467
1468,1487
38,1515
38,1249
38,1513
38,1227
1515,192
1515,344
1515,452
1249,103
1249,1248
1513,410
1513,1512
1513,1532
1227,1226
1227,1228
1227,1229
1425,366
1425,1405
82,81
82,1580
1294,1274
1294,1292
1294,1293
40,651
40,650
40,1580
40,608
651,760
651,1561
651,1560
650,216
650,1493
650,714
1580,408
1580,672
608,106
608,562
608,675
41,387
41,409
41,1364
41,1385
387,193
387,302
387,386
409,606
409,1469
409,1297
1364,541
1364,690
1364,1362
1385,411
1385,519
1385,629
42,498
42,283
42,824
42,476
498,85
498,1536
283,128
283,281
824,66
824,846
824,1454
476,365
476,718
476,695
43,696
43,1474
43,64
696,215
696,238
696,326
1474,44
1474,1453
64,1430
64,803
64,388
44,693
44,759
44,1582
693,84
693,605
693,1407
759,153
759,605
759,1540
1582,195
1582,475
1582,607
45,68
45,1475
68,67
68,69
68,91
1475,778
1475,800
69,70
69,92
70,71
70,93
71,72
71,94
72,73
72,95
73,74
73,96
74,75
74,97
75,76
75,98
76,77
76,99
77,100
77,1509
56,57
56,79
56,1076
251,250
251,252
251,274
57,1208
57,1508
79,102
79,124
1076,211
1076,275
1076,1075
1208,166
1208,167
1208,275
1508,615
1508,812
1508,1507
58,81
58,1337
58,144
58,1096
81,1469
1337,965
1337,1335
144,1143
144,1011
1096,124
1096,1077
1096,1094
59,1032
59,1074
1032,1031
1032,1051
1032,1052
1074,811
1074,1073
1074,1075
60,430
60,83
60,1534
430,1450
430,1537
430,494
83,1537
83,497
83,1338
1534,192
1534,1533
1534,1535
61,1450
61,1559
61,563
1450,647
1450,671
1559,410
1559,452
1559,585
563,260
563,565
563,737
62,631
62,192
62,390
631,194
631,523
631,764
192,1469
390,63
390,261
390,654
63,456
63,781
63,1493
456,475
456,586
456,697
781,261
781,780
1493,259
1493,584
1430,584
1430,714
1430,1431
803,804
803,1410
803,1432
388,694
388,1404
388,1407
65,391
65,1452
65,217
65,804
391,86
391,588
391,785
1452,737
1452,1409
1452,1453
217,216
217,218
804,587
66,67
66,89
66,738
67,90
67,1108
89,88
89,90
89,112
738,86
738,542
738,585
90,91
90,113
1108,157
1108,1131
91,92
91,114
92,93
92,115
93,94
93,116
94,95
94,117
95,96
95,118
96,97
96,119
97,98
97,120
98,99
98,121
99,100
99,900
100,123
100,1207
1509,854
1509,899
1509,1487
1423,811
1423,875
1423,921
1424,235
1424,964
1424,1402
1511,212
1511,1491
102,211
102,1575
124,1577
124,1404
1184,1165
1184,1182
1184,1186
1447,1445
1447,1448
1469,1449
1537,604
1537,1516
497,1539
497,1470
1338,168
1338,1336
84,1448
84,1428
84,259
1448,149
1448,1449
1428,171
1428,321
1428,366
259,762
85,1473
85,389
85,1583
1473,560
1473,562
1473,669
389,1491
389,694
389,674
1583,499
1583,672
86,628
86,1518
628,108
1518,1538
1518,1539
1518,1561
87,825
87,868
87,1541
825,758
825,802
825,826
868,802
868,867
868,869
1541,88
1541,713
1541,847
88,109
88,805
109,218
109,1538
109,304
805,371
805,522
805,654
112,111
112,113
112,135
113,114
113,136
114,115
114,137
115,116
115,138
116,117
116,139
117,118
117,140
118,119
118,141
119,120
119,142
120,121
120,143
121,122
121,232
900,877
900,1376
123,122
123,146
123,1531
1207,232
1207,1205
1207,1206
101,902
101,1488
101,209
101,1100
902,231
902,903
902,922
1488,812
1488,945
1488,964
209,167
209,208
209,210
1100,451
1100,1101
1100,1120
211,188
211,234
1575,1574
1575,1576
1575,1577
103,1558
103,1490
103,367
1558,172
1558,323
1558,584
1490,125
1490,322
1490,1489
367,151
367,194
367,565
278,145
278,277
278,279
171,1383
171,434
542,280
542,607
1316,319
1316,320
1316,342
106,258
106,280
106,370
258,256
258,281
258,739
280,565
280,1538
370,328
370,412
370,521
107,129
129,392
129,653
129,719
108,715
108,674
108,1539
715,734
715,1407
715,1363
674,717
1539,411
218,219
218,869
1538,410
304,302
304,521
304,499
110,111
110,133
110,1131
111,134
111,1283
133,132
133,134
133,156
1131,267
1131,1154
134,135
134,157
1283,1282
1283,1284
135,136
135,158
136,137
136,159
137,138
137,160
138,139
138,161
139,140
139,162
140,141
140,163
141,142
141,164
142,143
143,990
122,164
232,231
232,233
164,163
164,187
146,145
146,1163
1531,1529
1531,1530
1531,1532
1577,1576
1577,1578
1404,473
125,432
125,1579
432,235
432,326
432,1495
1579,148
1579,150
1579,499
126,369
126,1382
126,1536
126,1578
369,760
369,827
369,567
1382,1361
1382,1380
1536,499
1536,1516
1578,234
1578,1576
127,239
127,431
127,457
127,478
239,238
239,240
431,342
431,455
457,719
457,740
478,173
478,761
478,632
128,564
128,737
128,740
564,348
564,522
564,1495
740,153
740,568
392,415
392,435
653,939
653,873
653,717
719,172
719,565
545,303
545,436
545,1070
262,263
262,437
262,677
132,153
132,892
132,1045
153,152
892,416
892,891
892,893
1045,176
1045,1022
1045,1044
156,179
156,1067
157,180
157,1259
158,159
158,181
158,1130
159,160
159,182
160,161
160,183
161,162
161,184
162,163
162,185
163,186
990,991
990,1011
990,1013
1143,318
1143,362
1143,386
1011,1010
1011,1012
145,1553
1553,1533
1553,1552
1553,1554
1163,189
1163,1142
1163,1162
170,151
170,193
170,1272
1381,169
1381,212
1381,1358
148,1228
148,344
1228,944
1228,1226
344,1383
344,1273
149,496
149,410
149,587
496,1253
496,1451
587,415
587,761
150,151
150,1427
150,323
151,152
1427,215
1427,276
1427,368
323,1318
152,281
152,566
281,215
566,237
566,303
566,481
154,155
154,177
154,1154
154,1175
155,178
155,1369
155,1415
177,176
177,178
177,200
1154,483
1154,1155
1175,1152
1175,1176
1175,1198
178,179
178,201
1369,1368
1369,1370
1369,1392
1415,1414
1415,1416
1415,1438
179,180
179,202
1067,481
1067,1066
1067,1198
180,181
180,203
1259,801
1259,1258
181,182
181,204
1130,1153
1130,1109
182,183
182,205
183,184
183,206
184,185
184,207
185,186
185,208
186,187
186,686
187,210
188,166
188,1013
166,1054
1054,944
1054,1052
167,1010
1010,1009
1010,1008
168,1296
168,256
168,1098
1296,255
1296,429
1296,473
256,254
256,279
1098,363
1098,1077
1098,1097
169,257
169,1252
257,475
257,1297
1252,254
1252,342
1252,1275
193,216
193,739
1272,366
1272,1270
1272,1271
1383,279
1383,301
434,214
434,325
434,784
172,435
172,544
435,501
435,695
544,521
544,610
544,652
173,609
173,827
609,629
609,721
609,762
827,197
827,742
174,175
174,197
174,240
174,849
175,828
175,1024
175,1520
197,176
197,1066
240,241
240,826
849,305
849,826
828,765
828,829
828,851
1024,525
1024,1001
1520,1519
1520,1521
1520,1543
176,958
958,935
958,957
958,959
200,199
200,201
200,223
201,202
201,224
202,203
202,225
203,204
203,226
204,205
204,227
205,206
205,228
206,207
206,229
207,208
207,967
208,339
686,533
686,597
686,709
210,233
1013,405
1013,425
189,1164
189,365
189,1183
1164,945
1164,1142
1164,1144
365,386
1183,922
1183,1181
1183,1182
322,1494
322,451
1318,561
1318,1319
191,214
191,1295
191,343
191,1187
214,237
1295,301
1295,385
1295,1384
343,321
343,1320
343,1449
1187,1186
1187,1188
1187,1189
216,826
739,411
739,675
194,215
194,741
741,500
741,590
741,610
195,760
195,1561
195,282
760,780
1561,1562
282,412
282,433
633,481
633,1047
633,676
784,414
784,721
1066,1043
1066,1065
198,199
198,219
198,980
198,1111
199,1110
199,1284
219,261
219,915
980,957
980,979
980,981
1111,220
1111,483
1111,936
1110,1087
1110,1133
1110,1088
1284,1285
1284,1307
223,222
223,224
223,246
224,225
224,247
225,226
225,248
226,227
226,249
227,228
227,250
228,229
228,880
229,230
229,252
967,966
967,968
339,316
339,338
339,340
233,1120
233,1229
234,1097
212,254
254,253
235,1273
237,238
237,260
869,284
869,870
261,368
915,285
915,656
915,916
220,221
220,241
220,243
221,222
221,265
221,1044
241,871
241,1132
243,242
243,244
243,266
222,244
222,245
265,264
265,266
265,288
1044,1043
1044,1087
244,245
244,1199
245,246
245,268
246,247
246,269
247,248
247,270
248,249
248,271
249,250
249,272
250,273
880,881
880,924
230,231
230,535
252,253
252,773
231,295
535,797
535,995
535,1060
295,294
295,296
295,512
1120,255
1120,966
1229,297
1229,1230
1097,1077
1097,1099
1273,340
1273,1271
236,586
236,1362
236,300
586,1492
1362,428
1362,1361
300,473
300,1359
238,433
260,606
260,807
433,301
433,500
871,546
871,870
871,872
1132,307
1132,397
1132,1134
242,263
242,395
242,936
263,305
395,372
395,374
395,396
936,913
936,935
266,267
266,289
1199,1198
1199,1200
1199,1222
268,267
268,269
268,291
269,270
269,292
270,271
270,293
271,272
271,294
272,273
272,968
273,274
273,296
274,275
274,579
253,450
773,750
773,774
773,796
450,452
450,517
450,1234
255,1512
255,1470
1512,1492
1470,474
279,302
475,1360
1297,562
1297,1274
762,368
762,763
606,1471
606,1451
807,785
807,806
807,918
368,761
437,415
437,526
437,1046
677,764
677,1049
677,830
305,306
305,328
264,285
264,287
264,482
285,284
285,1087
287,286
287,288
287,310
482,459
482,483
482,505
288,289
288,311
267,290
289,290
289,312
290,291
290,313
291,292
291,314
292,293
292,315
293,294
293,316
294,317
968,969
968,991
296,297
275,276
579,556
579,602
579,819
276,277
276,1145
277,299
277,1078
1145,426
1145,428
1145,1144
299,540
299,320
1078,361
1078,406
1078,469
302,325
412,1514
412,1471
284,981
284,1026
981,306
981,526
1026,393
1026,1025
1026,1158
286,307
286,1242
307,306
307,393
1242,462
1242,549
1242,1241
310,309
310,311
310,333
311,312
311,334
312,313
312,335
313,314
313,336
314,315
314,337
315,316
315,338
316,317
317,383
512,489
512,511
512,753
297,1319
1319,340
1319,582
298,1186
298,341
298,1188
298,1144
1186,1188
341,537
341,1122
341,451
1188,470
1144,1142
540,1496
540,1540
540,1365
320,1102
320,364
473,604
1359,301
1359,321
1359,1340
325,326
325,348
303,589
303,676
589,502
589,830
589,698
676,1070
676,763
521,588
306,329
328,327
328,329
329,308
329,330
393,416
393,852
308,309
308,331
308,1306
309,332
309,1416
331,330
331,332
331,354
1306,1305
1306,1307
1306,1329
332,333
332,355
1416,1393
1416,1417
333,334
333,356
334,335
334,357
335,336
335,358
336,337
336,359
337,338
337,360
338,361
383,382
383,384
383,1080
318,1015
318,1102
318,1253
1015,382
1015,798
1015,992
1102,536
1102,537
1253,406
1253,472
319,537
319,492
319,1057
537,557
492,969
492,1082
492,1146
1057,1037
1057,1055
1057,1058
364,561
364,1514
321,1209
1209,449
1209,1189
1209,1210
1494,582
1494,626
1494,649
451,1037
474,671
474,1274
1384,583
1384,584
326,327
348,349
348,371
327,350
327,458
350,349
350,351
350,373
458,787
458,1004
458,717
330,351
330,353
351,1197
351,1090
353,352
353,354
353,376
354,355
354,377
355,356
355,378
356,357
356,379
357,358
357,380
358,359
358,381
359,360
359,578
360,491
360,710
361,381
361,881
1122,407
1122,515
1122,1103
342,539
539,519
539,714
539,1516
1320,646
1320,758
1320,1300
1449,1471
455,694
455,519
346,652
346,610
346,695
346,720
652,415
610,501
720,1114
720,1069
720,1004
808,678
808,786
808,788
349,372
349,830
371,394
371,895
372,373
372,1003
830,831
373,352
373,374
1197,1153
1197,1220
1090,502
1090,504
1090,523
352,375
352,1000
375,376
375,398
375,1089
1000,977
1000,999
1000,1001
376,377
376,399
377,378
377,400
378,379
378,401
379,380
379,402
380,381
380,403
381,404
578,555
578,776
578,1038
491,490
491,602
491,667
710,733
710,755
710,1060
881,882
881,904
362,1035
362,731
362,1165
1035,689
1035,1034
1035,1036
731,643
731,730
731,754
1165,1166
363,560
363,558
363,1146
560,1341
560,604
558,1191
558,1036
558,1233
1146,408
1146,495
561,649
561,1278
1514,519
1514,541
386,385
366,1535
1535,1516
1535,1533
761,673
567,654
567,765
567,611
394,417
394,893
394,742
895,635
895,894
895,896
1003,569
1003,613
1003,1002
374,397
374,484
397,398
397,420
484,485
484,505
484,507
398,399
398,421
1089,438
1089,526
1089,1112
399,400
399,422
400,401
400,423
401,402
401,424
402,403
402,425
403,404
403,708
404,687
404,1012
382,1034
1034,449
1034,536
384,385
384,493
384,495
1080,493
1080,559
1080,756
385,1056
493,1256
493,688
495,538
495,1101
1056,427
1056,1036
1056,1055
694,520
1491,1489
1491,1492
654,721
588,501
588,699
785,700
785,1028
416,438
416,439
852,742
852,875
852,984
417,418
417,937
417,1025
893,870
893,894
742,1005
396,419
396,1221
396,1350
419,418
419,420
419,442
1221,1220
1221,1222
1221,1244
1350,1349
1350,1373
420,421
420,443
421,422
421,444
422,423
422,445
423,424
423,446
424,425
424,447
425,601
708,685
708,707
708,709
687,598
687,624
687,820
1012,406
1012,449
405,1099
405,448
405,1167
1099,429
1099,1079
448,643
448,665
448,732
1167,449
1167,712
1167,1166
406,426
426,407
426,427
407,1405
407,559
559,691
559,580
408,429
408,494
429,1321
494,1363
494,1278
411,1471
414,1047
414,634
414,523
1047,697
1047,961
634,1005
634,1050
634,1113
523,1049
438,548
438,1136
439,418
439,440
439,1158
418,441
937,524
937,914
937,938
1025,1002
1025,1068
441,442
441,464
442,443
442,465
443,444
443,466
444,445
444,467
445,446
445,468
446,447
446,683
447,711
447,994
601,1014
601,1039
601,1061
427,668
427,1275
668,713
668,1014
668,1388
1275,582
1275,648
428,971
428,1274
971,623
971,970
971,972
1321,692
1321,1300
1321,1322
1495,649
1495,1496
500,675
500,718
436,459
436,960
436,873
459,635
459,806
960,723
960,763
960,959
873,916
873,1072
526,549
1046,697
1046,1088
1046,1091
548,525
548,571
548,701
1136,789
1136,810
1136,1116
440,463
440,1112
440,1375
1158,679
1158,745
463,462
463,464
463,486
1112,1135
1112,1113
1375,1352
1375,1374
1375,1376
464,465
464,487
465,466
465,488
466,467
466,489
467,468
467,490
468,469
468,794
683,660
683,706
711,778
711,1190
711,1258
994,993
994,995
994,1017
643,576
643,600
665,469
665,642
665,798
732,709
732,778
732,1280
452,1298
517,1322
517,1343
517,1560
1234,691
1234,1232
1234,1236
1037,645
1037,1036
1298,581
1298,625
518,1560
518,538
518,1429
607,520
697,809
787,590
787,788
1004,502
1004,1027
717,673
635,503
635,658
806,850
806,913
460,479
460,763
460,1005
460,1113
479,874
479,809
479,632
1005,786
1113,1114
461,1133
461,1179
461,1223
461,1092
1133,612
1133,1156
1179,938
1179,1156
1179,1178
1223,612
1223,1222
1223,1224
1092,678
1092,765
1092,920
462,483
462,485
485,486
485,508
486,487
486,509
487,488
487,510
488,489
488,511
489,490
490,772
469,1168
794,771
794,795
794,817
1168,472
1168,516
1168,1149
470,1081
470,1058
470,1147
1081,645
1081,646
1081,1079
1058,471
1058,1059
1147,1126
1147,1127
1147,1148
471,514
471,1123
471,1278
514,667
514,1104
514,1277
1123,1104
1123,1124
1123,1125
1278,1277
472,1211
472,627
1211,603
1211,670
1211,735
627,1410
627,1235
627,1213
604,670
671,1276
671,1540
1360,1340
1360,1358
1360,1361
718,522
718,851
632,940
632,1048
874,546
874,851
874,897
809,1093
809,1201
480,591
480,743
480,850
480,897
591,547
591,592
591,1178
743,504
743,1334
743,1203
850,525
850,655
897,877
481,1265
1265,1264
1265,1266
1265,1288
505,702
505,1245
507,506
507,508
507,530
508,509
508,531
509,510
509,532
510,511
510,533
511,534
772,749
772,771
772,795
602,625
602,1169
667,1038
667,1170
969,555
969,970
1082,513
1082,757
1082,1105
1256,712
1256,1254
1256,1255
688,1125
688,1148
688,1189
1363,691
1363,1361
538,1079
538,583
1101,645
1101,1103
1451,735
1451,1409
675,520
502,1071
1071,851
1071,1072
1071,1073
503,525
503,872
503,959
872,611
872,1091
959,612
504,1027
504,1115
1027,786
1027,1007
1115,941
1115,1094
1115,1114
702,679
702,725
702,857
1245,899
1245,1222
1245,1246
506,527
506,529
506,1333
527,528
527,1243
527,1418
529,528
529,530
529,552
1333,1310
1333,1506
530,531
530,553
531,532
531,554
532,555
532,1549
533,556
533,620
534,599
534,903
534,1014
753,730
753,776
753,1017
513,600
513,948
513,1190
600,556
600,820
948,925
948,947
948,949
1190,689
1190,690
1104,1103
1104,1106
1277,1279
1277,1299
515,1255
515,1235
515,1212
1255,1254
1255,1276
1235,736
1235,1215
1212,1193
1212,1210
1212,1213
516,1016
516,1124
516,669
1016,666
1016,993
1016,1039
1124,536
1124,712
669,845
669,1257
1322,1302
1322,1324
1343,603
1343,1342
1343,1344
1560,605
1429,585
1429,629
1429,735
522,673
673,1408
1049,829
1049,1029
524,723
524,810
524,982
723,746
982,699
982,829
982,1093
549,550
528,551
528,1246
1243,1220
1243,1244
1243,1266
1418,1417
1418,1419
1418,1394
551,550
551,552
551,574
1246,876
1246,1135
552,553
552,575
553,554
553,576
554,555
554,577
1549,620
1549,1526
1549,1548
556,973
620,619
620,621
599,576
599,622
599,644
903,904
903,926
1014,991
797,774
797,796
797,820
995,972
995,1018
1060,1083
1060,1059
536,647
647,802
647,1409
557,625
557,729
557,1039
1079,580
583,690
583,1365
714,1476
1496,846
1496,1519
1540,736
1365,800
1365,1366
541,736
736,1279
1070,547
1070,698
546,656
546,831
656,679
656,789
831,744
831,832
547,700
547,914
700,1202
700,1069
914,891
914,913
571,550
571,572
571,1417
701,724
701,856
701,1156
550,573
573,572
573,574
573,596
574,575
574,597
575,576
577,622
577,642
577,775
973,950
973,972
973,996
625,624
729,706
729,728
729,752
1039,1062
1191,692
1191,1189
1191,1192
1233,692
1233,1231
1233,1232
691,1410
580,626
580,1276
1341,603
1341,1340
1341,1342
765,832
611,938
611,984
568,1093
568,657
568,1028
1093,961
657,1178
657,1200
657,1376
1028,853
1028,1029
569,570
569,592
569,894
570,1200
570,1332
570,1244
592,593
592,615
894,655
1200,680
1332,1309
1332,1331
1244,745
572,593
572,595
1417,596
593,594
593,833
595,594
595,618
595,835
596,597
596,619
597,598
622,621
622,623
642,619
642,641
775,752
775,754
775,798
776,777
776,799
1038,644
1038,1061
819,796
819,818
819,842
626,1059
626,1276
581,1166
581,1236
581,1169
1166,645
1236,713
1236,1237
1169,648
1169,1149
582,1344
1344,734
1344,1367
690,1408
585,1492
699,1068
699,1006
698,613
698,1048
590,940
590,1050
940,764
940,854
1050,722
1050,1031
1178,1177
615,594
615,616
594,617
833,613
833,834
833,1267
617,616
617,618
617,640
618,619
618,641
835,640
835,814
835,834
598,621
598,793
621,730
793,770
793,792
793,816
644,709
644,1170
820,843
1061,1084
603,757
757,1367
757,1171
670,648
670,1562
605,780
780,779
721,917
938,896
984,1247
984,1030
612,1202
1202,1201
1202,1203
613,614
614,637
614,1135
614,678
637,616
637,638
1135,636
678,1068
616,639
639,638
639,662
639,1398
640,641
640,663
641,664
730,707
623,624
623,1083
624,1125
1083,754
1083,1106
1125,1126
1059,755
1410,799
1213,713
1213,1214
764,744
1048,898
1048,917
658,659
658,681
658,746
636,659
636,1289
636,1177
659,638
659,660
1289,1266
1289,1288
1177,1176
1177,1157
638,661
661,660
661,662
661,684
662,663
662,685
1398,1378
1398,1379
1398,1399
663,664
663,1528
664,685
664,752
1170,1345
1170,1150
646,1342
646,1148
1342,672
1148,1127
802,779
1409,1387
648,1432
1432,1433
1432,1455
939,916
939,962
939,1134
655,766
655,853
766,767
766,829
766,1091
853,854
853,1247
679,680
789,788
789,790
1376,1353
681,660
681,680
681,682
746,769
684,685
684,707
1528,1483
1528,1527
1528,1506
752,751
798,821
666,774
666,974
666,1017
774,751
974,951
974,975
974,997
1388,777
1388,1389
1388,1411
845,822
845,844
845,846
1257,756
1257,800
1257,1151
672,890
890,867
890,889
890,891
1408,1387
1068,1069
682,705
682,1377
682,1462
705,704
705,706
705,728
1377,745
1377,1354
1462,813
1462,1461
1462,1551
706,707
689,1210
689,1127
1210,1230
1127,1126
1006,983
1006,1007
1006,1008
1069,962
724,725
724,1355
856,855
856,857
856,878
1156,1155
725,704
725,726
857,834
704,727
727,726
727,728
727,750
728,751
733,756
733,800
733,992
755,1019
755,1105
778,779
1258,1062
1258,1238
712,1126
1476,801
1476,1477
1476,1499
734,1254
734,758
1114,1094
917,811
917,1137
722,1157
722,1268
722,1051
1157,1134
1157,1159
1268,918
1268,1267
1268,1269
1051,1052
1051,1053
1355,1354
1355,1336
726,749
749,748
749,750
750,751
754,1018
1280,1281
1280,1279
756,779
992,991
992,993
1254,1231
758,1323
735,1150
1150,1149
1150,1171
1279,1299
1334,855
1334,1311
1334,1314
1203,1201
1203,1204
744,1225
744,1247
1225,898
1225,965
1225,1206
1247,961
745,768
768,767
768,769
768,791
769,748
769,770
748,771
748,924
771,770
924,925
924,947
1018,1019
1018,1041
1019,996
1019,1020
1105,1128
1105,1103
1367,1368
1367,1390
1171,1172
1323,801
1323,1324
1323,1303
832,834
832,983
767,790
767,1311
1091,916
790,791
790,813
1311,1288
1311,1310
791,770
791,792
795,796
795,818
777,1215
777,1366
799,822
799,1301
1215,1195
1215,1214
1366,1387
1366,1389
786,1094
788,983
983,811
813,792
813,1485
792,815
815,814
815,816
815,838
816,817
816,839
817,818
817,840
818,841
821,822
821,844
821,1411
1301,1194
1301,1302
1301,1299
801,1237
1237,1238
913,912
918,1399
918,1204
1201,1180
812,1290
812,1159
1290,921
1290,1291
1290,1292
1159,1138
1159,1139
1485,966
1485,1484
1485,1486
814,837
814,1551
837,838
837,860
1551,1529
1551,1530
838,839
838,861
839,840
839,862
840,841
840,863
841,842
841,864
842,843
842,865
843,844
843,866
844,867
1411,1412
1411,1434
846,847
1454,1431
1454,1455
1454,1477
1267,1266
1267,1248
859,860
859,882
860,861
860,883
861,862
861,884
862,863
862,885
863,864
863,886
864,865
864,887
865,866
865,888
866,867
866,889
847,870
875,876
875,1072
855,878
878,877
882,883
882,905
883,884
883,906
884,885
884,907
885,886
885,908
886,887
886,909
887,888
887,910
888,889
888,911
889,912
1072,941
876,877
904,905
904,927
905,906
905,928
906,907
906,929
907,908
907,930
908,909
908,931
909,910
909,932
910,911
910,933
911,912
911,934
912,935
891,1542
1542,1519
1542,1543
896,919
896,985
919,920
919,1420
985,962
985,986
985,1467
898,1314
898,1399
1314,1313
1399,1380
899,1397
1397,1374
1397,1420
925,926
922,921
922,1507
926,927
926,949
927,928
927,950
928,929
928,951
929,930
929,952
930,931
930,953
931,932
931,954
932,933
932,955
933,934
933,956
934,935
934,957
1137,1116
1137,1117
1137,1118
1204,1205
1204,1206
920,921
920,1486
1420,1419
1486,1467
1486,1487
1507,1506
947,970
949,950
949,972
950,951
951,952
952,953
952,975
953,954
953,976
954,955
954,977
955,956
955,978
956,957
956,979
962,1181
1134,1155
941,1008
941,1030
1008,1007
1030,1029
1030,1031
1009,986
1009,1007
944,1077
944,1379
1379,1378
1379,1380
945,1119
945,1574
1119,988
1119,1117
1119,1118
1574,1555
970,993
975,976
975,998
976,977
976,999
977,978
978,979
978,1001
979,1002
961,963
963,1378
963,1313
963,1465
1181,1180
1181,1182
1378,1380
1313,1293
1465,1445
1465,1464
1465,1466
964,1226
964,1269
1226,1224
1269,1270
965,1270
1270,1271
996,997
997,998
997,1020
998,999
999,1022
1001,1002
1467,1466
988,1401
988,1464
988,1422
1401,1402
1401,1421
1464,1441
1464,1466
1422,1402
1422,1421
1422,1441
1140,1138
1140,1139
1020,1043
1041,1042
1043,1042
1062,1042
1042,1065
1065,1240
1084,1086
1240,1217
1240,1263
1240,1346
1198,1241
1106,1086
1128,1129
1128,1151
1128,1109
1129,1152
1129,1239
1129,1109
1151,1149
1152,1304
1239,1216
1239,1262
1239,1238
1153,1176
1153,1155
1304,1281
1304,1305
1304,1261
1176,1309
1345,1368
1345,1326
1345,1346
1172,1192
1309,1308
1309,1310
1193,1216
1193,1192
1193,1195
1216,1217
1216,1214
1194,1217
1194,1431
1194,1192
1217,1218
1431,1387
1195,1218
1195,1214
1218,1241
1328,1305
1328,1327
1328,1329
1241,1264
1262,1263
1262,1285
1262,1261
1263,1264
1263,1286
1346,1327
1346,1347
1264,1287
1285,1286
1285,1308
1286,1287
1286,1505
1287,1288
1287,1310
1281,1282
1281,1519
1282,1305
1282,1261
1307,1308
1307,1330
1308,1331
1505,1482
1505,1504
1505,1506
1302,1303
1302,1300
1303,1326
1303,1261
1326,1325
1326,1327
1329,1330
1329,1352
1330,1331
1330,1353
1331,1354
1335,1358
1335,1336
1324,1325
1324,1347
1325,1348
1325,1327
1347,1370
1347,1348
1348,1349
1348,1371
1352,1353
1353,1354
1368,1391
1370,1371
1370,1393
1349,1371
1349,1372
1373,1372
1373,1374
1373,1396
1390,1389
1390,1391
1390,1413
1391,1392
1391,1414
1392,1393
1392,1394
1371,1372
1393,1394
1372,1395
1395,1394
1395,1396
1395,1440
1396,1419
1389,1412
1412,1413
1412,1435
1413,1414
1413,1436
1414,1437
1434,1433
1434,1435
1434,1457
1435,1436
1435,1458
1436,1437
1436,1459
1437,1438
1437,1460
1438,1461
1433,1456
1433,1453
1455,1456
1455,1478
1456,1457
1456,1479
1457,1458
1457,1480
1458,1459
1458,1481
1459,1460
1459,1482
1460,1461
1460,1483
1461,1484
1440,1421
1477,1478
1477,1500
1478,1479
1478,1501
1479,1480
1479,1502
1480,1481
1480,1503
1481,1482
1481,1504
1482,1483
1483,1484
1499,1500
1499,1522
1500,1501
1500,1523
1501,1502
1501,1524
1502,1503
1502,1525
1503,1504
1503,1526
1504,1527
1521,1522
1521,1544
1522,1523
1522,1545
1523,1524
1523,1546
1524,1525
1524,1547
1525,1526
1525,1548
1526,1527
1543,1544
1544,1545
1545,1546
1546,1547
1547,1548
1029,1031
1052,1053
1053,1055
1053,1073
1055,1075
1073,1075
1086,1088
1088,1109
1116,1117
1116,1118
1117,1118
1138,1139
1138,1160
1142,1162
1160,1162
1160,1180
1180,1182
1205,1206
1205,1224
1224,1248
1230,1231
1230,1232
1231,1232
1271,1291
1291,1292
1291,1293
1292,1293
1299,1300
1421,1441
1445,1466
1487,1489
1529,1530
1529,1552
1530,1532
1532,1533
1552,1554
1554,1555
