0,892
0,1365
0,44
0,1560
892,132
892,891
892,893
1365,603
1365,647
1365,1363
44,824
44,825
44,1433
1560,107
1560,561
1560,693
1,24
1,131
1,823
1,1040
24,47
24,1063
24,1324
131,110
131,262
131,1023
823,87
823,822
823,1280
1040,996
1040,1017
1040,1041
2,3
2,25
2,1064
2,1563
3,4
3,26
3,1564
25,48
25,1174
25,1563
1064,1041
1064,1065
1064,1087
1563,1152
1563,1564
4,5
4,27
4,1565
26,49
26,1173
26,1219
1564,45
1564,1565
5,28
5,1351
5,1566
27,28
27,50
27,1196
1565,1542
1565,1566
28,29
28,51
1351,1350
1351,1352
1351,1374
1566,1543
1566,1567
6,7
6,29
6,1439
6,1567
7,8
7,30
7,1568
29,30
29,52
1439,549
1439,1438
1439,1440
1567,1544
1567,1568
8,9
8,31
8,1569
30,31
30,53
1568,1545
1568,1569
9,10
9,32
9,1570
31,54
31,703
1569,1546
1569,1570
10,11
10,1550
10,1571
32,55
32,165
32,879
1570,575
1570,1547
11,747
11,923
11,989
1550,1332
1550,1527
1550,1573
1571,1396
1571,1507
1571,1548
747,724
747,726
747,746
923,143
923,230
923,900
989,167
989,900
989,987
12,836
12,901
12,1442
12,1573
836,837
836,857
836,859
901,880
901,925
901,1485
1442,33
1442,637
1442,1419
1573,99
1573,1397
13,1358
13,945
13,124
13,1467
1358,1030
1358,1335
1358,1381
945,1031
945,988
945,1532
124,1448
124,1226
124,1143
1467,899
1467,1446
1467,1468
14,80
14,1357
14,1443
14,1272
80,1357
80,1164
80,1315
1357,15
1357,855
1443,35
1443,921
1443,1420
1272,78
1272,298
1272,341
15,1251
15,1335
15,1165
1251,57
1251,147
1251,1249
1335,812
1335,1312
1165,1145
1165,1163
1165,1166
16,1535
16,1141
16,1096
16,1294
1535,1533
1535,1555
1535,1556
1141,1030
1141,1139
1141,1140
1096,944
1096,1077
1096,1095
1294,192
1294,299
1294,1293
17,364
17,148
17,1186
17,389
364,515
364,1164
364,1210
148,41
148,453
148,368
1186,341
1186,1187
1186,1188
389,653
389,1448
389,410
18,63
18,235
18,127
18,126
63,61
63,760
63,324
235,213
235,1273
235,346
127,433
127,236
127,301
126,1536
126,390
126,1296
19,256
19,367
19,1452
19,631
256,254
256,258
256,298
367,260
367,1514
367,517
1452,20
1452,604
1452,605
631,149
631,544
631,827
20,151
20,192
20,215
151,150
151,153
151,170
192,1295
192,1515
215,827
215,1427
215,391
21,608
21,238
21,1494
21,802
608,41
608,130
608,325
238,280
238,541
238,498
1494,170
1494,452
1494,738
802,756
802,779
802,825
22,783
22,848
22,1023
22,1498
783,42
783,303
783,781
848,263
848,847
848,849
1023,1022
1023,1024
1498,1475
1498,1499
1498,1521
23,46
23,1153
23,1347
23,1063
46,45
46,47
46,69
1153,1130
1153,1176
1153,1197
1347,1324
1347,1370
1347,1346
1063,1061
1063,1082
47,48
47,70
1324,1323
1324,1325
48,49
48,71
1174,307
1174,1151
1174,1197
49,50
49,72
1173,1172
1173,1196
1173,1171
1219,461
1219,1218
1219,1220
50,51
50,73
1196,156
1196,1328
51,52
51,74
52,53
52,75
53,54
53,76
54,55
54,77
703,680
703,683
703,704
55,56
55,251
165,142
165,187
165,188
879,684
879,858
879,878
33,858
33,1033
33,1463
858,317
858,859
1033,211
1033,296
1033,1009
1463,441
1463,1440
1463,1484
34,946
34,1356
34,1099
34,1185
946,382
946,947
946,967
1356,700
1356,940
1356,1355
1099,382
1099,429
1099,1097
1185,209
1185,1183
1185,1184
35,102
35,1400
35,56
102,79
102,1095
102,1119
1400,79
1400,918
1400,1377
56,57
56,79
36,1012
36,1226
36,1448
36,1162
1012,101
1012,404
1012,1011
1226,963
1226,984
1448,1429
1162,59
1162,1142
1162,1161
37,60
37,279
37,1184
37,1121
60,1403
60,1336
60,169
279,278
279,302
279,387
1184,103
1184,1183
1121,58
1121,1120
1121,1122
38,1314
38,84
38,1229
38,474
1314,146
1314,987
1314,1029
84,83
84,1449
84,585
1229,232
1229,253
1229,321
474,430
474,563
474,1296
39,345
39,1362
39,500
39,1490
345,1513
345,718
345,1382
1362,190
1362,386
1362,517
500,739
500,522
500,1581
1490,280
1490,343
1490,1471
40,86
40,239
40,1473
40,1537
86,629
86,414
86,1537
239,629
239,1581
239,785
1473,629
1473,1453
1473,1471
1537,82
1537,212
41,674
41,1536
674,85
674,455
674,562
1536,476
1536,499
42,1386
42,696
42,413
1386,602
1386,690
1386,712
696,172
696,476
696,808
413,369
413,609
413,564
43,195
43,717
43,804
43,1582
195,259
195,1539
195,1581
717,520
717,630
717,1583
804,369
804,565
804,761
1582,153
1582,496
1582,716
824,66
824,846
824,1454
825,87
825,826
1433,1432
1433,1434
1433,1456
45,68
45,1475
68,67
68,69
68,91
1475,778
1475,800
69,70
69,92
70,71
70,93
71,72
71,94
72,73
72,95
73,74
73,96
74,75
74,97
75,76
75,98
76,77
76,99
77,100
77,1509
251,250
251,252
251,274
57,1208
57,1508
79,1444
1208,166
1208,167
1208,275
1508,615
1508,1507
1508,1510
58,81
58,1576
58,169
81,82
81,324
81,1557
1576,1574
1576,1575
1576,1577
169,125
169,1385
59,1292
59,1401
59,1053
1292,103
1292,854
1292,1250
1401,144
1401,1007
1401,1382
1053,190
1053,1054
1053,1055
1403,61
1403,1402
1403,1404
1336,1313
1336,1337
1336,1338
61,62
61,1381
62,563
62,496
62,544
1381,212
1381,1379
563,346
563,433
496,407
496,451
544,437
544,502
760,585
760,736
760,780
324,1384
324,1561
64,432
64,282
64,410
64,323
432,303
432,1339
432,456
282,170
282,675
282,303
410,497
410,1363
323,1297
323,388
323,1426
65,433
65,476
65,391
65,1409
433,1580
476,194
391,652
391,673
1409,646
1409,1408
1409,1429
66,67
66,89
66,738
67,90
67,1108
89,88
89,90
89,112
738,370
738,411
90,91
90,113
1108,157
1108,1085
1108,1131
91,92
91,114
92,93
92,115
93,94
93,116
94,95
94,117
95,96
95,118
96,97
96,119
97,98
97,120
98,99
98,121
99,100
100,123
100,1207
1509,919
1509,1489
1509,1507
78,1532
78,1488
78,1338
1532,1530
1532,1533
1488,1486
1488,1487
1488,1489
1338,190
1338,1337
1444,1445
1444,1446
1444,1464
1164,318
1164,1163
1315,104
1315,1293
1315,1313
82,1580
82,1230
1557,409
1557,1556
1557,1558
1580,191
1580,672
1230,1209
1230,1228
1230,1232
83,478
83,475
83,1491
478,280
478,301
478,567
475,171
475,518
475,650
1491,386
1491,455
1491,519
1449,280
1449,627
1449,1429
585,521
585,1450
85,1540
85,759
85,1558
1540,541
1540,564
1540,693
759,651
759,1366
759,1518
1558,104
1558,299
629,258
414,588
414,501
414,1046
87,868
87,1541
868,867
868,869
868,1042
1541,88
1541,713
1541,847
88,109
88,1474
109,218
109,283
109,805
1474,737
1474,1497
1474,1516
112,111
112,113
112,135
113,114
113,136
114,115
114,137
115,116
115,138
116,117
116,139
117,118
117,140
118,119
118,141
119,120
119,142
120,121
120,143
121,122
121,145
123,122
123,146
123,1425
1207,300
1207,1205
1207,1206
101,902
101,1095
101,1337
902,231
902,903
902,922
1095,1076
1337,1359
1119,166
1119,1098
1119,1120
103,1360
103,1534
1360,1340
1360,1359
1360,1380
1534,322
1534,1514
1534,1533
104,519
104,1227
519,498
519,1320
1227,1225
1227,1228
1227,1247
105,411
105,1316
105,1361
105,390
411,1450
411,1383
1316,144
1316,365
1316,1253
1361,236
1361,366
1361,430
390,348
390,1561
106,455
106,257
106,650
106,212
455,497
257,234
257,342
257,1469
650,347
650,1453
212,518
107,260
107,628
107,173
260,259
260,542
628,649
628,1387
628,757
173,326
173,675
173,543
108,128
108,499
108,565
108,152
128,454
128,1583
128,1493
499,763
499,584
565,764
565,610
152,782
152,695
152,197
218,217
218,219
218,869
283,281
283,368
283,394
805,196
805,456
805,458
110,111
110,133
110,1131
111,134
111,1283
133,132
133,134
133,156
1131,267
1131,1154
134,135
134,157
1283,1260
1283,1282
1283,1284
135,136
135,158
136,137
136,159
137,138
137,160
138,139
138,161
139,140
139,162
140,141
140,163
141,142
141,164
142,143
143,990
122,164
122,166
145,146
145,1209
145,189
164,163
164,187
166,1402
146,147
1425,149
1425,1405
1425,1424
1143,189
1143,318
1143,1142
125,1296
125,300
125,1274
1296,321
300,1405
300,1383
1274,278
1274,471
1274,1253
236,1426
236,1406
301,1516
301,1472
454,434
454,1451
454,562
1583,757
1583,758
1493,543
1493,1492
1493,1513
129,1562
129,676
129,388
129,521
1562,649
1562,735
1562,1561
676,348
676,1048
676,678
388,322
388,1273
521,807
521,698
130,479
130,652
130,697
479,481
479,808
479,1005
652,566
652,632
697,588
697,589
697,786
262,263
262,437
262,827
132,1045
132,1110
1045,176
1045,1022
1045,1044
1110,199
1110,1087
1110,1133
156,179
156,1067
157,180
157,1259
158,159
158,181
158,1130
159,160
159,182
160,161
160,183
161,162
161,184
162,163
162,185
163,186
990,991
990,1011
990,1013
144,1183
144,1187
1183,1182
1187,427
1187,1167
1209,1210
1209,1228
189,1318
189,255
147,193
147,1339
193,216
193,344
193,606
1339,167
1339,363
453,407
453,409
453,1233
368,1427
368,719
149,606
149,1382
606,1472
606,737
1382,1384
150,1427
150,542
150,348
1427,276
542,522
542,1581
348,829
153,175
153,393
170,607
782,392
782,740
782,1517
695,370
695,545
695,763
197,174
197,176
197,1066
175,174
175,828
175,1520
393,416
393,678
393,1026
154,155
154,177
154,1154
154,1175
155,178
155,1132
155,1415
177,176
177,178
177,200
1154,483
1154,1155
1175,1152
1175,1176
1175,1198
178,179
178,201
1132,241
1132,307
1132,397
1415,1414
1415,1416
1415,1438
179,180
179,202
1067,328
1067,1066
1067,1198
180,181
180,203
1259,801
1259,1107
1259,1258
181,182
181,204
1130,1085
1130,1109
182,183
182,205
183,184
183,206
184,185
184,207
185,186
185,208
186,187
186,686
187,210
188,233
188,1317
188,321
1402,191
1402,1404
167,209
209,208
209,210
168,1447
168,1426
168,1445
168,1511
1447,255
1447,342
1447,1428
1426,1428
1445,1446
1445,1465
1511,1489
1511,1510
1511,1512
1385,1404
1385,1405
1385,1407
607,477
607,1579
607,1406
171,739
171,477
171,456
739,172
739,654
477,196
477,346
456,654
172,1495
172,498
1495,430
1495,431
1495,1496
498,369
326,281
326,325
326,327
675,740
675,720
543,630
543,807
174,240
174,849
240,241
240,718
240,826
849,305
849,826
828,765
828,829
828,851
1520,1519
1520,1521
1520,1543
176,958
958,935
958,957
958,959
200,199
200,201
200,223
201,202
201,224
202,203
202,225
203,204
203,226
204,205
204,227
205,206
205,228
206,207
206,229
207,208
207,967
208,339
686,533
686,597
686,709
210,233
210,1317
233,232
233,1032
1317,297
1317,340
321,1407
1318,319
1318,363
1318,604
255,213
255,1468
190,363
363,1120
191,214
191,1295
214,213
214,237
214,434
1295,431
1295,1384
1515,234
1515,298
1515,343
216,217
216,826
216,653
344,452
344,1297
344,1273
194,1559
194,1538
194,366
1559,347
1559,369
1559,1539
1538,761
1538,1497
1538,1518
366,1231
366,1406
259,412
259,673
1539,716
1539,1497
196,589
196,415
589,524
589,1071
415,852
415,609
415,522
1066,1043
1066,1065
198,199
198,219
198,980
198,1111
199,1284
219,261
219,915
980,957
980,979
980,981
1111,220
1111,483
1111,936
1284,1285
1284,1307
223,222
223,224
223,246
224,225
224,247
225,226
225,248
226,227
226,249
227,228
227,250
228,229
228,880
229,230
229,252
967,966
967,968
339,316
339,338
339,340
211,1166
211,1034
211,1380
1166,473
1166,1167
1034,1035
1034,1036
1034,1054
1380,1030
1380,1378
518,517
518,1364
213,237
237,718
237,520
434,325
434,784
827,806
217,412
217,633
653,261
653,371
412,632
412,586
633,416
633,940
633,1069
869,284
869,870
261,416
261,781
915,285
915,656
915,916
220,221
220,241
220,243
221,222
221,265
221,1044
241,871
243,242
243,244
243,266
222,244
222,245
265,264
265,266
265,288
1044,1043
1044,1087
244,245
244,1199
245,246
245,268
246,247
246,269
247,248
247,270
248,249
248,271
249,250
249,272
250,273
880,881
880,924
230,231
230,535
252,253
252,773
231,232
231,295
535,470
535,797
535,995
232,1013
295,294
295,296
295,512
1013,297
1013,425
1032,1031
1032,1051
1032,1052
234,1406
234,1512
1512,1492
1512,1513
1273,430
346,610
718,435
520,562
520,605
541,737
541,1383
785,1070
785,1091
785,1115
871,546
871,870
871,872
242,263
242,395
242,936
263,305
395,372
395,374
395,396
936,913
936,935
266,267
266,289
1199,1198
1199,1200
1199,1222
268,267
268,269
268,291
269,270
269,292
270,271
270,293
271,272
271,294
272,273
272,968
273,274
273,296
274,275
274,579
253,254
253,361
773,750
773,774
773,796
254,1252
254,1057
361,338
361,381
361,881
1252,278
1252,322
1252,1275
1057,469
1057,471
1057,495
1468,1469
1468,1470
258,281
258,497
298,1101
342,277
342,539
1469,409
1469,1470
281,741
497,583
673,627
673,758
416,439
781,780
781,1410
437,392
437,526
305,306
305,328
264,285
264,287
264,482
285,284
285,1087
287,286
287,288
287,310
482,459
482,483
482,505
288,289
288,311
267,290
289,290
289,312
290,291
290,313
291,292
291,314
292,293
292,315
293,294
293,316
294,317
968,969
968,991
296,297
275,276
275,1076
579,556
579,602
579,819
276,277
276,320
1076,1075
1076,1077
277,278
277,1275
320,1492
320,1035
320,539
1275,582
1275,648
302,304
302,325
302,387
387,386
387,1298
741,457
741,765
741,762
303,587
394,371
394,417
394,893
284,981
284,1026
981,306
981,526
1026,1025
1026,1158
286,307
286,1198
286,1242
307,306
1242,462
1242,549
1242,1241
310,309
310,311
310,333
311,312
311,334
312,313
312,335
313,314
313,336
314,315
314,337
315,316
315,338
316,317
317,688
512,489
512,511
512,753
297,1035
1035,470
1101,472
1101,1100
1101,1102
299,473
299,1383
473,1472
473,1514
1405,1407
1516,564
1516,586
1472,694
304,587
304,609
304,590
587,523
587,851
609,566
590,719
590,917
590,1093
306,329
328,329
328,460
329,308
329,330
308,309
308,331
308,1306
309,332
309,1416
331,330
331,332
331,354
1306,1305
1306,1307
1306,1329
332,333
332,355
1416,1393
1416,1417
333,334
333,356
334,335
334,357
335,336
335,358
336,337
336,359
337,338
337,360
688,362
688,797
688,1039
318,537
318,406
537,1122
537,1146
537,1234
406,645
406,1080
406,494
319,341
319,362
319,1340
341,426
362,1123
362,1233
1340,1341
1340,1359
1492,1513
539,714
539,1124
1407,1408
322,1320
1320,712
1320,734
1297,471
1297,1253
1384,584
1561,694
327,350
327,436
327,829
350,349
350,351
350,373
436,459
436,524
436,983
829,766
460,938
460,1265
460,1135
330,351
330,353
351,1197
351,1244
353,352
353,354
353,376
354,355
354,377
355,356
355,378
356,357
356,379
357,358
357,380
358,359
358,381
359,360
359,578
360,491
360,710
340,992
340,450
992,991
992,1059
992,1212
450,668
450,1254
450,689
426,383
426,796
426,1060
343,1470
343,1232
1470,1471
1232,583
1232,1234
452,649
452,560
610,630
610,762
347,545
347,523
545,1070
545,961
523,458
523,502
349,372
349,830
349,435
372,373
372,1003
830,831
830,1073
830,853
435,370
435,1047
373,352
373,374
1197,1220
1244,745
1244,1221
1244,1243
352,375
352,1000
375,376
375,398
375,1089
1000,977
1000,999
1000,1001
376,377
376,399
377,378
377,400
378,379
378,401
379,380
379,402
380,381
380,403
381,404
578,555
578,776
578,1038
491,490
491,602
491,667
710,733
710,755
710,1213
881,882
881,904
1123,408
1123,469
1123,494
1233,449
1233,667
1120,1139
515,603
515,1189
515,1146
1210,689
1210,1211
365,1428
365,429
365,1100
1428,1429
429,1404
429,1231
1100,428
1100,1098
1231,428
1231,516
1514,1533
517,1341
719,586
719,632
370,721
721,1115
721,1201
721,1029
371,851
371,895
851,874
895,635
895,894
895,896
1003,569
1003,613
1003,1002
374,397
374,484
397,398
397,420
484,485
484,505
484,507
398,399
398,421
1089,438
1089,526
1089,1112
399,400
399,422
400,401
400,423
401,402
401,424
402,403
402,425
403,404
403,708
404,687
382,383
382,994
383,384
383,1144
994,447
994,995
994,1017
384,385
384,1277
384,1319
1144,514
1144,1142
1144,1145
385,386
385,540
385,1254
1277,449
1277,536
1277,561
1319,472
1319,1299
1319,1321
540,1579
540,1321
540,715
1254,408
1254,669
1298,538
1298,559
1298,715
392,1090
392,522
1090,808
1090,1088
1090,1091
678,811
678,875
417,418
417,937
417,1025
893,870
893,894
396,419
396,1221
396,1350
419,418
419,420
419,442
1221,1220
1221,1222
1350,1349
1350,1373
420,421
420,443
421,422
421,444
422,423
422,445
423,424
423,446
424,425
424,447
425,601
708,685
708,707
708,709
687,598
687,624
687,820
405,667
405,993
405,1011
405,1015
667,1038
993,970
993,1016
993,1170
1011,1010
1015,733
1015,798
1015,1190
645,538
645,1080
645,1149
1080,1060
1080,1081
494,1036
494,971
407,536
407,470
536,1235
536,1169
470,451
408,1102
408,1342
1102,625
1102,1082
1342,1322
1342,1341
1342,1343
409,562
1363,1343
1363,1364
1450,431
1450,671
632,651
586,1471
564,784
588,917
588,611
501,761
1046,698
1046,961
1046,1088
852,722
852,744
852,1202
439,418
439,440
439,636
418,441
937,699
937,914
937,938
1025,720
1025,1002
441,442
441,464
442,443
442,465
443,444
443,466
444,445
444,467
445,446
445,468
446,447
446,683
447,711
601,1039
601,1061
601,1014
796,795
796,819
1060,1037
1060,1079
427,1122
427,1147
427,1211
1122,514
1147,428
1147,1126
1147,1127
1211,626
1211,1212
428,1168
1168,514
1168,1167
1168,1188
431,1517
1517,737
1517,761
784,634
784,764
1047,611
1047,788
1047,810
459,635
459,806
524,723
524,894
983,807
983,1202
983,1071
526,549
438,548
438,1068
438,1158
548,525
548,571
548,701
1068,481
1068,504
1068,1069
1158,679
1158,745
440,463
440,1112
440,1375
636,614
636,659
636,1289
463,462
463,464
463,486
1112,614
1112,1135
1375,1352
1375,1374
1375,1376
464,465
464,487
465,466
465,488
466,467
466,489
467,468
467,490
468,469
468,794
683,660
683,706
711,778
711,1062
711,1106
448,580
448,643
448,665
448,732
580,1103
580,1234
580,1169
643,576
643,600
643,731
665,469
665,642
665,798
732,709
732,778
732,1280
449,1055
449,603
1055,1054
1055,1056
603,471
668,713
668,1014
668,1388
689,495
689,1280
451,493
451,558
493,513
493,1058
493,646
558,1145
558,1125
558,1124
649,1387
560,671
560,561
560,627
1451,604
1451,671
1451,1453
654,743
654,1049
457,873
457,807
457,677
873,744
873,872
873,1157
677,1028
677,1180
677,1050
458,918
458,762
918,1005
918,1071
762,960
635,503
635,658
806,850
806,913
938,896
938,982
1265,1264
1265,1266
1265,1288
1135,1246
1135,1134
461,1133
461,1179
461,1223
1133,504
1133,1156
1179,613
1179,1156
1179,1178
1223,612
1223,811
1223,1222
462,483
462,485
485,486
485,508
486,487
486,509
487,488
487,510
488,489
488,511
489,490
490,772
794,771
794,795
794,817
472,1146
472,1059
1146,733
1059,492
1059,800
567,786
567,982
567,1136
481,1180
481,1070
808,502
1005,1073
1005,1027
480,591
480,743
480,850
480,720
591,547
591,592
591,723
743,1334
743,1290
850,525
850,655
720,698
1180,943
1180,982
1070,742
505,702
505,1245
507,506
507,508
507,530
508,509
508,531
509,510
509,532
510,511
510,533
511,534
772,749
772,771
772,795
602,625
492,969
492,1016
492,712
969,555
969,970
1016,1039
1016,1125
712,1213
513,600
513,948
513,1078
1058,1014
1058,1037
1058,1056
646,690
646,731
1036,1037
1036,1056
971,623
971,970
971,972
495,670
495,561
670,626
670,1170
670,1279
583,1431
583,1145
763,916
763,939
584,1430
584,1408
502,1134
1134,786
1134,1155
503,525
503,872
503,959
525,1024
872,1071
959,612
959,960
504,1049
504,1113
1049,1050
1049,1051
1113,853
1113,984
1113,1114
702,679
702,725
702,857
1245,547
1245,655
1245,1222
506,527
506,529
506,1333
527,528
527,1243
527,1418
529,528
529,530
529,552
1333,1310
1333,1506
1333,1313
530,531
530,553
531,532
531,554
532,555
532,1549
533,556
533,620
534,557
534,599
534,903
753,730
753,776
753,1017
600,556
600,820
948,925
948,947
948,949
1078,557
1078,1077
1078,1079
514,1256
1256,736
1256,1255
1256,1258
1189,1188
1189,1190
1189,1191
516,1124
516,1125
516,1341
1124,1104
1125,691
1364,736
1364,1366
605,626
605,671
698,1069
723,746
723,960
894,569
1024,1001
1024,1177
549,550
528,551
528,1246
1243,1220
1243,1266
1418,1417
1418,1419
1418,1394
551,550
551,552
551,574
1246,876
1246,1225
552,553
552,575
553,554
553,576
554,555
554,577
1549,620
1549,1526
1549,1548
556,973
620,619
620,621
557,625
557,729
599,576
599,622
599,644
903,904
903,926
797,774
797,820
995,972
995,1018
1235,647
1235,1215
1235,1236
1169,582
1169,735
1234,734
538,1276
538,691
1276,1253
1276,1255
1276,1278
691,1430
691,1321
714,559
714,694
714,1476
1579,1578
1321,1300
715,651
715,672
630,740
961,1028
961,1073
546,656
546,831
546,874
656,679
656,789
831,832
831,1421
874,897
874,1355
547,657
547,914
657,1178
657,1200
657,1376
914,891
914,913
571,550
571,572
571,1417
701,724
701,856
701,1156
550,573
573,572
573,574
573,596
574,575
574,597
575,576
577,622
577,642
577,775
973,950
973,972
973,996
625,624
729,706
729,728
729,752
559,669
559,1191
669,845
669,1257
1191,626
1191,1171
627,692
764,699
764,875
566,742
566,634
742,700
742,1224
634,1114
634,809
786,1267
982,612
1136,722
1136,788
1136,1027
568,1072
568,897
568,1114
568,1048
1072,1073
1072,1074
1072,1091
897,877
897,943
1114,1115
1048,942
1048,1004
569,570
569,592
570,1200
570,1332
570,1397
592,593
592,615
1200,680
1332,1309
1332,1331
1397,1374
1397,1420
572,593
572,595
1417,596
593,594
593,833
595,594
595,618
595,835
596,597
596,619
597,598
622,621
622,623
642,619
642,641
775,752
775,754
775,798
776,777
776,799
1038,644
1038,1061
819,818
819,842
1103,713
1103,1104
1103,1105
581,756
581,666
581,1081
581,1299
756,733
756,1432
666,774
666,974
666,1017
1081,1082
1081,1083
1299,1300
1299,1301
582,1344
582,1079
1344,648
1344,1367
1344,1343
1079,1037
1431,1194
1431,1430
1431,1454
1430,694
1408,693
917,1006
917,1203
611,1159
611,1004
1093,744
1093,1092
1093,1094
615,594
615,616
594,617
833,613
833,834
833,1267
617,616
617,618
617,640
618,619
618,641
835,640
835,814
835,834
598,621
598,793
621,730
793,770
793,792
793,816
644,709
644,1170
820,843
1039,1062
1061,1084
1014,991
604,1255
1255,1236
1159,940
1159,1138
1159,1160
1004,787
1004,1202
612,810
810,942
810,984
613,614
614,637
637,616
637,638
616,639
639,638
639,662
639,1398
640,641
640,663
641,664
730,707
730,731
623,624
623,1083
624,1167
1083,754
1083,1106
692,1345
692,1257
692,1278
1387,1366
1387,1389
757,647
757,1279
740,651
940,1091
1069,962
809,941
809,1137
809,1050
658,659
658,681
658,746
659,638
659,660
1289,1266
1289,1288
1289,1312
638,661
661,660
661,662
661,684
662,663
662,685
1398,965
1398,1378
1398,1379
663,664
663,1528
664,685
664,752
731,754
1170,1345
1149,1148
1149,1150
1149,1151
690,1193
690,736
647,779
779,778
779,780
648,1432
648,1212
1432,1455
1212,1213
1453,803
655,766
655,1137
766,767
766,789
1137,853
1137,1138
679,680
789,790
789,1267
1178,939
1178,1177
1376,900
1376,1353
681,660
681,680
681,682
746,769
684,685
684,707
1528,1483
1528,1527
1528,1529
752,751
798,821
774,751
974,951
974,975
974,997
713,693
1388,777
1388,1389
1388,1411
845,822
845,844
845,846
1257,1151
1257,1238
1279,780
1279,1278
672,890
672,735
890,867
890,889
890,891
735,1302
758,1105
758,1214
1028,964
1028,1378
1050,1031
811,1334
811,1248
875,1008
875,1182
682,705
682,1377
682,1462
705,704
705,706
705,728
1377,745
1377,1354
1462,813
1462,1461
1462,1551
706,707
1280,1281
1193,1216
1193,1192
1193,1195
1345,755
1345,1368
1278,734
699,960
699,1029
1029,919
700,1399
700,939
1399,1421
1399,1422
1399,1423
939,1157
724,725
724,1355
856,855
856,857
856,878
1156,1155
725,704
725,726
857,834
704,727
727,726
727,728
727,750
728,751
755,1019
755,1105
1213,1214
1062,1085
1062,1258
1106,1107
1106,1086
1476,801
1476,1477
1476,1499
716,803
716,1410
803,1518
803,1410
1410,799
1115,1116
1201,788
1201,1006
1201,1155
722,1092
722,1116
1092,854
1092,984
1116,941
1116,1118
1355,1354
726,749
749,748
749,750
750,751
754,1018
734,1366
1302,1301
1302,1303
1302,1300
765,832
765,1203
1224,898
1224,963
1224,1205
1334,855
1334,1311
1290,1268
1290,1269
1290,1291
744,963
963,1075
745,768
768,767
768,769
768,791
769,748
769,770
748,771
748,924
771,770
924,925
924,947
1018,1019
1018,1041
1019,996
1019,1020
1105,1128
1214,1195
1214,1215
1518,1497
916,962
916,1177
832,834
832,1510
1203,1202
1203,1204
767,1311
767,1268
1311,1288
1311,1310
1268,1249
1268,1269
791,770
791,790
791,792
795,818
777,1323
777,1367
799,822
799,1301
1323,801
1323,1322
1367,1368
1367,1390
1267,1266
787,1181
787,1204
787,1094
1181,942
1181,1161
1181,1182
1204,1205
1204,1206
1094,898
1094,964
788,812
812,1423
812,1160
790,813
790,1118
813,792
813,1485
1118,898
1118,1098
792,815
815,814
815,816
815,838
816,817
816,839
817,818
817,840
818,841
821,822
821,844
821,1411
1301,1194
800,1084
800,1496
1084,1107
1084,1082
1496,846
1496,1519
801,1237
1237,1260
1237,1236
1237,1238
913,912
941,1270
941,1052
942,1529
1248,965
1248,1228
1248,1247
1423,986
1423,1421
1160,988
1160,1161
1485,876
1485,1484
814,837
814,1551
837,838
837,860
1551,1530
1551,1552
838,839
838,861
839,840
839,862
840,841
840,863
841,842
841,864
842,843
842,865
843,844
843,866
844,867
1411,1412
1411,1434
846,847
1454,1455
1454,1477
853,1157
1421,1422
1510,1489
859,860
859,882
860,861
860,883
861,862
861,884
862,863
862,885
863,864
863,886
864,865
864,887
865,866
865,888
866,867
866,889
847,870
1157,1027
854,1422
854,899
1422,1424
899,1531
899,1006
855,878
878,877
882,883
882,905
883,884
883,906
884,885
884,907
885,886
885,908
886,887
886,909
887,888
887,910
888,889
888,911
889,912
1042,1041
1042,1043
1042,1065
1008,962
1008,1052
1008,1074
1182,1163
876,877
876,943
877,900
943,966
904,905
904,927
905,906
905,928
906,907
906,929
907,908
907,930
908,909
908,931
909,910
909,932
910,911
910,933
911,912
911,934
912,935
891,1542
1542,1519
1542,1543
896,919
896,985
919,920
985,962
985,986
985,1270
898,1249
1249,1250
1531,920
1531,1529
1531,1530
1006,1487
925,926
922,921
922,966
922,1420
926,927
926,949
927,928
927,950
928,929
928,951
929,930
929,952
930,931
930,953
931,932
931,954
932,933
932,955
933,934
933,956
934,935
934,957
1177,1176
920,921
920,1424
921,1074
1424,944
1074,1075
966,1312
1420,1419
947,970
949,950
949,972
950,951
951,952
952,953
952,975
953,954
953,976
954,955
954,977
955,956
955,978
956,957
956,979
1270,1007
1270,1010
1052,1051
1529,1530
944,1247
944,1572
1247,1225
1572,1552
1572,1574
1031,1051
988,1575
988,1117
975,976
975,998
976,977
976,999
977,978
978,979
978,1001
979,1002
1075,1077
964,1487
964,1117
1487,1486
1117,965
1117,1097
965,1577
1577,987
1577,1575
1312,1293
996,997
997,998
997,1020
998,999
998,1021
999,1022
1001,1002
986,987
986,1009
1009,1010
1009,1291
1575,1574
1020,1021
1020,1043
1021,1022
1021,1239
1027,1291
1007,1553
1007,1466
1553,1552
1553,1554
1553,1555
1466,1446
1466,1464
1466,1465
1010,1097
1291,1271
1097,1098
1190,1188
1190,1192
1239,1129
1239,1216
1239,1262
1378,1379
1030,1271
1271,1250
1271,1269
1065,1240
1085,1086
1258,1238
1240,1217
1240,1263
1240,1346
1107,1086
1128,1129
1128,1151
1128,1109
1129,1152
1129,1109
1152,1304
1304,1281
1304,1305
1304,1303
1176,1309
1171,1172
1171,1150
1172,1150
1172,1192
1309,1308
1309,1310
1216,1217
1216,1215
1194,1217
1194,1192
1217,1218
1195,1218
1195,1215
1218,1241
1328,1305
1328,1327
1328,1329
1241,1264
1241,1260
1260,1261
1262,1263
1262,1285
1262,1261
1263,1264
1263,1286
1346,1326
1346,1327
1264,1287
1285,1286
1285,1308
1286,1287
1286,1505
1287,1288
1287,1310
1281,1282
1281,1519
1282,1305
1282,1261
1307,1308
1307,1330
1308,1331
1505,1482
1505,1504
1505,1506
1303,1326
1303,1261
1326,1325
1326,1327
1329,1330
1329,1352
1330,1331
1330,1353
1331,1354
1325,1348
1325,1327
1348,1349
1348,1369
1348,1371
1352,1353
1353,1354
1506,1507
1506,1486
1368,1369
1368,1391
1370,1369
1370,1371
1370,1393
1349,1371
1349,1372
1373,1372
1373,1374
1373,1396
1390,1389
1390,1391
1390,1413
1369,1392
1391,1392
1391,1414
1392,1393
1392,1394
1371,1372
1393,1394
1372,1395
1395,1394
1395,1396
1395,1440
1396,1419
1389,1412
1412,1413
1412,1435
1413,1414
1413,1436
1414,1437
1434,1435
1434,1457
1435,1436
1435,1458
1436,1437
1436,1459
1437,1438
1437,1460
1438,1461
1455,1456
1455,1478
1456,1457
1456,1479
1457,1458
1457,1480
1458,1459
1458,1481
1459,1460
1459,1482
1460,1461
1460,1483
1461,1484
1440,1441
1477,1478
1477,1500
1478,1479
1478,1501
1479,1480
1479,1502
1480,1481
1480,1503
1481,1482
1481,1504
1482,1483
1483,1484
1499,1500
1499,1522
1500,1501
1500,1523
1501,1502
1501,1524
1502,1503
1502,1525
1503,1504
1503,1526
1504,1527
1521,1522
1521,1544
1522,1523
1522,1545
1523,1524
1523,1546
1524,1525
1524,1547
1525,1526
1525,1548
1526,1527
1543,1544
1544,1545
1545,1546
1546,1547
1547,1548
1054,1056
1086,1088
1088,1109
1104,1126
1104,1127
1126,1127
1126,1148
1127,1148
1138,1139
1138,1140
1139,1140
1140,1142
1148,1150
1161,1163
1205,1206
1206,1225
1236,1238
1250,1269
1293,1313
1300,1322
1322,1343
1359,1379
1441,1464
1441,1465
1441,1486
1464,1465
1552,1554
1554,1555
1554,1556
1555,1556
