0,85
0,803
0,1410
0,736
85,628
85,697
85,304
803,802
803,804
803,801
1410,65
1410,87
1410,1409
736,672
736,694
736,734
1,24
1,131
1,1040
1,1303
24,47
24,1063
24,1085
131,110
131,198
131,1023
1040,691
1040,1017
1040,1041
1303,1302
1303,1304
1303,1326
2,3
2,25
2,1064
2,1563
3,4
3,26
3,1564
25,48
25,1174
25,1563
1064,1041
1064,1065
1064,1087
1563,1152
1563,1564
4,5
4,27
4,1565
26,49
26,1173
26,1219
1564,45
1564,1565
5,28
5,1351
5,1566
27,28
27,50
27,1196
1565,1542
1565,1566
28,29
28,51
1351,1350
1351,1352
1351,1374
1566,1543
1566,1567
6,7
6,29
6,1439
6,1567
7,8
7,30
7,1568
29,30
29,52
1439,1438
1439,1440
1439,1418
1567,1544
1567,1568
8,9
8,31
8,1569
30,31
30,53
1568,1545
1568,1569
9,10
9,32
9,1570
31,54
31,703
1569,1546
1569,1570
10,11
10,1550
10,1571
32,55
32,878
32,1574
1570,1547
1570,1572
11,747
11,989
11,1032
1550,1332
1550,1527
1550,1573
1571,1396
1571,1507
1571,1548
747,724
747,726
747,746
989,34
989,143
989,987
1032,210
1032,1031
1032,1033
12,836
12,1573
12,1442
12,921
836,837
836,857
836,859
1573,122
1573,1397
1442,33
1442,856
1442,1419
921,920
921,922
921,901
13,1207
13,1120
13,1162
13,942
1207,189
1207,232
1207,1139
1120,144
1120,966
1120,1185
1162,101
1162,1142
1162,1160
942,941
942,943
942,944
14,1335
14,1552
14,1509
14,1382
1335,1312
1335,1358
1335,1336
1552,1529
1552,1553
1552,1554
1509,77
1509,78
1509,1508
1382,37
1382,1381
1382,1401
15,1270
15,35
15,1229
15,1403
1270,1268
1270,1269
1270,1272
35,879
35,1294
35,1553
1229,189
1229,297
1229,1403
1403,145
1403,1380
16,1097
16,344
16,1362
16,1121
1097,168
1097,1077
1097,1096
344,37
344,1429
344,409
1362,40
1362,367
1362,388
1121,233
1121,234
1121,1098
17,1361
17,236
17,1405
17,127
1361,61
1361,102
1361,518
236,432
236,1578
236,1273
1405,84
1405,124
1405,1406
127,81
127,216
127,1406
18,369
18,389
18,390
18,411
369,764
369,629
369,716
389,370
389,1537
389,1426
390,282
390,478
390,1492
411,105
411,239
411,1473
19,433
19,716
19,1450
19,1538
433,61
433,456
433,541
716,1408
716,1498
1450,454
1450,605
1450,1449
1538,499
1538,630
1538,1515
20,670
20,586
20,1474
20,1583
670,1276
670,1301
670,800
586,65
586,237
586,476
1474,41
1474,519
1474,692
1583,21
1583,65
1583,151
21,41
21,627
21,128
41,170
41,195
627,43
627,1408
627,1363
128,588
128,475
128,1471
22,759
22,758
22,1087
22,196
759,757
759,758
759,778
758,757
758,760
1087,1044
1087,1110
196,937
196,502
196,1539
23,46
23,1021
23,1107
23,1260
46,45
46,47
46,69
1021,998
1021,1020
1021,1022
1107,1084
1107,1106
1107,1259
1260,1237
1260,1283
1260,1259
47,48
47,70
1063,66
1063,1061
1063,1214
1085,1062
1085,1108
1085,1130
48,49
48,71
1174,286
1174,1151
1174,1197
49,50
49,72
1173,1172
1173,1196
1173,1171
1219,286
1219,1218
1219,1220
50,51
50,73
1196,156
1196,1328
51,52
51,74
52,53
52,75
53,54
53,76
54,55
54,77
703,680
703,683
703,704
55,56
55,251
878,855
878,877
878,879
1574,58
1574,944
1574,1117
33,858
33,1033
33,1463
858,317
858,859
858,879
1033,296
1033,1052
1463,441
1463,1440
1463,1484
34,1356
34,1182
34,1164
1356,78
1356,1355
1356,1357
1182,1163
1182,1180
1182,1181
1164,319
1164,1163
1164,1165
879,684
1294,105
1294,1274
1294,1292
1553,1554
1553,1555
36,1030
36,1274
36,1161
36,1139
1030,1007
1030,1031
1030,1010
1274,1275
1274,1295
1161,58
1161,1141
1161,1159
1139,1312
1139,1137
37,1230
37,105
1230,429
1230,1228
1230,1231
105,413
38,1271
38,148
38,1316
38,1383
1271,166
1271,255
1271,1269
148,563
148,498
148,543
1316,192
1316,1314
1316,1317
1383,103
1383,106
1383,169
39,585
39,1492
39,1272
39,1558
585,366
585,541
585,1496
1492,455
1492,542
1272,366
1272,1053
1558,408
1558,521
1558,607
40,324
40,1513
40,84
324,370
324,562
324,1560
1513,301
1513,1515
1513,1532
84,1561
84,630
170,147
170,151
170,193
195,869
195,282
195,432
42,86
42,173
42,1472
42,891
86,760
86,108
86,584
173,43
173,937
173,741
1472,172
1472,259
1472,1470
891,890
891,892
891,914
43,1497
43,824
1497,647
1497,1475
1497,1517
824,693
824,823
824,825
44,718
44,804
44,1433
44,129
718,477
718,607
718,784
804,606
804,827
1433,1432
1433,1434
1433,1456
129,1516
129,457
129,434
45,68
45,1475
68,67
68,69
68,91
1475,1498
1475,1453
69,70
69,92
70,71
70,93
71,72
71,94
72,73
72,95
73,74
73,96
74,75
74,97
75,76
75,98
76,77
76,99
77,100
56,57
56,79
56,1076
251,250
251,252
251,274
57,1074
57,1401
57,1508
79,102
79,1012
79,1446
1076,121
1076,211
1076,275
1074,1054
1074,1073
1074,1075
1401,1399
1401,1402
1508,78
1508,1507
58,81
58,1487
81,82
81,1559
1487,1468
1487,1486
1487,1488
59,323
59,1052
59,1533
59,213
323,62
323,607
323,430
1052,1050
1052,1051
1533,1531
1533,1532
1533,1534
213,212
213,214
213,454
60,1119
60,1471
60,80
60,1315
1119,143
1119,1098
1119,1099
1471,171
1471,346
80,168
80,1075
80,235
1315,212
1315,232
1315,1313
61,387
61,1338
387,302
387,341
387,386
1338,341
1338,1318
1338,1336
62,431
62,1516
62,1536
431,343
431,517
431,1559
1516,169
1516,343
1536,193
1536,215
1536,561
63,391
63,1495
63,1560
63,544
391,653
391,740
391,652
1495,649
1495,1496
1495,1453
1560,235
1560,521
544,150
544,610
544,566
64,326
64,540
64,561
64,1493
326,303
326,325
326,327
540,430
540,476
540,737
561,365
561,737
1493,194
1493,412
1493,649
65,455
455,126
455,693
66,67
66,89
66,153
67,90
67,1108
89,88
89,90
89,112
153,132
153,152
153,650
90,91
90,113
1108,157
1108,1131
91,92
91,114
92,93
92,115
93,94
93,116
94,95
94,117
95,96
95,118
96,97
96,119
97,98
97,120
98,99
98,121
99,100
99,318
100,123
100,900
78,1227
1227,125
1227,1226
1227,1228
102,1535
102,1095
1012,404
1012,1011
1012,1035
1446,1444
1446,1445
1446,1447
168,1296
168,1231
1075,1073
1075,1077
235,409
235,367
82,1580
82,1449
82,1206
1559,412
1559,651
1580,194
1580,520
1580,672
1449,496
1449,1428
1206,1205
1206,1208
1206,1225
83,106
83,126
83,673
83,260
106,107
106,761
126,125
126,500
673,564
673,650
673,719
260,149
260,436
260,346
1561,109
1561,453
1561,695
630,498
630,651
628,149
628,302
628,1452
697,413
697,460
697,717
304,87
304,303
304,850
760,327
760,675
108,107
108,109
108,1452
584,1384
584,1430
584,1322
87,1476
87,238
1476,691
1476,1477
1476,1499
238,237
238,239
238,782
88,109
88,805
88,847
109,434
805,215
805,371
805,696
847,846
847,848
847,870
112,111
112,113
112,135
113,114
113,136
114,115
114,137
115,116
115,138
116,117
116,139
117,118
117,140
118,119
118,141
119,120
119,142
120,121
120,143
121,122
318,1232
318,472
318,1080
123,122
123,146
123,1100
900,877
900,923
900,898
101,1054
101,234
101,1512
1054,1055
1054,1056
234,211
234,1186
1512,1491
1512,1510
1512,1511
1535,150
1535,408
1535,542
1095,1093
1095,1094
1095,1096
103,298
103,1488
103,1251
298,1297
298,1363
298,1534
1488,1486
1488,1489
1251,167
1251,1250
1251,1231
104,192
104,301
104,1314
104,409
192,476
192,1514
301,237
301,563
1314,1313
1314,1334
409,258
413,478
413,457
107,1581
107,717
761,152
761,523
761,715
1581,366
1581,368
1581,696
717,259
717,737
1452,606
1452,1432
434,325
434,784
110,111
110,133
110,1131
111,134
111,1283
133,132
133,134
133,156
1131,267
1131,1154
134,135
134,157
1283,1282
1283,1284
135,136
135,158
136,137
136,159
137,138
137,160
138,139
138,161
139,140
139,162
140,141
140,163
141,142
141,164
142,143
142,165
122,164
164,163
164,187
146,145
146,147
146,1404
1100,124
1100,536
1100,538
124,125
124,1426
125,1445
1426,299
1426,1425
1445,1444
1445,1447
500,415
500,456
500,785
216,130
216,193
216,217
1406,693
1406,1386
588,346
588,435
588,545
475,147
475,342
475,368
457,871
457,698
130,806
130,913
130,674
806,459
806,674
806,807
913,912
913,914
913,936
674,763
674,825
198,199
198,219
198,980
1023,1022
1023,1024
1023,1000
132,892
132,1045
892,479
892,893
1045,176
1045,1022
1045,1044
156,179
156,1067
157,180
157,1259
158,159
158,181
158,1130
159,160
159,182
160,161
160,183
161,162
161,184
162,163
162,185
163,186
165,188
165,1053
165,1510
144,145
144,1250
144,1424
145,1293
1250,1249
1250,1248
1424,1422
1424,1423
1424,1425
1293,1291
1293,1292
1293,1295
147,299
1404,388
1404,518
1404,1381
299,276
299,1359
563,412
563,1540
498,150
498,477
543,151
543,763
543,545
149,608
149,1537
608,171
608,1517
608,609
1537,1515
1537,1539
150,783
783,370
783,458
783,782
151,152
152,780
780,649
780,779
780,781
650,1496
650,868
154,155
154,175
154,177
154,1175
155,178
155,1369
155,1415
175,174
175,1024
175,1520
177,176
177,178
177,200
1175,1152
1175,1176
1175,1198
178,179
178,201
1369,1368
1369,1370
1369,1392
1415,1414
1415,1416
1415,1438
179,180
179,202
1067,1066
1067,1068
1067,1198
180,181
180,203
1259,1258
181,182
181,204
1130,199
1130,1153
182,183
182,205
183,184
183,206
184,185
184,207
185,186
185,208
186,187
186,686
187,210
187,1055
188,166
188,211
188,385
1053,856
1053,1051
1510,1490
1510,1511
166,233
166,1402
233,210
233,232
1402,190
1402,1422
167,209
167,1165
167,1077
209,208
209,210
209,945
1165,1163
1165,1166
1077,1096
1296,517
1296,1273
1296,1319
1231,538
169,1297
169,1514
1297,406
1297,473
1514,278
1514,368
193,1534
171,300
171,762
300,212
300,432
300,345
762,501
762,566
762,632
172,519
172,258
172,654
519,497
519,607
258,256
258,281
654,524
654,896
654,1047
937,914
937,938
741,611
741,740
741,764
174,197
174,240
174,564
197,176
197,826
197,1066
240,239
240,241
240,587
564,479
564,1494
1024,568
1024,1001
1520,1519
1520,1521
1520,1543
176,958
958,935
958,957
958,959
200,199
200,201
200,223
201,202
201,224
202,203
202,225
203,204
203,226
204,205
204,227
205,206
205,228
206,207
206,229
207,208
207,230
208,339
686,663
686,685
686,709
1055,946
1055,1056
211,212
385,321
385,384
385,386
189,1078
189,321
1078,320
1078,1036
1078,1058
321,386
321,1295
190,191
190,322
190,1447
191,214
191,1577
191,1556
322,1252
322,1494
322,1339
1447,1428
214,237
214,652
1577,1575
1577,1576
1577,1579
1556,1554
1556,1555
1556,1557
476,565
1534,1515
194,454
194,345
454,1582
345,1578
345,1385
869,284
869,868
869,870
282,262
282,652
432,542
502,525
502,807
502,1092
1539,1518
1539,1540
826,589
826,825
826,849
1066,1043
1066,1065
199,1110
219,218
219,1089
219,915
980,957
980,979
980,981
1110,1111
1110,1133
223,222
223,224
223,246
224,225
224,247
225,226
225,248
226,227
226,249
227,228
227,250
228,229
228,880
229,230
229,252
230,231
230,253
339,316
339,338
339,340
945,944
945,964
945,965
652,738
215,497
215,499
497,692
497,1364
499,738
499,651
217,218
217,848
217,629
218,241
218,478
848,263
848,849
629,1385
629,714
241,220
241,1132
478,262
1089,375
1089,438
1089,1112
915,284
915,914
915,916
220,221
220,243
220,1111
221,222
221,265
221,1044
243,242
243,244
243,266
1111,481
1111,483
222,244
222,245
265,264
265,266
265,288
1044,1043
244,245
244,1199
245,246
245,268
246,247
246,269
247,248
247,270
248,249
248,271
249,250
249,272
250,273
880,881
880,903
880,924
252,253
252,773
231,232
231,295
231,340
253,254
253,276
295,294
295,296
295,512
340,1273
340,1145
1186,1166
1186,1184
1186,1187
367,452
367,1557
1578,365
1578,1576
1273,1185
239,392
782,675
782,781
392,587
392,678
392,785
587,610
587,609
1132,307
1132,397
1132,1088
242,263
242,395
242,936
263,262
263,305
395,372
395,374
395,396
936,501
936,935
266,267
266,289
1199,1198
1199,1200
1199,1222
268,267
268,269
268,291
269,270
269,292
270,271
270,293
271,272
271,294
272,273
272,968
273,274
273,296
274,275
274,579
773,750
773,774
773,796
254,255
254,1057
254,1143
276,275
276,277
255,256
255,1184
1057,688
1057,1036
1057,1056
1143,449
1143,1123
1143,1141
256,257
256,279
1184,1183
1184,1204
257,280
257,1360
257,1339
279,278
279,280
279,302
280,281
280,303
1360,1358
1360,1359
1360,1380
1339,1337
1339,1340
281,283
281,1427
259,653
259,412
653,524
653,784
436,459
436,829
436,458
346,458
261,285
261,781
261,719
261,368
285,264
285,284
285,501
781,692
719,479
719,763
262,740
740,414
305,306
305,328
305,849
264,287
264,482
287,286
287,288
287,310
482,459
482,483
482,505
288,289
288,311
267,290
289,290
289,312
290,291
290,313
291,292
291,314
292,293
292,315
293,294
293,316
294,317
968,967
968,969
968,991
296,297
275,1208
579,556
579,602
579,819
1208,364
1208,406
277,278
277,388
277,1469
278,453
388,672
1469,1467
1469,1468
1469,1470
453,605
453,1448
302,325
303,632
283,720
283,435
283,982
1427,1425
1427,1428
1427,1429
720,983
720,939
720,828
435,829
435,633
982,675
982,1004
982,1005
284,1026
1026,524
1026,1025
1026,1158
501,764
286,307
307,306
307,393
310,309
310,311
310,333
311,312
311,334
312,313
312,335
313,314
313,336
314,315
314,337
315,316
315,338
316,317
317,383
512,489
512,511
512,513
297,1317
297,494
1317,1318
1317,1337
494,1122
494,559
494,971
1363,1364
1363,1365
1359,1340
1359,1358
325,348
632,896
632,1046
850,525
850,655
850,851
306,329
306,981
328,327
328,329
328,873
849,546
329,308
329,330
981,480
981,526
393,416
393,742
393,852
308,309
308,331
308,1306
309,332
309,1348
331,330
331,332
331,354
1306,1305
1306,1307
1306,1329
332,333
332,355
1348,1325
1348,1347
1348,1349
333,334
333,356
334,335
334,357
335,336
335,358
336,337
336,359
337,338
337,360
338,361
383,382
383,384
383,1080
1232,365
1232,1233
1232,1253
472,557
472,1342
472,1318
1080,623
1080,1079
319,1122
319,1034
319,1185
1122,470
1122,1102
1034,451
1034,493
1034,1015
1185,1140
320,427
320,496
320,474
427,448
427,1253
427,711
496,1385
496,1384
474,1365
474,1451
474,582
386,428
1295,1384
1252,364
1252,1253
1252,1275
1494,649
1494,1453
430,1209
430,1407
370,739
562,343
562,410
562,1517
348,349
348,371
348,415
327,350
350,349
350,351
350,373
873,416
873,872
873,874
330,351
330,353
351,1197
351,1241
353,352
353,354
353,376
354,355
354,377
355,356
355,378
356,357
356,379
357,358
357,380
358,359
358,381
359,360
359,578
360,491
360,710
361,362
361,381
361,881
1145,710
1145,1144
1145,1146
341,537
341,1448
537,408
537,820
537,1299
1448,342
1448,429
342,410
342,452
410,343
410,1407
452,450
452,1384
1429,517
1429,1409
1385,365
458,983
347,542
347,738
347,808
347,675
738,715
808,807
808,831
808,785
349,372
349,696
371,394
371,634
415,504
415,1027
372,373
372,1003
696,739
373,352
373,374
1197,1153
1197,1220
1241,1218
1241,1242
1241,1264
352,375
352,417
375,376
375,398
417,394
417,418
417,1025
376,377
376,399
377,378
377,400
378,379
378,401
379,380
379,402
380,381
380,403
381,404
578,513
578,555
578,601
491,405
491,490
491,602
710,668
710,733
362,1058
362,1059
362,1146
881,882
881,904
1058,1081
1058,1036
1059,470
1059,624
1059,667
1146,1126
1146,1144
363,448
363,580
363,1013
363,1014
448,447
448,1016
580,516
580,1233
580,582
1013,425
1013,534
1013,990
1014,991
1014,1037
1014,994
364,1188
364,1340
1188,451
1188,1166
1188,1187
1340,560
366,1341
1341,471
1341,671
1341,1253
1557,1555
1557,1576
764,787
739,479
739,631
394,895
394,1113
634,460
634,831
634,1050
1003,569
1003,613
1003,1002
374,397
374,484
397,398
397,420
484,485
484,505
484,507
398,399
398,421
399,400
399,422
400,401
400,423
401,402
401,424
402,403
402,425
403,404
403,708
404,405
382,753
382,946
382,1079
753,645
753,730
753,776
946,947
946,967
1079,513
1079,1099
384,559
384,990
559,1101
559,1342
990,991
990,1011
428,1233
428,583
428,1364
672,890
678,480
678,1113
678,959
785,786
416,439
416,676
742,461
742,765
742,1068
852,851
852,853
852,875
895,635
895,894
895,896
1113,1093
1113,1114
396,419
396,1221
396,1350
419,418
419,420
419,442
1221,1220
1221,1222
1221,1244
1350,1349
1350,1373
420,421
420,443
421,422
421,444
422,423
422,445
423,424
423,446
424,425
424,447
425,601
708,685
708,707
708,709
405,406
405,971
406,948
971,970
971,972
948,925
948,947
948,949
407,473
407,517
407,492
407,1015
473,1167
473,1190
492,1167
492,969
492,1211
1015,992
1015,1038
408,583
583,1517
583,1321
1407,1387
1407,1409
1473,647
1473,648
1473,694
414,721
414,743
414,917
721,481
721,854
721,1091
743,566
743,610
743,698
917,679
917,894
917,940
504,1201
504,567
504,1245
1027,505
1027,590
1027,1028
439,418
439,440
439,983
676,611
676,1004
676,827
418,441
1025,1002
1025,1068
441,442
441,464
442,443
442,465
443,444
443,466
444,445
444,467
445,446
445,468
446,447
446,683
447,711
601,1039
601,1061
426,645
426,1123
426,471
426,1210
645,777
645,1038
1123,1102
1123,1124
471,1190
471,1038
1210,1189
1210,1209
1210,1211
711,625
711,1344
1233,1234
1364,1365
429,1099
429,1234
1099,1098
1234,557
1234,1257
1209,1189
1209,1228
456,523
456,522
541,1319
541,715
784,503
829,828
829,830
633,916
633,722
633,1134
459,635
437,526
437,984
437,1005
437,938
526,503
526,549
984,677
984,961
984,1007
1005,612
1005,1004
938,939
938,961
438,1090
438,548
438,1069
1090,525
1090,1071
1090,1088
548,525
548,571
548,1201
1069,699
1069,962
1069,1068
440,463
440,1135
440,1375
983,481
463,462
463,464
463,486
1135,636
1135,1112
1135,1246
1375,1352
1375,1374
1375,1376
464,465
464,487
465,466
465,488
466,467
466,489
467,468
467,490
468,469
468,666
683,660
683,706
1016,666
1016,993
1016,1039
449,514
449,1255
449,1125
514,1275
514,1101
514,515
1255,1236
1255,1256
1255,1257
1125,648
1125,688
1125,1106
450,1035
450,1168
450,1124
1035,558
1035,643
1168,469
1168,560
1168,648
1124,603
1124,1126
451,1278
451,1190
1278,1277
1278,1279
1278,1280
1190,1189
605,520
605,1344
1582,1541
1582,1562
693,539
523,1049
523,695
522,477
522,520
522,565
871,546
871,870
871,872
698,1006
698,1091
635,658
635,961
460,763
460,828
828,851
461,960
461,1157
461,1158
960,612
960,959
960,961
1157,700
1157,1155
1157,1158
1158,1138
462,483
462,485
462,1242
483,1201
485,486
485,508
1242,549
1242,1265
486,487
486,509
487,488
487,510
488,489
488,511
489,490
490,772
469,513
469,1037
666,667
666,1103
1037,515
1037,1060
470,1017
470,1101
1017,687
1017,994
1101,687
1038,1061
557,534
557,974
1342,1321
1342,1343
1318,1298
1167,515
1167,600
1365,1386
1451,518
1451,690
1451,1453
582,689
582,647
565,477
565,827
480,765
480,787
765,680
765,766
787,568
787,788
481,1114
1114,1094
1114,1115
505,1198
1201,503
507,506
507,508
507,530
508,509
508,531
509,510
509,532
510,511
510,533
511,534
772,749
772,771
772,795
602,625
602,798
969,970
969,992
1211,536
1211,667
493,643
493,689
493,1103
643,642
643,644
689,712
689,1299
1103,1102
1103,1105
495,1187
495,1144
495,1254
495,1277
1187,1166
1144,1142
1254,1191
1254,1275
1254,1277
1277,1300
692,1298
651,671
807,830
1092,1073
1092,1091
1092,1093
503,872
872,613
567,699
567,962
567,610
1245,1222
1245,1244
1245,1246
506,527
506,529
506,1333
527,528
527,1243
527,1418
529,528
529,530
529,552
1333,723
1333,1310
1333,1506
530,531
530,553
531,532
531,554
532,533
532,555
533,534
533,556
515,691
691,516
516,1191
516,671
1191,600
1191,1062
671,1432
518,1408
1408,648
520,1579
521,609
521,695
609,786
695,1540
1049,1029
1049,1050
1049,1051
524,1178
1178,1177
1178,1179
1178,1155
549,550
549,1398
528,551
528,1311
1243,1220
1243,1244
1243,1266
1418,1417
1418,1419
551,550
551,552
551,574
1311,1288
1311,1310
1311,1334
552,553
552,575
553,554
553,576
554,555
554,577
555,556
556,973
535,665
535,797
535,995
535,599
665,642
665,664
665,798
797,774
797,796
797,820
995,972
995,994
995,1018
599,576
599,598
599,622
536,581
536,1104
581,1212
581,1126
581,1387
1104,1081
1104,1127
1104,1102
820,668
820,843
1299,539
1299,1280
538,1322
538,1189
1322,669
1322,1302
539,604
539,1276
604,1366
604,1279
604,1430
1276,558
1276,1256
737,735
1319,646
1319,1320
715,1562
545,589
545,1070
566,631
589,1048
589,1047
1070,1046
1070,1071
1070,1072
546,656
546,1136
656,657
656,679
656,722
1136,677
1136,700
1136,1116
547,940
547,1224
547,1137
547,1006
940,963
940,918
1224,1223
1224,1225
1224,1205
1137,1118
1137,1138
1006,699
1006,1008
571,550
571,570
571,572
550,573
1398,1379
1398,1399
1398,1400
573,572
573,574
573,596
574,575
574,597
575,576
575,598
576,577
577,622
577,731
973,950
973,972
973,996
974,951
974,975
974,997
558,668
558,1213
668,644
1213,1212
1213,1215
1213,1235
560,646
560,801
646,626
646,1321
801,802
801,800
1540,1518
827,694
631,611
631,694
699,1160
962,939
962,985
568,591
568,916
591,592
591,1112
591,1268
916,939
569,570
569,592
569,722
570,1200
570,1289
592,593
592,615
722,723
1200,1177
1200,1223
1289,1266
1289,1288
1289,1312
572,593
572,595
593,594
593,833
595,594
595,618
595,835
596,597
596,619
596,1417
597,598
597,620
598,621
622,621
622,623
731,709
731,730
731,732
819,796
819,818
819,842
1212,1214
1212,1235
1126,1127
1387,713
1387,1386
647,734
1321,1323
1430,606
1430,1431
1496,1519
1048,1028
1048,1029
1048,1046
1047,1028
1047,1046
590,1004
590,1112
590,1072
1072,612
1072,677
1268,1267
1268,1269
615,594
615,614
615,616
594,617
833,613
833,832
833,834
617,616
617,618
617,640
618,619
618,641
835,640
835,814
835,834
619,620
619,642
1417,1416
1417,1394
620,621
620,1549
621,644
600,1169
600,1060
1169,712
1169,1149
1169,1170
1060,799
1060,1083
1039,714
1039,1062
1061,1084
625,624
625,1081
798,775
798,821
603,1320
603,1344
603,1279
1320,1343
1320,1298
1344,1367
1279,713
1366,712
1366,1343
1366,1389
606,1428
786,677
786,788
611,893
893,870
893,894
612,744
744,723
744,745
744,766
613,614
614,637
614,812
637,616
637,636
637,638
812,682
812,810
812,811
616,639
639,638
639,662
639,1551
640,641
640,663
641,642
641,664
1549,1485
1549,1526
1549,1548
644,1082
623,624
623,1083
624,712
1083,669
1083,1106
1081,687
626,1256
626,734
626,733
1256,1258
734,735
733,732
733,756
714,690
714,1454
896,919
1134,1115
1134,1133
1134,1154
831,830
831,832
1050,1051
658,659
658,681
658,746
636,659
636,789
659,638
659,660
789,788
789,790
789,748
638,661
661,660
661,662
661,684
662,663
662,685
1551,901
1551,1462
1551,1531
663,664
664,752
1082,687
1082,1105
1082,1018
777,776
777,778
777,754
868,867
868,823
655,766
655,894
655,959
766,767
657,1378
657,810
657,1312
679,680
679,702
1378,701
1378,1376
1378,1377
810,809
810,811
681,660
681,680
681,682
746,723
746,769
684,685
684,707
752,729
752,751
752,775
667,1147
1147,1127
1147,1148
1147,1149
669,845
669,1323
845,822
845,844
845,846
1323,1300
1323,1324
1301,1194
1301,1302
1301,1324
800,754
800,757
1432,1455
890,867
890,889
825,802
702,725
702,853
702,1159
682,705
682,1462
705,704
705,706
705,728
1462,1461
1462,1441
706,707
706,729
707,730
709,732
688,755
688,1148
755,732
755,1171
755,735
1148,1149
1148,1150
690,1192
690,1431
1192,1172
1192,1193
1192,1194
1431,1194
1431,1454
1298,1300
1091,1071
1160,1159
1160,1179
700,809
700,899
809,811
809,832
899,898
899,901
899,918
701,724
701,1156
701,1420
724,725
724,1117
1156,1133
1156,1155
1156,1179
1420,1397
1420,1419
1420,1443
725,704
725,726
853,830
853,854
1159,1179
704,727
727,726
727,728
727,750
728,729
728,751
729,730
713,1280
713,1019
1280,1281
1019,996
1019,1018
1019,1020
1454,1455
1454,1477
1562,1541
1498,1499
1498,1521
854,855
854,875
1117,1115
1117,1116
726,749
749,748
749,750
750,751
751,774
756,779
756,1170
756,735
745,768
745,767
745,788
768,767
768,769
768,791
769,748
769,770
748,771
771,770
771,794
774,775
775,776
776,799
1171,1172
1171,1170
779,778
779,802
1170,1345
767,790
790,791
790,813
791,770
791,792
770,793
793,792
793,816
793,794
794,795
794,817
795,796
795,818
799,822
799,754
778,757
813,792
813,814
813,811
792,815
815,814
815,816
815,838
816,817
816,839
817,818
817,840
818,841
821,822
821,844
821,754
822,823
814,837
837,838
837,860
838,839
838,861
839,840
839,862
840,841
840,863
841,842
841,864
842,843
842,865
843,844
843,866
844,867
823,846
851,874
832,834
834,857
857,856
857,876
859,860
859,882
860,861
860,883
861,862
861,884
862,863
862,885
863,864
863,886
864,865
864,887
865,866
865,888
866,867
866,889
846,996
874,875
874,897
875,876
855,856
855,1334
1334,1332
882,883
882,905
883,884
883,906
884,885
884,907
885,886
885,908
886,887
886,909
887,888
887,910
888,889
888,911
889,912
897,920
897,877
897,898
876,877
876,1246
1246,1247
903,902
903,904
903,926
924,925
924,947
924,923
904,905
904,927
905,906
905,928
906,907
906,929
907,908
907,930
908,909
908,931
909,910
909,932
910,911
910,933
911,912
911,934
912,935
919,920
919,918
919,941
920,943
923,902
923,922
901,925
925,926
902,922
902,1011
922,1400
1011,1010
926,927
926,949
927,928
927,950
928,929
928,951
929,930
929,952
930,931
930,953
931,932
931,954
932,933
932,955
933,934
933,956
934,935
934,957
943,966
943,941
1400,1377
1400,1399
947,970
949,950
949,972
950,951
951,952
952,953
952,975
953,954
953,976
954,955
954,977
955,956
955,978
956,957
956,979
963,986
963,1223
963,941
966,967
966,1485
944,967
970,993
975,976
975,998
976,977
976,999
977,978
977,1000
978,979
978,1001
979,1002
985,986
985,1008
985,964
986,987
986,1009
1223,1222
1485,1484
1485,1464
991,992
992,993
993,994
996,997
997,998
997,1020
998,999
999,1000
999,1022
1000,1001
1001,1002
1007,965
1007,988
1008,1031
1008,988
987,1443
987,964
1009,1010
1009,988
1009,1029
1443,1466
1443,1441
1018,1041
1020,1043
1031,1010
1041,1042
1043,1042
1062,1258
1042,1065
1042,1084
1065,1240
1084,1086
1258,1238
1214,1105
1214,1195
1240,1217
1240,1263
1240,1346
1105,1128
1106,1086
1127,1150
1128,1129
1128,1151
1128,1109
1133,1153
1150,1151
1150,1149
1129,1152
1129,1239
1129,1109
1151,1257
1152,1304
1239,1216
1239,1262
1239,1237
1153,1176
1154,1155
1154,1177
1140,1466
1140,1138
1140,1141
1466,1464
1466,1465
1257,1238
1304,1281
1304,1305
1176,1177
1176,1309
1345,1368
1345,1326
1345,1343
1172,1193
1309,1308
1309,1310
1309,1332
1193,1216
1193,1195
1216,1217
1216,1215
1194,1217
1217,1218
1195,1218
1195,1215
1328,1305
1328,1327
1328,1329
1244,1267
1225,1226
1225,1205
1226,1249
1226,1205
1249,1248
1249,1247
1237,1236
1237,1238
1262,1263
1262,1285
1262,1261
1263,1264
1263,1286
1346,1327
1346,1367
1346,1388
1264,1265
1264,1287
1265,1266
1265,1288
1266,1267
1247,1248
1247,1267
1248,1228
1285,1284
1285,1286
1285,1308
1286,1287
1286,1505
1287,1288
1287,1310
1300,1302
1281,1282
1281,1519
1282,1305
1282,1261
1519,1542
1284,1307
1284,1261
1307,1308
1307,1330
1308,1331
1505,1482
1505,1504
1505,1506
1324,1325
1324,1347
1326,1325
1326,1327
1329,1330
1329,1352
1330,1331
1330,1353
1331,1332
1331,1354
1325,1261
1347,1370
1347,1327
1352,1353
1353,1354
1353,1376
1354,1355
1354,1377
1506,1507
1506,1529
1358,1381
1367,1368
1367,1390
1368,1391
1370,1371
1370,1393
1349,1371
1349,1372
1373,1372
1373,1374
1373,1396
1374,1397
1376,1377
1355,1336
1355,1357
1357,1380
1357,1337
1380,1379
1381,1379
1389,1388
1389,1390
1389,1412
1390,1391
1390,1413
1391,1392
1391,1414
1392,1393
1392,1371
1371,1372
1393,1394
1393,1416
1372,1395
1395,1394
1395,1396
1395,1397
1396,1419
1388,1411
1388,1386
1411,1412
1411,1434
1411,1409
1412,1413
1412,1435
1413,1414
1413,1436
1414,1437
1394,1416
1434,1435
1434,1457
1435,1436
1435,1458
1436,1437
1436,1459
1437,1438
1437,1460
1438,1461
1455,1456
1455,1478
1456,1457
1456,1479
1457,1458
1457,1480
1458,1459
1458,1481
1459,1460
1459,1482
1460,1461
1460,1483
1461,1484
1440,1421
1440,1441
1477,1478
1477,1500
1478,1479
1478,1501
1479,1480
1479,1502
1480,1481
1480,1503
1481,1482
1481,1504
1482,1483
1483,1484
1483,1528
1499,1500
1499,1522
1500,1501
1500,1523
1501,1502
1501,1524
1502,1503
1502,1525
1503,1504
1503,1526
1504,1527
1528,1527
1528,1529
1528,1530
1521,1522
1521,1544
1522,1523
1522,1545
1523,1524
1523,1546
1524,1525
1524,1547
1525,1526
1525,1548
1526,1527
1507,1486
1529,1530
1542,1543
1542,1518
1543,1544
1544,1545
1545,1546
1546,1547
1547,1548
898,918
964,965
965,988
1028,1029
1036,1056
1071,1073
1086,1088
1086,1109
1088,1109
1093,1094
1094,1096
1098,1118
1115,1116
1116,1118
1118,1138
1141,1142
1142,1163
1180,1181
1180,1202
1180,1203
1181,1183
1181,1202
1183,1203
1183,1204
1202,1203
1202,1204
1203,1204
1215,1235
1235,1236
1236,1238
1269,1290
1290,1291
1290,1292
1290,1313
1291,1292
1291,1313
1336,1337
1379,1399
1421,1422
1421,1423
1421,1441
1422,1423
1423,1425
1444,1464
1444,1465
1464,1465
1465,1467
1467,1468
1467,1486
1468,1470
1470,1489
1489,1490
1489,1491
1490,1491
1490,1511
1491,1511
1518,1541
1530,1531
1530,1532
1531,1532
1554,1555
1575,1576
