0,758
0,1583
0,1387
0,692
758,694
758,1367
758,1473
1583,196
1583,519
1583,607
1387,670
1387,693
1387,803
692,669
692,1211
692,1323
1,24
1,131
1,823
1,1040
24,47
24,1063
24,1085
131,110
131,262
131,1023
823,87
823,822
823,1280
1040,996
1040,1017
1040,1041
2,3
2,25
2,1064
2,1563
3,4
3,26
3,1564
25,48
25,1174
25,1563
1064,1041
1064,1065
1064,1087
1563,1152
1563,1564
4,5
4,27
4,1565
26,49
26,1173
26,1219
1564,45
1564,1565
5,28
5,1351
5,1566
27,28
27,50
27,1196
1565,1542
1565,1566
28,29
28,51
1351,1350
1351,1352
1351,1374
1566,1543
1566,1567
6,7
6,29
6,1439
6,1567
7,8
7,30
7,1568
29,30
29,52
1439,549
1439,1438
1439,1440
1567,1544
1567,1568
8,9
8,31
8,1569
30,31
30,53
1568,1545
1568,1569
9,10
9,32
9,1570
31,54
31,703
1569,1546
1569,1570
10,11
10,1550
10,1571
32,55
32,165
32,879
1570,575
1570,1547
11,747
11,923
11,989
1550,1332
1550,1527
1550,1573
1571,1396
1571,1507
1571,1548
747,724
747,726
747,746
923,143
923,230
923,900
989,34
989,167
989,987
12,836
12,901
12,1442
12,1573
836,837
836,857
836,859
901,880
901,925
901,1033
1442,33
1442,637
1442,1419
1573,987
1573,1397
13,1163
13,1250
13,1532
13,1206
1163,1161
1163,1164
1163,1165
1250,1248
1250,1249
1250,1269
1532,1530
1532,1531
1532,1533
1206,964
1206,1204
1206,1205
14,80
14,1443
14,1032
14,1400
80,1357
80,1578
80,1162
1443,35
1443,963
1443,1420
1032,964
1032,1012
1032,1030
1400,35
1400,79
1400,1377
15,1251
15,1357
15,1010
15,1381
1251,57
1251,166
1251,212
1357,855
1357,1337
1010,1009
1010,1011
1010,1008
1381,212
1381,1358
1381,1380
16,1272
16,1274
16,234
16,1467
1272,78
1272,170
1272,387
1274,1294
1274,1296
1274,1297
234,211
234,1231
234,1339
1467,1465
1467,1466
1467,1468
17,1468
17,1514
17,541
17,1426
1468,122
1468,1469
1514,256
1514,366
1514,1513
541,324
541,584
541,717
1426,106
1426,126
1426,1445
18,258
18,37
18,1494
18,257
258,39
258,256
258,281
37,1186
37,1074
37,1340
1494,300
1494,322
1494,649
257,388
257,1470
257,1359
19,62
19,322
19,671
19,652
62,386
62,410
62,409
322,190
322,1316
671,694
671,1452
671,1366
652,64
652,390
652,672
20,412
20,280
20,542
20,107
412,192
412,196
412,433
280,347
280,1534
280,409
542,105
542,454
542,738
107,474
107,366
107,475
21,1410
21,696
21,259
21,500
1410,716
1410,799
1410,803
696,564
696,676
696,741
259,61
259,606
259,344
500,567
500,501
500,719
22,783
22,848
22,1023
22,1498
783,760
783,782
783,804
848,263
848,847
848,849
1023,1022
1023,1024
1498,1475
1498,1499
1498,1521
23,46
23,1021
23,1107
23,1260
46,45
46,47
46,69
1021,998
1021,1020
1021,1022
1107,1084
1107,1106
1107,1259
1260,1237
1260,1283
1260,1261
47,48
47,70
1063,1061
1063,1084
1063,1086
1085,1062
1085,1108
1085,1130
48,49
48,71
1174,1151
1174,1197
1174,1172
49,50
49,72
1173,1172
1173,1196
1173,1171
1219,286
1219,1218
1219,1220
50,51
50,73
1196,156
1196,1328
51,52
51,74
52,53
52,75
53,54
53,76
54,55
54,77
703,680
703,683
703,704
55,56
55,251
165,142
165,187
165,188
879,684
879,858
879,878
33,858
33,1033
33,1463
858,317
858,859
1033,145
1033,296
1463,441
1463,1440
1463,1484
34,946
34,1356
34,1444
946,382
946,947
946,967
1356,35
1356,876
1356,1355
1444,811
1444,1423
1444,1446
35,1185
1185,253
1185,965
1185,1184
36,988
36,1575
36,964
36,1228
988,943
988,945
988,1120
1575,1574
1575,1576
1575,1577
964,1422
1228,1207
1228,1227
1228,1230
1186,59
1186,1166
1186,1184
1074,1053
1074,1054
1074,1072
1340,59
1340,149
1340,364
38,1516
38,123
38,1425
38,1449
1516,85
1516,303
1516,717
123,100
123,122
123,146
1425,104
1425,125
1425,1404
1449,1447
1449,1469
1449,1471
39,565
39,1581
39,475
565,345
565,805
565,1559
1581,607
1581,627
1581,631
475,1579
475,496
40,388
40,476
40,367
40,563
388,452
388,1404
476,194
476,1429
476,520
367,519
367,1493
367,674
563,543
563,631
563,737
41,1515
41,65
41,454
41,217
1515,104
1515,498
1515,1513
65,1497
65,1474
65,433
454,171
454,1580
217,216
217,218
217,237
42,347
42,498
42,759
42,1539
347,479
347,675
498,1450
498,1493
759,195
759,736
759,1474
1539,130
1539,561
1539,626
43,804
43,564
43,760
43,1453
804,718
804,803
564,346
564,477
760,282
760,1453
1453,673
1453,1433
44,1474
44,1042
44,1561
44,1518
1474,1473
1042,1041
1042,1043
1042,1065
1561,130
1561,604
1561,718
1518,736
1518,1517
1518,1538
45,68
45,1475
68,67
68,69
68,91
1475,778
1475,800
69,70
69,92
70,71
70,93
71,72
71,94
72,73
72,95
73,74
73,96
74,75
74,97
75,76
75,98
76,77
76,99
77,100
77,1509
56,57
56,79
56,1076
251,250
251,252
251,274
57,1208
57,1508
79,102
79,1227
1076,101
1076,211
1076,275
1208,166
1208,167
1208,275
1508,615
1508,1507
1508,1506
58,81
58,1142
58,922
58,1533
81,82
81,1119
81,1557
1142,385
1142,1140
1142,1144
922,902
922,921
922,1248
1533,102
1533,1531
59,1120
59,1379
1120,233
1120,966
1379,898
1379,944
1379,1378
60,102
60,1445
60,410
60,1380
102,1469
1445,945
1445,1423
410,389
410,583
1380,190
1380,1378
61,1470
61,518
61,1229
1470,106
1470,411
518,84
518,281
518,1558
1229,233
1229,297
1229,365
386,385
386,387
386,1558
409,385
409,582
63,64
63,151
63,738
63,283
64,1582
64,1495
151,150
151,152
151,170
738,66
738,650
283,128
283,281
283,741
1582,282
1582,477
1582,716
1495,497
1495,649
1495,1496
1497,108
1497,153
1497,1517
433,304
433,1491
66,67
66,89
66,824
67,90
67,1108
89,88
89,90
89,112
824,196
824,846
824,1454
90,91
90,113
1108,157
1108,1131
91,92
91,114
92,93
92,115
93,94
93,116
94,95
94,117
95,96
95,118
96,97
96,119
97,98
97,120
98,99
98,121
99,100
99,900
100,1358
1509,854
1509,1507
1509,1510
78,1574
78,1554
78,945
1574,1552
1574,1572
1554,1552
1554,1553
1554,1556
945,944
1227,1207
1227,1225
1578,343
1578,1576
1162,965
1162,1160
1162,1161
82,1580
82,1406
82,1341
1119,920
1119,1117
1119,1118
1557,1556
1557,1576
1557,1577
1580,431
1580,672
1406,169
1406,428
1406,629
1341,211
1341,583
1341,1319
83,236
83,344
83,1382
83,587
236,562
236,1472
236,631
344,85
344,562
1382,1383
1382,1401
1382,1402
587,502
587,650
587,782
84,695
84,215
84,128
695,86
695,390
695,606
215,169
215,369
215,411
128,370
128,432
85,782
85,562
782,781
562,608
86,1537
86,1430
86,1560
1537,194
1537,390
1537,411
1430,584
1430,603
1430,1431
1560,282
1560,561
1560,586
87,825
87,868
87,1541
825,195
825,802
825,826
868,802
868,867
868,869
1541,88
1541,713
1541,847
88,109
88,805
109,218
109,392
109,717
805,371
805,436
112,111
112,113
112,135
113,114
113,136
114,115
114,137
115,116
115,138
116,117
116,139
117,118
117,140
118,119
118,141
119,120
119,142
120,121
120,143
121,122
121,232
900,877
900,1376
1358,1335
1358,1337
101,902
101,145
101,1098
902,231
902,903
145,146
145,1577
1098,362
1098,1097
1098,1118
1469,149
103,192
103,213
103,1490
103,1253
192,1338
192,1512
213,212
213,214
213,235
1490,1489
1490,1491
1490,1510
1253,279
1253,471
1253,560
104,1317
104,1555
1317,210
1317,297
1317,340
1555,298
1555,1535
1555,1553
105,1316
105,216
105,453
1316,209
1316,1314
216,193
216,826
453,127
453,1209
453,607
106,346
106,521
346,127
346,260
521,588
521,650
521,697
474,364
474,389
474,472
366,605
366,1448
108,391
108,173
108,544
391,260
391,720
391,457
173,150
173,761
173,478
544,239
544,413
544,654
218,219
218,869
392,415
392,762
392,961
717,827
110,111
110,133
110,1131
111,134
111,1283
133,132
133,134
133,156
1131,267
1131,1154
134,135
134,157
1283,1282
1283,1284
135,136
135,158
136,137
136,159
137,138
137,160
138,139
138,161
139,140
139,162
140,141
140,163
141,142
141,164
142,143
143,990
122,164
232,231
232,233
232,1207
164,163
164,187
146,147
146,1556
124,1362
124,387
124,1052
124,1492
1362,255
1362,365
1362,1363
387,302
1052,1031
1052,1050
1052,1051
1492,411
1492,517
1492,606
125,1296
125,1360
125,300
1296,1294
1296,1315
1360,149
1360,1359
1360,1361
300,1339
300,1338
126,456
126,1534
126,303
456,370
456,606
456,651
1534,254
1534,1535
303,348
303,872
127,278
127,149
278,277
278,279
278,496
370,260
370,873
432,1491
432,1405
432,1318
129,389
129,171
129,435
129,413
389,343
171,323
171,740
435,566
435,786
435,763
413,196
413,697
130,609
130,737
609,523
609,718
609,651
737,455
737,757
262,263
262,437
262,478
132,153
132,892
132,1045
153,152
153,607
892,416
892,891
892,893
1045,176
1045,1022
1045,1044
156,179
156,1067
157,180
157,1259
158,159
158,181
158,1130
159,160
159,182
160,161
160,183
161,162
161,184
162,163
162,185
163,186
990,991
990,1011
990,1013
144,987
144,166
144,1100
144,1466
987,986
166,188
1100,318
1100,407
1100,452
1466,1464
1466,1465
1577,298
147,170
147,235
147,1402
1556,1535
170,193
235,1273
235,1318
1402,1383
1402,1401
148,323
148,1252
148,1493
148,194
323,630
323,473
1252,254
1252,342
1252,1275
1493,172
194,1579
150,1427
150,1472
1427,276
1427,368
1427,539
1472,324
1472,538
152,545
152,238
545,633
545,742
545,761
238,237
238,239
238,610
154,155
154,177
154,1154
154,1175
155,178
155,1369
155,1415
177,176
177,178
177,200
1154,483
1154,1155
1175,1152
1175,1176
1175,1198
178,179
178,201
1369,1368
1369,1370
1369,1392
1415,1414
1415,1416
1415,1438
179,180
179,202
1067,1066
1067,1198
1067,1086
180,181
180,203
1259,801
1259,1258
181,182
181,204
1130,1153
1130,1109
182,183
182,205
183,184
183,206
184,185
184,207
185,186
185,208
186,187
186,686
187,210
188,211
188,1013
167,209
167,1314
209,208
209,210
1314,1313
1314,1315
168,1336
168,1295
168,1143
168,1361
1336,921
1336,1337
1336,1338
1295,169
1295,191
1295,1384
1143,340
1143,430
1143,472
1361,430
1361,1359
169,520
520,304
520,390
193,1383
193,369
740,457
740,458
740,829
172,195
172,477
172,589
195,632
477,522
589,697
589,610
589,1113
761,499
761,628
478,524
478,633
174,175
174,197
174,240
174,849
175,828
175,1024
175,1520
197,176
197,827
197,1066
240,239
240,241
240,826
849,305
849,826
828,765
828,829
828,851
1024,525
1024,1001
1520,1519
1520,1521
1520,1543
176,958
958,935
958,957
958,959
200,199
200,201
200,223
201,202
201,224
202,203
202,225
203,204
203,226
204,205
204,227
205,206
205,228
206,207
206,229
207,208
207,967
208,339
686,533
686,597
686,709
210,233
1013,382
1013,425
189,1141
189,1488
189,298
189,253
1141,212
1141,1121
1141,1139
1488,811
1488,1487
1488,1489
298,1034
253,252
253,254
190,1511
190,1099
1511,1510
1511,1512
1511,1513
1099,429
1099,1079
1099,1097
191,214
191,321
191,1338
214,237
214,434
321,1315
321,408
321,497
1512,1510
1512,1513
1383,1385
369,630
369,718
1579,255
1579,408
632,261
632,481
632,1004
827,460
827,720
1066,1043
1066,1065
198,199
198,219
198,980
198,1111
199,1110
199,1284
219,261
219,915
980,957
980,979
980,981
1111,220
1111,483
1111,936
1110,1087
1110,1133
1110,1088
1284,1285
1284,1307
223,222
223,224
223,246
224,225
224,247
225,226
225,248
226,227
226,249
227,228
227,250
228,229
228,880
229,230
229,252
967,966
967,968
339,316
339,338
339,340
237,1535
434,325
434,784
434,1536
869,284
869,870
261,368
261,781
915,285
915,656
915,916
220,221
220,241
220,243
221,222
221,265
221,1044
241,871
241,1132
243,242
243,244
243,266
222,244
222,245
265,264
265,266
265,288
1044,1043
1044,1087
244,245
244,1199
245,246
245,268
246,247
246,269
247,248
247,270
248,249
248,271
249,250
249,272
250,273
880,881
880,924
230,231
230,535
252,773
231,295
535,405
535,797
535,995
295,294
295,296
295,512
1207,1226
1231,427
1231,1230
1231,1232
1339,301
1339,496
1273,340
1273,363
1273,1271
1318,406
1318,1319
631,785
239,654
610,809
610,830
654,653
654,982
871,546
871,870
871,872
1132,307
1132,397
1132,439
242,263
242,395
242,936
263,305
395,372
395,374
395,396
936,913
936,935
266,267
266,289
1199,1198
1199,1200
1199,1222
268,267
268,269
268,291
269,270
269,292
270,271
270,293
271,272
271,294
272,273
272,968
273,274
273,296
274,275
274,579
773,750
773,774
773,796
254,256
256,279
255,1140
255,1187
1140,1121
1140,1139
1187,1166
1187,1188
1187,1189
279,302
1359,1337
281,673
260,697
368,762
368,543
781,629
781,780
437,415
437,526
437,1133
305,306
305,328
264,285
264,287
264,482
285,284
285,1087
287,286
287,288
287,310
482,459
482,483
482,505
288,289
288,311
267,290
289,290
289,312
290,291
290,313
291,292
291,314
292,293
292,315
293,294
293,316
294,317
968,969
968,991
296,297
275,276
579,556
579,602
579,819
276,277
276,1165
277,299
277,1078
1165,1144
1165,1164
299,540
299,319
299,451
1078,361
1078,469
1078,538
496,583
302,304
302,325
673,1429
673,694
282,741
741,1046
284,981
284,1026
981,306
981,526
1026,393
1026,1025
1026,1158
286,307
286,1242
307,306
307,393
1242,462
1242,549
1242,1241
310,309
310,311
310,333
311,312
311,334
312,313
312,335
313,314
313,336
314,315
314,337
315,316
315,338
316,317
317,383
512,489
512,511
512,753
297,1384
1384,583
1384,584
1034,428
1034,471
1034,515
540,517
540,1496
540,1536
319,514
319,470
319,538
451,1448
451,1342
451,1473
301,324
301,1403
301,365
324,1405
1403,1401
1403,1404
1403,1405
365,1320
304,566
325,326
325,348
348,349
348,371
872,503
872,961
566,829
566,807
306,329
328,327
328,329
328,675
329,308
329,330
393,416
393,852
308,309
308,331
308,1306
309,332
309,1416
331,330
331,332
331,354
1306,1305
1306,1307
1306,1329
332,333
332,355
1416,1393
1416,1417
333,334
333,356
334,335
334,357
335,336
335,358
336,337
336,359
337,338
337,360
338,361
383,382
383,384
383,1080
318,1210
318,341
318,1121
1210,492
1210,712
1210,1188
341,560
341,1363
341,1056
1121,1122
514,1146
514,1235
514,1123
470,1212
470,516
470,1080
538,1035
320,1189
320,1447
320,408
320,1056
1189,430
1189,515
1447,1446
1447,1448
408,1450
1056,1054
1056,1055
1315,1335
497,604
497,1297
630,762
630,715
473,427
473,1321
473,1230
1405,519
326,327
326,698
326,785
327,350
327,458
698,853
698,940
698,1090
785,700
785,807
350,349
350,351
350,373
458,787
458,547
675,851
675,719
330,351
330,353
351,1197
351,1241
353,352
353,354
353,376
354,355
354,377
355,356
355,378
356,357
356,379
357,358
357,380
358,359
358,381
359,360
359,578
360,491
360,710
361,381
361,881
560,431
560,1211
1363,1343
1363,1364
342,539
342,1077
342,1536
539,714
539,1452
1077,1057
1077,1075
1077,1096
1536,585
343,1446
343,345
1446,1448
345,455
345,519
455,1428
455,716
479,543
479,719
479,524
349,372
349,830
371,394
371,895
372,373
372,1003
830,831
830,963
373,352
373,374
1197,1153
1197,1220
1241,1218
1241,1264
352,375
352,1000
375,376
375,398
375,1089
1000,977
1000,999
1000,1001
376,377
376,399
377,378
377,400
378,379
378,401
379,380
379,402
380,381
380,403
381,404
578,555
578,776
578,1038
491,490
491,602
491,667
710,733
710,755
710,1060
881,882
881,904
362,1166
362,559
362,1209
1166,1167
559,1169
559,647
559,1232
1209,429
1209,1188
363,1164
363,1277
363,1059
1164,1144
1277,1255
1277,1256
1277,1298
1059,1057
1059,1058
1059,1079
364,1276
364,1471
1276,494
1276,558
1276,604
1471,429
1471,1473
1320,494
1320,628
1320,646
605,517
605,584
605,1366
674,414
674,586
674,1559
762,629
543,585
873,502
873,611
873,1137
394,417
394,893
394,916
895,635
895,894
895,896
1003,569
1003,613
1003,1002
374,397
374,484
397,398
397,420
484,485
484,505
484,507
398,399
398,421
1089,438
1089,526
1089,1112
399,400
399,422
400,401
400,423
401,402
401,424
402,403
402,425
403,404
403,708
404,687
404,1012
382,469
469,468
469,665
384,385
384,1012
384,1144
1080,405
1080,756
1012,1011
1558,499
1558,586
452,581
452,1190
1404,1424
720,1113
720,722
457,567
457,653
415,1134
415,1005
961,1115
961,1049
416,438
416,439
852,677
852,875
852,1047
417,418
417,937
417,1025
893,870
893,894
916,939
916,1068
396,419
396,1221
396,1350
419,418
419,420
419,442
1221,1220
1221,1222
1221,1244
1350,1349
1350,1373
420,421
420,443
421,422
421,444
422,423
422,445
423,424
423,446
424,425
424,447
425,601
708,685
708,707
708,709
687,598
687,624
687,820
405,534
405,1147
534,511
534,599
534,903
1147,495
1147,580
1147,1126
406,1101
406,1145
406,1297
1101,493
1101,536
1101,1102
1145,449
1145,581
1145,625
1297,450
407,516
407,1014
407,1035
516,1036
516,1365
1014,601
1014,668
1014,991
1035,689
1035,1036
1450,472
1450,627
582,1275
582,1344
582,603
414,676
414,1069
414,567
676,1091
676,739
1069,784
1069,962
1069,1068
567,1004
1134,743
1134,1114
1134,1136
1005,1007
1005,1027
1005,1029
438,548
438,1136
439,418
439,440
418,441
937,524
937,914
937,938
1025,1002
1025,1068
441,442
441,464
442,443
442,465
443,444
443,466
444,445
444,467
445,446
445,468
446,447
446,683
447,711
447,994
601,1039
601,1061
426,1015
426,688
426,1103
426,1037
1015,711
1015,798
1015,992
688,646
688,1149
688,1212
1103,515
1103,1102
1103,1104
1037,777
1037,1036
1037,1039
427,1255
427,1168
1255,1256
1255,1278
1168,648
1168,713
1168,1149
428,1055
428,1211
1055,1053
1055,1054
1211,537
429,1428
1428,495
1428,628
430,628
431,561
431,1452
561,735
1452,629
1491,1489
784,611
784,983
786,481
786,1159
786,1028
763,678
763,983
763,764
436,459
436,960
436,940
459,635
459,806
960,723
960,853
960,959
940,460
940,1006
526,549
1133,461
1133,1156
548,525
548,571
548,701
1136,789
1136,1137
440,463
440,1112
440,1375
463,462
463,464
463,486
1112,677
1112,1135
1375,1352
1375,1374
1375,1376
464,465
464,487
465,466
465,488
466,467
466,489
467,468
467,490
468,794
683,660
683,706
711,778
711,1190
994,993
994,995
994,1017
448,643
448,665
448,732
448,493
643,576
643,600
643,731
665,642
665,798
732,709
732,778
732,1280
493,492
493,1254
449,1146
449,1122
449,1234
1146,513
1146,1125
1122,1123
1122,1124
1234,494
1234,537
1234,624
450,581
450,731
450,1278
581,1279
731,730
731,754
1278,667
1278,714
1342,780
1342,1322
1342,1343
1190,1188
1190,1191
716,739
651,585
651,1540
653,481
653,1004
787,612
787,721
787,788
547,700
547,914
547,591
635,503
635,658
806,807
806,850
806,913
460,1048
460,611
1048,502
1048,568
1048,700
611,1071
461,1179
461,1223
461,568
1179,938
1179,1156
1179,1178
1223,612
1223,917
1223,1222
568,939
568,810
462,483
462,485
485,486
485,508
486,487
486,509
487,488
487,510
488,489
488,511
489,490
490,772
794,771
794,795
794,817
1212,536
1212,1213
471,537
471,1016
537,1082
1016,666
1016,993
1016,1039
472,1167
1167,645
1167,1169
1321,1299
1321,1319
1321,1322
1230,1232
1429,1386
1429,1409
522,938
522,523
522,1004
524,723
633,502
633,721
719,501
480,591
480,743
480,850
480,897
591,592
591,874
743,1334
743,1093
850,525
850,655
897,874
897,877
897,943
481,1047
1047,634
1047,941
505,702
505,1245
507,506
507,508
507,530
508,509
508,531
509,510
509,532
510,511
510,533
772,749
772,771
772,795
602,517
602,625
667,1038
667,1170
492,969
492,1082
969,555
969,970
1082,513
1082,1105
1254,494
1254,689
1254,1233
495,515
495,1408
1408,690
1408,1386
1408,1409
604,1192
499,501
499,649
501,586
649,736
503,525
503,959
959,612
504,1198
504,1092
504,1028
504,1091
1092,808
1092,939
1092,1093
1028,810
1028,851
1091,723
1091,832
702,679
702,725
702,857
1245,854
1245,1222
1245,1246
506,527
506,529
506,1333
527,528
527,1243
527,1418
529,528
529,530
529,552
1333,722
1333,1310
1333,1506
530,531
530,553
531,532
531,554
532,555
532,1549
533,556
533,620
753,730
753,776
753,1017
513,600
513,948
600,556
600,820
948,925
948,947
948,949
1235,1214
1235,1215
1235,1233
1123,1104
1123,1125
1036,645
1365,1364
1365,1366
1365,1385
588,523
588,742
588,608
650,608
938,896
523,918
918,1157
918,1072
918,1201
723,746
549,550
528,551
528,1246
1243,1220
1243,1244
1243,1266
1418,1417
1418,1419
1418,1394
551,550
551,552
551,574
1246,876
1246,1135
552,553
552,575
553,554
553,576
554,555
554,577
1549,620
1549,1526
1549,1548
556,973
620,619
620,621
599,576
599,622
599,644
903,904
903,926
797,774
797,796
797,820
995,972
995,1018
536,1102
536,1124
1102,646
1124,580
1124,1104
714,1476
714,1389
1496,846
1496,1519
585,627
742,917
742,1046
546,656
546,831
546,874
656,679
656,789
831,832
831,1070
874,851
700,1202
914,891
914,913
571,550
571,572
571,1417
701,724
701,856
701,1156
550,573
573,572
573,574
573,596
574,575
574,597
575,576
577,622
577,642
577,775
973,950
973,972
973,996
557,625
557,729
557,1079
557,971
625,624
729,706
729,728
729,752
1079,1058
971,623
971,970
971,972
558,1058
558,1275
558,1060
1058,1057
1275,648
1060,626
1060,1083
1169,1149
1169,1150
647,802
647,1279
647,1081
1232,1233
735,1084
735,1344
735,1236
608,739
1559,693
1559,1538
829,766
807,982
939,962
810,634
810,812
569,570
569,592
569,894
570,1200
570,1332
570,983
592,593
592,615
894,655
1200,657
1200,680
1332,1309
1332,1331
983,1006
572,593
572,595
1417,596
593,594
593,833
595,594
595,618
595,835
596,597
596,619
597,598
622,621
622,623
642,619
642,641
775,752
775,754
775,798
776,777
776,799
1038,644
1038,1061
819,796
819,818
819,842
580,1322
580,1148
1322,1343
1148,603
1148,1126
1148,1127
1279,736
1279,1256
1344,757
1344,1367
603,645
627,1407
1113,636
1113,722
590,678
590,1159
590,982
590,764
678,1138
678,1090
1159,875
1159,1139
982,917
764,677
764,1068
615,594
615,616
594,617
833,613
833,834
833,1267
617,616
617,618
617,640
618,619
618,641
835,640
835,814
835,834
598,621
598,793
621,730
793,770
793,792
793,816
644,709
644,1170
820,843
1039,1062
1061,1084
645,1057
1192,1191
1192,1193
1192,1194
1366,1364
739,694
809,1051
809,1180
809,1049
1071,614
1071,898
1071,1070
612,1202
1202,677
1202,1182
613,614
613,1244
614,637
614,1135
1244,745
637,616
637,638
1135,636
616,639
639,638
639,662
639,1398
640,641
640,663
641,664
730,707
623,624
623,1083
1083,754
1083,1106
626,668
626,1081
668,713
668,1388
1081,691
1081,712
1407,690
1407,715
1407,1386
715,1385
715,1451
721,1049
721,1006
634,722
634,1046
1046,765
658,659
658,681
658,746
636,659
636,1289
659,638
659,660
1289,1266
1289,1288
1289,1312
638,661
661,660
661,662
661,684
662,663
662,685
1398,1399
1398,1420
1398,1421
663,664
663,1528
664,685
664,752
1170,691
1170,1345
646,1258
1258,1062
1258,1238
802,779
648,1432
648,1451
1432,803
1432,1433
1432,1455
1451,690
1451,1409
1540,693
1540,1517
1540,1538
672,890
672,757
655,766
655,853
766,767
766,1030
853,854
679,680
679,1158
789,788
789,790
657,1178
657,1376
657,985
1178,765
1178,1177
1376,1353
985,896
985,962
985,986
681,660
681,680
681,682
746,769
684,685
684,707
1528,1483
1528,1527
1528,1529
752,751
798,821
666,774
666,974
666,1017
774,751
974,951
974,975
974,997
713,670
1388,777
1388,1389
1388,1411
669,845
669,1257
669,1300
845,822
845,844
845,846
1257,689
1257,756
1257,1151
1300,1298
1300,1299
1300,1302
670,1562
670,734
734,1323
734,1213
734,1233
890,867
890,889
890,891
757,1128
1138,941
1138,1137
1138,1139
1090,1070
1090,1088
1158,745
1158,917
682,705
682,1377
682,1462
705,704
705,706
705,728
1377,745
1377,1354
1462,813
1462,1461
1462,1551
706,707
1149,1150
689,1106
1106,1086
690,1302
1302,1301
1302,1303
691,1127
691,1193
1127,1125
1127,1126
1193,1216
1193,1191
1323,801
1323,1324
693,1431
1431,1194
1431,1454
699,1094
699,1093
699,1116
699,984
1094,921
1094,1093
1094,1095
1116,1114
1116,1117
1116,1118
984,899
984,1117
984,1226
724,725
724,1355
856,855
856,857
856,878
1156,1155
725,704
725,726
857,834
704,727
727,726
727,728
727,750
728,751
733,756
733,800
733,992
755,1019
755,1105
755,1236
778,779
712,1298
712,777
1298,1299
1476,801
1476,1477
1476,1499
1389,1390
1389,1412
1385,1364
1049,875
1006,808
1355,1354
1355,1378
726,749
749,748
749,750
750,751
754,1018
1280,1281
1280,1256
756,779
800,1324
800,1062
992,991
992,993
1213,1214
1213,1215
1236,1237
1236,1238
1334,855
1334,1311
1334,1335
744,1157
744,1007
744,1115
744,1399
1157,1155
1157,1177
1007,788
1007,1008
1115,1095
1115,1114
1399,942
1399,1401
745,768
768,767
768,769
768,791
769,748
769,770
748,771
748,924
771,770
924,925
924,947
1018,1019
1018,1041
1019,996
1019,1020
1105,1128
1105,1104
779,780
1128,1129
1128,1151
1367,1368
1367,1390
765,832
832,834
767,790
767,1311
1030,1029
1030,1031
790,791
790,813
1311,1288
1311,1310
791,770
791,792
795,796
795,818
799,822
799,1301
780,1301
1301,1194
788,1265
1265,1264
1265,1266
1265,1288
813,792
813,1485
792,815
815,814
815,816
815,838
816,817
816,839
817,818
817,840
818,841
821,822
821,844
821,1411
1324,1325
1324,1347
801,1237
1237,1238
913,912
808,1027
808,1201
1027,1029
1027,1050
1201,941
1201,1177
1051,1031
1051,1050
1180,1160
1180,1161
1180,1181
812,1224
812,1226
812,1075
811,1312
811,919
1312,1335
1312,1290
919,896
919,920
919,1421
1224,1203
1224,1204
1224,1225
1226,1225
1075,942
1075,1073
1485,966
1485,1484
1485,1441
814,837
814,1551
837,838
837,860
1551,1529
1551,1530
838,839
838,861
839,840
839,862
840,841
840,863
841,842
841,864
842,843
842,865
843,844
843,866
844,867
1411,1412
1411,1434
846,847
1454,1455
1454,1477
963,944
963,1114
1070,1072
1267,962
1267,1266
1267,1247
859,860
859,882
860,861
860,883
861,862
861,884
862,863
862,885
863,864
863,886
864,865
864,887
865,866
865,888
866,867
866,889
847,870
875,876
854,941
855,878
878,877
882,883
882,905
883,884
883,906
884,885
884,907
885,886
885,908
886,887
886,909
887,888
887,910
888,889
888,911
889,912
1137,898
876,877
904,905
904,927
905,906
905,928
906,907
906,929
907,908
907,930
908,909
908,931
909,910
909,932
910,911
910,933
911,912
911,934
912,935
891,1542
1542,1519
1542,1543
943,966
943,986
898,1486
1486,1441
1486,1464
1486,1487
899,1313
899,1096
899,1487
1313,944
1313,1293
1096,1095
1096,1097
1487,1489
925,926
926,927
926,949
927,928
927,950
928,929
928,951
929,930
929,952
930,931
930,953
931,932
931,954
932,933
932,955
933,934
933,956
934,935
934,957
1072,1073
920,921
920,1421
1421,1422
1248,1247
1248,1249
947,970
949,950
949,972
950,951
951,952
952,953
952,975
953,954
953,976
954,955
954,977
955,956
955,978
956,957
956,979
942,1205
942,1073
1205,1203
1205,1204
1073,1053
986,1009
970,993
975,976
975,998
976,977
976,999
977,978
978,979
978,1001
979,1002
1422,1423
1422,1424
965,1183
965,1424
1183,1181
1183,1182
1183,1184
1424,1423
996,997
997,998
997,1020
998,999
999,1022
1001,1002
1117,1118
1009,1008
1009,1011
1020,1043
1065,1240
1240,1217
1240,1263
1240,1346
1129,1152
1129,1239
1129,1109
1151,1109
1152,1304
1239,1216
1239,1262
1239,1238
1153,1176
1153,1155
1304,1281
1304,1305
1304,1303
1176,1177
1176,1309
1345,1368
1345,1326
1345,1343
1171,1172
1171,1150
1171,1191
1172,1150
1309,1308
1309,1310
1216,1217
1216,1195
1194,1217
1217,1218
1195,1218
1195,1214
1195,1215
1328,1305
1328,1327
1328,1329
1262,1263
1262,1285
1262,1261
1263,1264
1263,1286
1346,1327
1346,1347
1346,1348
1264,1287
1285,1286
1285,1308
1286,1287
1286,1505
1287,1288
1287,1310
1281,1282
1281,1519
1282,1305
1282,1261
1307,1308
1307,1330
1308,1331
1505,1482
1505,1504
1505,1506
1303,1326
1303,1261
1326,1325
1326,1327
1329,1330
1329,1352
1330,1331
1330,1353
1331,1354
1325,1348
1325,1327
1347,1370
1347,1348
1348,1349
1352,1353
1353,1354
1506,1507
1368,1391
1370,1371
1370,1393
1349,1371
1349,1372
1373,1372
1373,1374
1373,1396
1374,1397
1390,1391
1390,1413
1391,1392
1391,1414
1392,1393
1392,1371
1371,1372
1393,1394
1372,1395
1395,1394
1395,1396
1395,1440
1396,1419
1397,1420
1397,1378
1412,1413
1412,1435
1413,1414
1413,1436
1414,1437
1394,1440
1419,1420
1434,1433
1434,1435
1434,1457
1435,1436
1435,1458
1436,1437
1436,1459
1437,1438
1437,1460
1438,1461
1433,1456
1455,1456
1455,1478
1456,1457
1456,1479
1457,1458
1457,1480
1458,1459
1458,1481
1459,1460
1459,1482
1460,1461
1460,1483
1461,1484
1477,1478
1477,1500
1478,1479
1478,1501
1479,1480
1479,1502
1480,1481
1480,1503
1481,1482
1481,1504
1482,1483
1483,1484
1499,1500
1499,1522
1500,1501
1500,1523
1501,1502
1501,1524
1502,1503
1502,1525
1503,1504
1503,1526
1504,1527
1521,1522
1521,1544
1522,1523
1522,1545
1523,1524
1523,1546
1524,1525
1524,1547
1525,1526
1525,1548
1526,1527
1543,1544
1544,1545
1545,1546
1546,1547
1547,1548
1008,1029
1031,1050
1053,1054
1086,1088
1088,1109
1095,1097
1125,1126
1160,1161
1160,1181
1181,1182
1182,1184
1203,1204
1203,1225
1214,1215
1247,1249
1247,1268
1249,1268
1268,1269
1268,1270
1269,1270
1269,1271
1270,1271
1270,1290
1271,1291
1290,1291
1290,1292
1291,1292
1291,1293
1292,1293
1292,1294
1293,1294
1299,1319
1386,1409
1441,1464
1441,1465
1464,1465
1517,1538
1529,1530
1529,1531
1530,1531
1552,1553
1552,1572
1553,1572
