0,892
0,1365
0,648
0,1408
892,132
892,891
892,893
1365,647
1365,736
1365,757
648,453
648,1275
648,1432
1408,650
1408,671
1408,1366
1,24
1,131
1,823
1,1040
24,47
24,1063
24,1324
131,110
131,262
131,1023
823,87
823,822
823,1280
1040,996
1040,1017
1040,1041
2,3
2,25
2,1064
2,1563
3,4
3,26
3,1564
25,48
25,1174
25,1563
1064,1041
1064,1065
1064,1087
1563,1152
1563,1564
4,5
4,27
4,1565
26,49
26,1173
26,1219
1564,45
1564,1565
5,28
5,1351
5,1566
27,28
27,50
27,1196
1565,1542
1565,1566
28,29
28,51
1351,1350
1351,1352
1351,1374
1566,1543
1566,1567
6,7
6,29
6,1439
6,1567
7,8
7,30
7,1568
29,30
29,52
1439,549
1439,1438
1439,1440
1567,1544
1567,1568
8,9
8,31
8,1569
30,31
30,53
1568,1545
1568,1569
9,10
9,32
9,1570
31,54
31,703
1569,1546
1569,1570
10,11
10,1550
10,1571
32,55
32,165
32,879
1570,575
1570,1547
11,747
11,923
11,989
1550,1332
1550,1527
1550,1573
1571,1396
1571,1507
1571,1548
747,724
747,726
747,746
923,143
923,230
923,900
989,167
989,900
989,987
12,836
12,901
12,1442
12,1573
836,837
836,857
836,859
901,880
901,925
901,1485
1442,33
1442,637
1442,1419
1573,99
1573,1397
13,964
13,1293
13,1399
13,1162
964,1246
964,1162
964,1333
1293,1272
1293,1294
1293,1313
1399,1401
1399,1421
1399,1422
1162,988
1162,1160
14,80
14,1357
14,1443
14,1446
80,1357
80,1118
80,988
1357,15
1357,855
1443,35
1443,812
1443,1420
1446,235
1446,1444
1446,1445
15,1251
15,1335
15,192
1251,57
1251,145
1251,147
1335,945
1335,1312
1335,1358
192,19
192,412
192,322
16,301
16,1226
16,1207
16,1426
301,172
301,496
301,303
1226,58
1226,101
1226,124
1207,38
1207,364
1207,1206
1426,389
1426,1405
1426,1424
17,1516
17,1338
17,321
17,343
1516,238
1516,627
1516,715
1338,36
1338,82
1338,170
321,105
321,387
321,1122
343,386
343,516
343,1470
18,1449
18,1473
18,1274
18,280
1449,452
1449,518
1449,563
1473,62
1473,562
1473,1453
1274,211
1274,473
1274,496
280,107
280,673
280,344
19,1407
19,1580
19,86
1407,344
1407,472
1407,734
1580,82
1580,168
1580,672
86,1561
86,1452
86,1540
20,258
20,1494
20,738
20,1582
258,256
258,281
258,629
1494,126
1494,452
1494,454
738,66
738,304
738,411
1582,151
1582,195
1582,540
21,694
21,1583
21,521
21,1560
694,519
694,609
694,1538
1583,608
1583,692
1583,1537
521,807
521,1560
521,629
1560,41
1560,83
22,783
22,848
22,1023
22,1498
783,42
783,522
783,781
848,263
848,847
848,849
1023,1022
1023,1024
1498,1475
1498,1499
1498,1521
23,46
23,1153
23,1347
23,1280
46,45
46,47
46,69
1153,1130
1153,1176
1153,1197
1347,1324
1347,1370
1347,1327
1280,732
1280,1281
47,48
47,70
1063,1061
1063,1082
1063,1084
1324,1323
1324,1325
48,49
48,71
1174,307
1174,1151
1174,1197
49,50
49,72
1173,1172
1173,1196
1173,1171
1219,461
1219,1218
1219,1220
50,51
50,73
1196,156
1196,1328
51,52
51,74
52,53
52,75
53,54
53,76
54,55
54,77
703,680
703,683
703,704
55,56
55,251
165,142
165,187
165,188
879,684
879,858
879,878
33,858
33,1033
33,1463
858,317
858,859
1033,211
1033,296
1033,1009
1463,441
1463,1440
1463,1484
34,946
34,1356
34,1051
34,1555
946,382
946,947
946,967
1356,744
1356,963
1356,1355
1051,899
1051,1032
1051,1053
1555,81
1555,944
1555,1553
35,102
35,1400
35,1076
102,56
102,79
102,1227
1400,79
1400,788
1400,1377
1076,275
1076,1056
1076,1074
36,1077
36,234
36,1489
1077,383
1077,1057
1077,1078
234,39
234,279
234,1534
1489,1487
1489,1488
1489,1490
37,1447
37,126
37,1292
37,1360
1447,298
1447,299
1447,408
126,1579
126,412
1292,1272
1292,1290
1292,1291
1360,1341
1360,1361
1360,1380
38,454
38,453
38,1515
454,125
454,1536
453,215
453,1538
1515,257
1515,369
1515,388
39,103
39,541
39,1316
103,365
103,1318
103,149
541,65
541,388
541,693
1316,105
1316,144
1316,1296
40,1513
40,1491
40,564
40,259
1513,299
1513,1511
1513,1512
1491,236
1491,455
1491,1490
564,236
564,588
564,674
259,370
259,499
259,804
41,649
41,410
41,304
649,388
649,736
649,1322
410,431
410,543
410,650
304,64
304,302
42,1386
42,433
42,107
1386,559
1386,602
1386,758
433,498
433,456
433,1559
107,348
107,652
43,1432
43,716
43,758
43,1539
1432,1433
1432,1455
716,477
716,1451
716,1517
758,585
758,1495
1539,626
1539,737
1539,782
44,824
44,825
44,1433
44,651
824,66
824,846
824,1454
825,87
825,802
825,826
1433,1434
1433,1456
651,697
651,737
651,1474
45,68
45,1475
68,67
68,69
68,91
1475,778
1475,800
69,70
69,92
70,71
70,93
71,72
71,94
72,73
72,95
73,74
73,96
74,75
74,97
75,76
75,98
76,77
76,99
77,100
77,1509
56,57
56,1574
251,250
251,252
251,274
57,1208
57,1508
1574,1554
1574,1572
1574,1575
1208,166
1208,167
1208,275
1508,615
1508,812
1508,1507
58,81
58,1577
58,1470
81,82
81,1359
1577,1576
1577,1578
1470,299
1470,1428
59,1514
59,104
59,1273
59,1579
1514,62
1514,84
1514,408
104,125
104,1579
104,1533
1273,235
1273,430
1273,1271
1579,411
60,1318
60,124
60,1186
60,1468
1318,170
1318,319
124,1534
124,191
1186,189
1186,363
1186,1166
1468,1448
1468,1466
1468,1467
61,1581
61,586
61,1472
61,1558
1581,323
1581,390
1581,604
586,323
586,540
586,1472
1472,606
1472,693
1558,364
1558,366
1558,456
62,303
62,1406
303,347
303,390
1406,148
1406,367
1406,1404
63,762
63,496
63,217
63,345
762,369
762,542
762,590
496,106
217,216
217,218
217,785
345,1493
345,1469
345,476
64,238
64,499
64,369
238,392
238,1536
499,610
499,607
369,392
65,520
65,717
65,692
520,1448
520,805
520,737
717,631
717,650
717,719
692,1366
692,1256
66,67
66,89
67,90
67,1108
89,88
89,90
89,112
90,91
90,113
1108,157
1108,1085
1108,1131
91,92
91,114
92,93
92,115
93,94
93,116
94,95
94,117
95,96
95,118
96,97
96,119
97,98
97,120
98,99
98,121
99,100
100,123
100,1165
1509,78
1509,919
1509,1507
78,1465
78,1097
78,1075
1465,963
1465,1441
1465,1464
1097,1095
1097,1096
1097,1098
1075,942
1075,1031
1075,1073
79,1120
79,212
1120,168
1120,299
1120,1119
212,1381
212,1511
212,1206
1118,1008
1118,1117
1118,1119
988,166
988,1204
82,542
1359,236
1359,1336
1359,1340
542,85
542,130
83,519
83,1538
83,474
519,149
519,1429
1538,344
474,84
474,560
474,1254
84,1492
84,696
1492,170
1492,323
1492,606
696,85
696,130
696,720
85,805
85,500
805,566
805,759
500,129
500,609
500,695
1561,127
1561,584
1561,735
1452,475
1452,1428
1452,1453
1540,1518
1540,1562
87,868
87,1541
868,867
868,869
868,1042
1541,88
1541,713
1541,847
88,109
88,195
109,218
109,784
109,740
195,173
195,565
112,111
112,113
112,135
113,114
113,136
114,115
114,137
115,116
115,138
116,117
116,139
117,118
117,140
118,119
118,141
119,120
119,142
120,121
120,143
121,122
121,145
123,122
123,146
123,255
1165,1163
1165,1164
1165,1166
101,902
101,1012
101,1205
902,231
902,903
902,922
1012,144
1012,404
1012,1011
1205,788
1205,1184
1205,1185
1227,942
1227,944
1227,1225
365,168
365,1404
365,582
149,1450
149,544
125,1403
125,1206
1533,944
1533,1532
1533,1535
105,411
105,1425
411,1385
1425,1405
1425,1424
1425,1444
106,1578
106,475
106,409
475,473
475,1450
409,257
409,430
409,1469
348,239
348,829
348,675
652,1559
652,719
652,741
108,1496
108,543
108,736
108,763
1496,846
1496,1495
1496,1519
543,455
543,784
736,757
763,173
763,390
763,1046
218,219
218,869
784,414
784,434
740,194
740,764
740,872
110,111
110,133
110,1131
111,134
111,1283
133,132
133,134
133,156
1131,267
1131,1154
134,135
134,157
1283,1260
1283,1282
1283,1284
135,136
135,158
136,137
136,159
137,138
137,160
138,139
138,161
139,140
139,162
140,141
140,163
141,142
141,164
142,143
143,990
122,164
122,166
145,146
145,1510
164,163
164,187
166,211
146,147
146,190
255,213
255,1230
255,1098
1534,367
1534,1532
191,190
191,214
191,1295
1403,298
1403,322
1403,1402
1206,1204
412,261
412,630
127,478
127,300
127,366
478,413
478,457
478,674
300,169
300,431
300,585
366,256
366,1340
128,761
128,804
128,282
128,1535
761,455
761,610
761,630
804,587
804,588
282,477
282,480
282,565
1535,387
1535,1537
129,324
129,215
129,347
324,719
324,673
324,1557
215,827
215,1427
347,196
347,367
130,368
130,566
368,283
368,1427
368,563
566,283
566,699
262,263
262,437
262,827
132,1045
132,1110
1045,176
1045,1022
1045,1044
1110,199
1110,1087
1110,1133
156,179
156,1067
157,180
157,1259
158,159
158,181
158,1130
159,160
159,182
160,161
160,183
161,162
161,184
162,163
162,185
163,186
990,991
990,1011
990,1013
144,1467
144,362
1467,1466
1467,1469
362,513
362,493
362,1123
1510,945
1510,1511
1510,1512
147,193
147,342
190,1381
190,1532
193,216
193,237
193,630
342,277
342,539
342,561
148,169
148,1253
148,1228
169,1295
169,1358
1253,298
1253,320
1253,515
1228,1209
1228,1230
1228,1248
1450,538
1450,673
544,739
544,565
544,676
150,151
150,1427
150,673
150,391
151,153
151,257
1427,276
391,607
391,695
391,676
153,175
153,393
153,196
257,1362
152,585
152,675
152,608
152,1562
585,562
675,413
675,632
608,171
608,697
1562,714
1562,759
175,174
175,828
175,1520
393,416
393,678
393,1026
196,760
196,522
154,155
154,177
154,1154
154,1175
155,178
155,1132
155,1415
177,176
177,178
177,200
1154,483
1154,1155
1175,1152
1175,1176
1175,1198
178,179
178,201
1132,241
1132,307
1132,397
1415,1414
1415,1416
1415,1438
179,180
179,202
1067,328
1067,1066
1067,1198
180,181
180,203
1259,801
1259,1107
1259,1258
181,182
181,204
1130,1085
1130,1088
182,183
182,205
183,184
183,206
184,185
184,207
185,186
185,208
186,187
186,686
187,210
188,233
188,1317
188,1575
211,1294
167,209
167,1339
209,208
209,210
209,1185
1339,364
1339,388
1339,1340
168,1361
1361,561
1361,1363
1295,431
1295,1384
1358,920
1358,1381
170,1559
1559,278
171,697
171,260
171,1404
697,611
260,172
260,629
260,720
1404,1405
172,589
172,760
589,940
589,631
589,1046
760,239
760,476
173,414
173,785
414,610
414,852
785,522
785,674
174,197
174,240
174,849
197,176
197,1066
197,718
240,241
240,718
240,826
849,305
849,826
828,765
828,829
828,851
1520,1519
1520,1521
1520,1543
176,958
958,935
958,957
958,959
200,199
200,201
200,223
201,202
201,224
202,203
202,225
203,204
203,226
204,205
204,227
205,206
205,228
206,207
206,229
207,208
207,967
208,339
686,533
686,597
686,709
210,233
210,1317
233,232
233,1445
1317,297
1317,340
1575,1556
1575,1576
189,1142
189,1252
189,1164
1142,428
1142,1010
1142,1140
1252,254
1252,319
1252,1275
1164,1163
1164,1183
1381,1379
1532,1530
214,213
214,237
214,434
322,279
322,497
216,826
216,476
237,213
237,718
630,370
194,650
194,631
194,588
631,718
588,917
565,698
522,523
1066,1043
1066,1065
198,199
198,219
198,980
198,1111
199,1284
219,261
219,915
980,957
980,979
980,981
1111,220
1111,483
1111,936
1284,1285
1284,1307
223,222
223,224
223,246
224,225
224,247
225,226
225,248
226,227
226,249
227,228
227,250
228,229
228,880
229,230
229,252
967,966
967,968
339,316
339,338
339,340
1185,235
1185,1184
1294,1272
1294,1296
1511,1512
213,235
434,325
434,567
827,806
827,1046
476,1557
869,284
869,870
261,416
261,781
915,285
915,656
915,916
220,221
220,241
220,243
221,222
221,265
221,1044
241,871
243,242
243,244
243,266
222,244
222,245
265,264
265,266
265,288
1044,1043
1044,1087
244,245
244,1199
245,246
245,268
246,247
246,269
247,248
247,270
248,249
248,271
249,250
249,272
250,273
880,881
880,924
230,231
230,535
252,253
252,773
231,232
231,295
535,797
535,995
535,1082
232,1013
232,1229
295,294
295,296
295,512
1013,297
1013,425
1229,253
1229,298
1229,430
1445,898
1445,1444
279,278
279,302
236,1429
1429,408
1429,583
392,437
392,937
1536,452
1536,540
239,346
239,587
346,497
346,672
346,458
587,719
587,782
871,546
871,870
871,872
242,263
242,395
242,936
263,305
395,372
395,374
395,396
936,913
936,935
266,267
266,289
1199,1198
1199,1200
1199,1222
268,267
268,269
268,291
269,270
269,292
270,271
270,293
271,272
271,294
272,273
272,968
273,274
273,296
274,275
274,579
253,254
253,361
773,750
773,774
773,796
254,256
254,1057
361,338
361,381
361,881
256,320
1057,469
1057,1056
1230,1231
1230,1232
1098,1031
1098,1096
320,1210
320,1101
1362,278
1362,450
1362,584
281,283
281,326
281,1428
629,1518
370,435
370,502
720,698
720,1091
416,439
416,1133
781,780
781,1410
437,526
437,1070
305,306
305,328
264,285
264,287
264,482
285,284
285,1087
287,286
287,288
287,310
482,459
482,483
482,505
288,289
288,311
267,290
289,290
289,312
290,291
290,313
291,292
291,314
292,293
292,315
293,294
293,316
294,317
968,969
968,991
296,297
275,276
579,556
579,602
579,819
276,277
276,1014
277,278
277,1275
1014,426
1014,668
1014,991
1275,582
302,325
302,387
344,562
283,394
326,325
326,327
326,764
1428,1448
477,432
477,695
480,591
480,743
480,850
394,371
394,417
394,893
284,981
284,1026
981,306
981,526
1026,1025
1026,1158
286,307
286,1198
286,1242
307,306
1242,462
1242,549
1242,1241
310,309
310,311
310,333
311,312
311,334
312,313
312,335
313,314
313,336
314,315
314,337
315,316
315,338
316,317
317,688
512,489
512,511
512,753
297,470
470,1100
470,1078
470,1169
431,1495
325,432
387,386
390,698
306,329
328,329
328,460
329,308
329,330
308,309
308,331
308,1306
309,332
309,1416
331,330
331,332
331,354
1306,1305
1306,1307
1306,1329
332,333
332,355
1416,1393
1416,1417
333,334
333,356
334,335
334,357
335,336
335,358
336,337
336,359
337,338
337,360
688,797
688,1039
688,1167
318,601
318,428
318,1143
318,1167
601,425
601,1039
601,1061
428,515
428,1254
1143,406
1143,1141
1143,1144
1167,516
1167,558
319,1100
319,407
1100,1099
1100,1101
407,1190
407,517
407,1102
1210,1015
1210,1209
1210,1211
1101,341
1101,1099
1122,429
1122,450
1122,1121
497,498
497,1493
323,389
389,653
389,1448
1557,1537
1557,1556
432,386
432,455
327,350
327,436
327,829
764,415
764,807
350,349
350,351
350,373
436,459
436,524
436,983
829,766
460,938
460,1265
460,743
330,351
330,353
351,1197
351,1244
353,352
353,354
353,376
354,355
354,377
355,356
355,378
356,357
356,379
357,358
357,380
358,359
358,381
359,360
359,578
360,491
360,710
340,429
340,1055
429,647
429,1058
1055,1034
1055,1053
1055,1054
341,1145
341,1297
341,1080
1145,471
1145,495
1145,992
1297,1296
1297,1319
1297,1320
1080,493
1080,559
1080,710
539,714
539,562
539,1123
561,1471
561,1343
386,385
516,471
516,1319
1493,364
1493,495
1469,1471
672,890
672,1430
458,413
458,435
458,872
367,1384
349,372
349,830
349,545
372,373
372,1003
830,655
830,831
830,832
545,808
545,739
545,1069
373,352
373,374
1197,1220
1244,745
1244,1221
1244,1243
352,375
352,1000
375,376
375,398
375,1089
1000,977
1000,999
1000,1001
376,377
376,399
377,378
377,400
378,379
378,401
379,380
379,402
380,381
380,403
381,404
578,555
578,776
578,1038
491,490
491,602
491,667
710,733
710,755
881,882
881,904
513,600
513,948
513,1035
493,1079
493,1232
1123,472
1123,1104
363,382
363,1405
363,1078
382,383
382,994
1078,537
582,1344
582,605
1340,1341
1384,584
1384,1364
563,457
563,609
435,807
435,501
502,456
502,1090
502,568
371,653
371,851
371,895
653,479
653,741
851,874
851,1069
895,635
895,894
895,896
1003,569
1003,613
1003,1002
374,397
374,484
397,398
397,420
484,485
484,505
484,507
398,399
398,421
1089,438
1089,526
1089,1112
399,400
399,422
400,401
400,423
401,402
401,424
402,403
402,425
403,404
403,708
404,687
383,384
383,1188
994,447
994,995
994,1017
384,385
384,1298
384,1102
1188,426
1188,1189
1188,1209
385,517
385,1036
1298,581
1298,800
1298,1279
1102,517
1102,645
517,1187
1036,427
1036,624
1036,1034
698,700
607,1471
607,737
695,693
676,1071
676,1027
937,417
937,914
937,938
678,811
678,1005
678,807
417,418
417,1025
893,870
893,894
396,419
396,1221
396,1350
419,418
419,420
419,442
1221,1220
1221,1222
1350,1349
1350,1373
420,421
420,443
421,422
421,444
422,423
422,445
423,424
423,446
424,425
424,447
708,685
708,707
708,709
687,598
687,624
687,820
405,667
405,993
405,1011
405,1015
667,1038
667,1277
993,970
993,1016
993,1170
1011,1010
1015,469
1015,798
406,451
406,1081
406,1255
451,1035
451,605
451,514
1081,646
1081,1060
1081,1079
1255,518
1255,1256
1255,1276
1190,559
1190,605
1190,666
408,1144
1144,449
1144,1146
430,1495
1385,473
1385,1364
1385,1383
413,808
808,633
808,1050
610,677
852,810
852,1116
852,1004
415,1090
415,1113
415,1092
1090,961
1090,982
1113,742
1113,1028
1113,1114
1092,809
1092,873
1092,1028
439,418
439,440
439,636
1133,461
1133,1156
418,441
1025,742
1025,1002
441,442
441,464
442,443
442,465
443,444
443,466
444,445
444,467
445,446
445,468
446,447
446,683
447,711
426,796
426,1035
796,795
796,819
1035,514
427,1168
427,1121
427,1166
1168,626
1168,1146
1168,1149
1121,1140
1121,1141
1166,1146
515,1320
515,1147
1254,452
1254,1231
647,1497
647,1103
1058,492
1058,689
1058,712
498,739
498,715
456,674
567,457
567,1047
567,940
501,721
501,632
459,635
459,806
524,723
524,894
524,722
983,523
983,1202
983,1049
526,549
1070,479
1070,700
1070,1071
438,548
438,1068
438,1158
548,525
548,571
548,701
1068,481
1068,677
1068,1069
1158,679
1158,745
440,463
440,1112
440,1375
636,614
636,659
636,1289
463,462
463,464
463,486
1112,614
1112,1135
1375,1352
1375,1374
1375,1376
464,465
464,487
465,466
465,488
466,467
466,489
467,468
467,490
468,469
468,794
683,660
683,706
711,560
711,778
711,1062
448,580
448,643
448,665
448,732
580,559
580,1103
580,1060
643,576
643,600
643,731
665,469
665,642
665,798
732,709
732,778
449,1056
449,1276
449,1125
1056,1034
1276,670
1276,1277
1125,1124
1125,1126
1125,1127
450,1299
450,1321
1299,1279
1299,1300
1299,1320
1321,538
1321,1341
1321,1342
605,1342
514,690
514,1212
457,479
479,939
872,503
635,503
635,658
806,850
806,913
938,896
938,1005
1265,1264
1265,1266
1265,1288
743,481
743,1334
461,1179
461,1223
1179,613
1179,1156
1179,1178
1223,612
1223,811
1223,1222
462,483
462,485
485,486
485,508
486,487
486,509
487,488
487,510
488,489
488,511
489,490
490,772
794,771
794,795
794,817
1169,689
1169,1150
1169,1171
471,1319
471,1187
1319,518
1187,473
1187,581
472,712
472,583
712,1106
712,1147
583,1451
583,1322
560,537
560,1363
939,1047
939,1072
939,1201
591,547
591,592
591,723
850,525
850,655
481,1180
481,504
1180,611
1180,831
1180,943
504,941
504,873
504,1155
505,702
505,1245
507,506
507,508
507,530
508,509
508,531
509,510
509,532
510,511
510,533
511,534
772,749
772,771
772,795
602,625
492,969
492,1016
492,1059
969,555
969,970
1016,603
1016,1039
1059,494
1059,800
1059,992
1079,645
1079,1060
1232,494
1232,1231
494,1037
494,1343
1037,537
1037,557
1037,646
1343,495
1343,606
495,1278
1278,671
1278,693
1278,1277
739,782
715,1431
715,759
609,786
721,677
721,699
721,1203
632,654
632,873
568,916
568,1114
568,1091
503,525
503,959
525,1024
959,612
959,960
941,722
941,1138
941,1312
873,1224
1155,1156
1155,1157
702,679
702,725
702,857
1245,547
1245,917
1245,1222
506,527
506,529
506,1333
527,528
527,1243
527,1418
529,528
529,530
529,552
1333,1310
1333,1506
530,531
530,553
531,532
531,554
532,555
532,1549
533,556
533,620
534,557
534,599
534,903
753,730
753,776
753,1017
600,556
600,820
948,925
948,947
948,949
690,603
690,669
690,1409
1212,1211
1212,1213
1212,1214
1320,691
1147,604
1147,1127
518,628
628,627
628,1451
628,1518
523,1049
523,654
1049,984
1049,1006
654,786
654,722
723,746
723,960
894,569
722,984
1024,1001
1024,1091
549,550
528,551
528,1246
1243,1220
1243,1266
1418,1417
1418,1419
1418,1394
551,550
551,552
551,574
1246,876
1246,1135
552,553
552,575
553,554
553,576
554,555
554,577
1549,620
1549,1526
1549,1548
556,973
620,619
620,621
557,625
557,729
599,576
599,622
599,644
903,904
903,926
797,774
797,820
995,972
995,1018
1082,1084
1082,1104
536,558
536,669
536,538
536,1060
558,691
558,1235
669,845
669,1257
538,735
537,1342
1342,780
735,1497
735,1236
714,1476
714,1083
540,626
626,1474
1069,962
546,656
546,831
546,874
656,679
656,789
831,832
874,897
874,1247
547,657
547,914
657,1178
657,1200
657,1376
914,891
914,913
571,550
571,572
571,1417
701,724
701,856
701,1156
550,573
573,572
573,574
573,596
574,575
574,597
575,576
577,622
577,642
577,775
973,950
973,972
973,996
625,624
625,1257
729,706
729,728
729,752
691,1106
691,1453
1235,1233
1235,1234
1235,1236
1363,1364
1363,1383
1471,1490
699,1181
699,787
1047,809
1047,897
940,590
940,1248
916,962
916,1136
1114,634
1114,982
1091,741
569,570
569,592
570,1200
570,1332
570,1397
592,593
592,615
1200,680
1332,1309
1332,1331
1397,1374
1397,1420
572,593
572,595
1417,596
593,594
593,833
595,594
595,618
595,835
596,597
596,619
597,598
622,621
622,623
642,619
642,641
775,752
775,754
775,798
776,777
776,799
1038,644
1038,1061
819,818
819,842
1103,604
1103,713
581,731
581,1192
731,730
731,754
1192,1172
1192,1191
1192,1193
1344,757
1344,759
1344,1367
1451,802
1322,671
1322,734
584,1430
1430,803
1430,1431
782,606
917,633
917,1203
1046,677
590,655
590,742
655,766
742,1027
615,594
615,616
594,617
833,613
833,834
833,1267
617,616
617,618
617,640
618,619
618,641
835,640
835,814
835,834
598,621
598,793
621,730
793,770
793,792
793,816
644,709
644,1170
820,843
1039,1062
1061,1084
603,668
603,756
668,713
668,1388
756,733
756,802
756,1387
604,1409
1409,1366
1409,1410
786,633
786,1115
611,1136
611,634
1136,634
1136,853
634,1181
612,918
612,1268
918,1116
918,1248
918,1161
1268,1005
1268,1030
1268,1249
613,614
614,637
637,616
637,638
616,639
639,638
639,662
639,1398
640,641
640,663
641,664
730,707
623,624
623,971
623,1083
971,970
971,972
971,1233
1083,754
1083,1106
1257,780
1257,1151
1474,803
1474,1453
627,1300
627,1277
1300,1279
1300,1302
1518,1517
633,1048
1048,960
1048,1004
1048,1050
1181,961
1181,1182
658,659
658,681
658,746
659,638
659,660
1289,1266
1289,1288
1289,1312
638,661
661,660
661,662
661,684
662,663
662,685
1398,744
1398,1006
1398,1379
663,664
663,1528
664,685
664,752
1170,1345
1170,1150
645,1105
645,1126
1105,755
1105,1128
1105,1104
1126,1124
1126,1127
646,689
646,1191
689,1234
1191,1171
1191,1189
1497,757
1497,1517
741,982
766,767
766,789
679,680
789,790
789,1267
1178,1027
1178,1177
1376,900
1376,1353
681,660
681,680
681,682
746,769
684,685
684,707
1528,1483
1528,1527
1528,1506
752,751
798,821
666,774
666,974
666,1017
774,751
974,951
974,975
974,997
713,1236
1388,777
1388,1389
1388,1411
845,822
845,844
845,846
670,1124
670,1387
670,1345
1124,1104
1387,733
1387,803
1345,755
1345,1368
671,1341
890,867
890,889
890,891
1071,1072
1071,1073
1027,1160
811,1334
811,1269
1005,1072
682,705
682,1377
682,1462
705,704
705,706
705,728
1377,745
1377,1354
1462,813
1462,1461
1462,1551
706,707
1234,1233
1234,1236
1106,1107
1366,1364
1256,1237
1256,1258
700,1134
700,1378
787,810
787,1029
787,1134
1134,1004
1134,1088
1378,744
1378,853
1378,919
724,725
724,1355
856,855
856,857
856,878
725,704
725,726
857,834
704,727
727,726
727,728
727,750
728,751
733,1410
755,1019
778,779
1062,1085
1062,1258
1476,801
1476,1477
1476,1499
1431,1194
1431,1454
1517,1537
1203,1204
1203,1224
984,1094
984,1030
960,854
1355,1029
1355,1354
726,749
749,748
749,750
750,751
754,1018
1410,799
734,1323
734,1189
1323,777
1323,801
1189,1209
982,1115
1334,855
1334,1311
744,1050
1050,962
745,768
768,767
768,769
768,791
769,748
769,770
748,771
748,924
771,770
924,925
924,947
1018,1019
1018,1041
1019,996
1019,1020
802,779
765,832
765,961
765,1290
832,834
961,810
1290,1291
1290,1313
767,1311
767,1029
1311,1288
1311,1310
1029,1159
791,770
791,790
791,792
795,818
777,1367
799,822
799,1301
1367,1368
1367,1390
779,780
779,1194
1194,1217
1194,1301
1115,876
1115,1116
810,1267
788,898
788,1202
898,1487
898,1093
1202,1007
1202,1201
790,813
790,1139
1267,1266
813,792
813,1485
1139,1009
1139,1137
1139,1138
792,815
815,814
815,816
815,838
816,817
816,839
817,818
817,840
818,841
821,822
821,844
821,1411
1301,1302
1301,1279
800,1211
1211,1213
801,1237
1237,1260
1237,1238
803,1389
1389,1390
1389,1412
913,912
809,1159
809,1138
1159,853
1159,1004
1138,1137
1269,1250
1269,1270
1269,1271
812,1117
812,1270
1117,921
1117,1119
1270,1008
1270,1250
1485,1484
1485,1486
814,837
814,1551
837,838
837,860
1551,1529
1551,1530
838,839
838,861
839,840
839,862
840,841
840,863
841,842
841,864
842,843
842,865
843,844
843,866
844,867
1411,1412
1411,1434
846,847
1454,1455
1454,1477
859,860
859,882
860,861
860,883
861,862
861,884
862,863
862,885
863,864
863,886
864,865
864,887
865,866
865,888
866,867
866,889
847,870
1116,875
853,1161
1161,875
1161,1141
854,1401
854,1030
854,1247
1401,1382
1401,1402
1030,1006
1247,1007
1247,1224
855,878
878,877
882,883
882,905
883,884
883,906
884,885
884,907
885,886
885,908
886,887
886,909
887,888
887,910
888,889
888,911
889,912
1042,1041
1042,1043
1042,1065
1224,1225
897,877
897,943
875,921
875,1225
921,920
921,922
1225,965
876,877
876,943
877,900
943,966
904,905
904,927
905,906
905,928
906,907
906,929
907,908
907,930
908,909
908,931
909,910
909,932
910,911
910,933
911,912
911,934
912,935
891,1542
1542,1519
1542,1543
896,919
896,985
919,920
985,962
985,986
985,1183
1487,1486
1487,1488
1093,1074
1093,1094
1093,1095
899,1291
899,1096
899,1031
1291,1028
1096,1095
1031,1052
925,926
922,966
922,1420
926,927
926,949
927,928
927,950
928,929
928,951
929,930
929,952
930,931
930,953
931,932
931,954
932,933
932,955
933,934
933,956
934,935
934,957
1248,1249
920,1160
1160,1140
966,1312
1420,1419
947,970
949,950
949,972
950,951
951,952
952,953
952,975
953,954
953,976
954,955
954,977
955,956
955,978
956,957
956,979
1072,1073
1201,1157
1201,1177
942,1529
942,1441
1529,1530
1529,1531
1441,1421
1441,1464
944,1576
1576,1556
945,1423
945,1466
1423,1421
1423,1422
1423,1424
1466,1464
975,976
975,998
976,977
976,999
977,978
978,979
978,1001
979,1002
963,1249
963,1313
1249,1250
1313,1314
965,986
965,1379
965,1380
986,987
986,1009
1379,1380
1380,1382
991,992
1233,1231
996,997
997,998
997,1020
998,999
998,1021
999,1022
1001,1002
1094,1074
1094,1095
1183,1163
1183,1182
987,1486
987,1337
1009,1010
1486,1488
1337,1314
1337,1315
1337,1336
1204,1184
992,1099
1099,1119
1020,1021
1020,1043
1021,1022
1021,1239
1006,1135
1135,1137
1007,1531
1007,1052
1531,1512
1531,1530
1052,1010
1052,1032
1008,1137
1008,1552
1552,1553
1552,1554
1552,1572
1239,1129
1239,1216
1239,1262
1028,1157
1157,1177
1065,1240
1084,1107
1085,1086
1258,1238
1240,1217
1240,1263
1240,1346
1107,1086
1128,1129
1128,1151
1128,1109
1129,1152
1129,1109
1151,1149
1152,1304
1304,1281
1304,1305
1304,1302
1176,1177
1176,1309
1171,1172
1172,1193
1309,1308
1309,1310
1193,1216
1193,1195
1216,1217
1216,1215
1217,1218
1195,1218
1195,1214
1195,1215
1218,1241
1328,1305
1328,1327
1328,1329
1241,1264
1241,1260
1260,1238
1262,1263
1262,1285
1262,1261
1263,1264
1263,1286
1346,1326
1346,1327
1346,1348
1264,1287
1285,1286
1285,1308
1286,1287
1286,1505
1287,1288
1287,1310
1281,1282
1281,1519
1282,1305
1282,1261
1307,1308
1307,1330
1308,1331
1505,1482
1505,1504
1505,1506
1302,1303
1303,1326
1303,1261
1303,1325
1326,1325
1326,1327
1329,1330
1329,1352
1330,1331
1330,1353
1331,1354
1325,1348
1348,1349
1348,1369
1352,1353
1353,1354
1506,1507
1368,1369
1368,1391
1370,1369
1370,1371
1370,1393
1349,1371
1349,1372
1373,1372
1373,1374
1373,1396
1390,1391
1390,1413
1369,1392
1391,1392
1391,1414
1392,1393
1392,1371
1371,1372
1393,1394
1372,1395
1395,1394
1395,1396
1395,1440
1396,1419
1412,1413
1412,1435
1413,1414
1413,1436
1414,1437
1394,1440
1434,1435
1434,1457
1435,1436
1435,1458
1436,1437
1436,1459
1437,1438
1437,1460
1438,1461
1455,1456
1455,1478
1456,1457
1456,1479
1457,1458
1457,1480
1458,1459
1458,1481
1459,1460
1459,1482
1460,1461
1460,1483
1461,1484
1477,1478
1477,1500
1478,1479
1478,1501
1479,1480
1479,1502
1480,1481
1480,1503
1481,1482
1481,1504
1482,1483
1483,1484
1499,1500
1499,1522
1500,1501
1500,1523
1501,1502
1501,1524
1502,1503
1502,1525
1503,1504
1503,1526
1504,1527
1521,1522
1521,1544
1522,1523
1522,1545
1523,1524
1523,1546
1524,1525
1524,1547
1525,1526
1525,1548
1526,1527
1543,1544
1544,1545
1545,1546
1546,1547
1547,1548
1032,1053
1032,1054
1034,1054
1053,1054
1073,1074
1086,1088
1086,1109
1088,1109
1127,1148
1140,1141
1146,1148
1148,1149
1148,1150
1149,1150
1163,1182
1182,1184
1213,1214
1213,1215
1214,1215
1238,1261
1250,1271
1271,1272
1296,1315
1314,1315
1314,1336
1315,1336
1382,1383
1382,1402
1383,1402
1421,1422
1422,1424
1444,1464
1488,1490
1553,1554
1553,1572
1554,1556
