0,892
0,1365
0,1366
0,44
892,132
892,891
892,893
1365,472
1365,647
1365,737
1366,624
1366,1343
1366,1364
44,824
44,825
44,1433
1,24
1,131
1,823
1,1040
24,47
24,1063
24,1324
131,110
131,262
131,1023
823,87
823,822
823,1280
1040,996
1040,1017
1040,1041
2,3
2,25
2,1064
2,1563
3,4
3,26
3,1564
25,48
25,1174
25,1563
1064,1041
1064,1065
1064,1087
1563,1152
1563,1564
4,5
4,27
4,1565
26,49
26,1173
26,1219
1564,45
1564,1565
5,28
5,1351
5,1566
27,28
27,50
27,1196
1565,1542
1565,1566
28,29
28,51
1351,1350
1351,1352
1351,1374
1566,1543
1566,1567
6,7
6,29
6,1439
6,1567
7,8
7,30
7,1568
29,30
29,52
1439,549
1439,1438
1439,1440
1567,1544
1567,1568
8,9
8,31
8,1569
30,31
30,53
1568,1545
1568,1569
9,10
9,32
9,1570
31,54
31,703
1569,1546
1569,1570
10,11
10,1550
10,1571
32,55
32,165
32,879
1570,575
1570,1547
11,747
11,923
11,989
1550,1332
1550,1527
1550,1573
1571,1396
1571,1507
1571,1548
747,724
747,726
747,746
923,143
923,230
923,900
989,167
989,900
989,987
12,836
12,901
12,1442
12,1573
836,837
836,857
836,859
901,880
901,925
901,1485
1442,33
1442,637
1442,1419
1573,99
1573,1397
13,1424
13,1511
13,1509
13,1555
1424,1422
1424,1423
1424,1425
1511,942
1511,1491
1511,1510
1509,77
1509,919
1509,1487
1555,212
1555,1535
1555,1553
14,80
14,1357
14,1443
14,1142
80,1357
80,1187
80,1447
1357,15
1357,855
1443,35
1443,1420
1443,1441
1142,125
1142,318
1142,1031
15,1251
15,1335
15,1117
1251,57
1251,145
1251,147
1335,854
1335,1312
1335,1358
1117,898
1117,963
1117,1009
16,1401
16,1467
16,1449
16,1227
1401,898
1401,899
1401,1008
1467,1465
1467,1466
1467,1468
1449,124
1449,519
1449,649
1227,920
1227,1207
1227,1225
17,60
17,39
17,18
17,1402
60,38
60,40
60,171
39,278
39,1534
39,1558
18,1513
18,1362
18,1360
1402,58
1402,190
1402,1380
1513,1512
1513,1532
1513,1533
1362,191
1362,517
1362,1361
1360,192
1360,366
1360,1340
19,38
19,256
19,761
19,1560
38,1558
38,409
256,82
256,254
256,258
761,608
761,693
761,740
1560,347
1560,496
1560,606
20,1561
20,152
20,1472
20,239
1561,62
1561,259
1561,303
152,653
152,369
152,585
1472,62
1472,564
1472,715
239,348
239,478
239,827
21,759
21,587
21,805
21,1516
759,173
759,694
759,803
587,108
587,149
587,258
805,415
805,651
805,1562
1516,324
1516,410
1516,693
22,783
22,848
22,1023
22,1498
783,42
783,762
783,781
848,263
848,847
848,849
1023,1022
1023,1024
1498,1475
1498,1499
1498,1521
23,46
23,1153
23,1347
23,1172
46,45
46,47
46,69
1153,1130
1153,1176
1153,1197
1347,1324
1347,1370
1347,1346
1172,1171
1172,1173
1172,1150
47,48
47,70
1063,1061
1063,1082
1063,1084
1324,1323
1324,1325
48,49
48,71
1174,307
1174,1151
1174,1197
49,50
49,72
1173,1196
1173,1171
1219,461
1219,1218
1219,1220
50,51
50,73
1196,156
1196,1328
51,52
51,74
52,53
52,75
53,54
53,76
54,55
54,77
703,680
703,683
703,704
55,56
55,251
165,142
165,187
165,188
879,684
879,858
879,878
33,858
33,1033
33,1463
858,317
858,859
1033,211
1033,296
1033,1009
1463,441
1463,1440
1463,1484
34,946
34,1356
34,1076
34,1464
946,382
946,947
946,967
1356,1006
1356,1355
1356,1337
1076,166
1076,275
1076,1074
1464,1441
1464,1444
1464,1465
35,102
35,1400
35,1054
102,56
102,79
102,1099
1400,79
1400,964
1400,1377
1054,1034
1054,1052
1054,1055
36,1230
36,1164
36,1534
36,1182
1230,59
1230,340
1230,341
1164,1144
1164,1163
1164,1165
1534,321
1534,1533
1182,788
1182,984
1182,1163
37,1536
37,1318
37,1444
37,81
1536,280
1536,367
1536,388
1318,124
1318,236
1318,604
1444,1425
1444,1446
81,58
81,82
81,1229
1558,234
1558,1535
409,104
409,345
409,1229
278,277
278,279
278,1294
40,42
40,365
40,434
42,1386
42,1408
365,1428
365,1165
365,1145
434,214
434,784
434,698
41,1430
41,411
41,739
41,1538
1430,584
1430,803
1430,1431
411,105
411,738
411,631
739,412
739,520
739,632
1538,300
1538,498
1538,607
1386,585
1386,602
1386,736
1408,85
1408,736
1408,1387
43,652
43,130
43,1518
43,1497
652,283
652,367
652,607
130,65
130,717
130,606
1518,173
1518,737
1518,803
1497,650
1497,1474
1497,1540
824,66
824,846
824,1454
825,87
825,802
825,826
1433,1432
1433,1434
1433,1456
45,68
45,1475
68,67
68,69
68,91
1475,778
1475,800
69,70
69,92
70,71
70,93
71,72
71,94
72,73
72,95
73,74
73,96
74,75
74,97
75,76
75,98
76,77
76,99
77,100
56,57
56,78
251,250
251,252
251,274
57,1208
57,1508
78,1294
78,1226
78,1486
1208,166
1208,167
1208,275
1508,615
1508,944
1508,1507
58,1051
58,1074
1051,700
1051,853
1051,1032
1074,1007
1074,1073
59,145
59,1470
59,1186
145,121
145,318
1470,127
1470,280
1470,1468
1186,147
1186,1184
1186,1188
171,1406
171,1580
171,172
61,521
61,280
61,1578
61,1315
521,84
521,282
521,610
280,1514
1578,342
1578,367
1578,1577
1315,148
1315,1314
1315,1336
62,235
62,346
235,213
235,1273
235,1316
346,107
346,608
346,392
63,499
63,282
63,1496
63,304
499,300
499,497
499,782
282,127
282,325
1496,846
1496,1495
1496,1519
304,302
304,416
304,808
64,1540
64,540
64,1429
64,236
1540,564
1540,650
540,279
540,758
540,1189
1429,193
1429,497
1429,1409
236,129
236,1494
65,563
65,433
65,542
563,260
563,387
563,627
433,196
433,1493
433,738
542,170
542,457
542,605
66,67
66,89
66,738
67,90
67,1108
89,88
89,90
89,112
738,324
90,91
90,113
1108,157
1108,1085
1108,1131
91,92
91,114
92,93
92,115
93,94
93,116
94,95
94,117
95,96
95,118
96,97
96,119
97,98
97,120
98,99
98,121
99,100
100,123
100,1010
1294,1293
1294,1313
1226,123
1226,875
1226,1207
1486,1485
1486,1487
1486,1488
79,211
79,1469
211,1404
211,1445
1469,367
1469,386
1469,1468
1187,188
1187,255
1187,408
1447,83
1447,322
1447,1446
82,1580
82,456
1229,232
1229,253
1580,389
1580,672
456,149
456,391
456,520
83,368
83,322
83,608
368,128
368,283
368,1427
322,430
322,476
608,502
84,390
84,431
84,86
390,370
390,654
390,717
431,364
431,1295
431,1495
86,716
86,586
86,413
85,257
85,1451
85,1474
257,386
257,1557
257,1341
1451,106
1451,1452
1451,1453
1474,715
1474,1473
716,195
716,584
716,1559
586,323
586,588
586,697
413,302
413,610
413,673
87,868
87,1541
868,867
868,869
868,1042
1541,88
1541,713
1541,847
88,109
88,737
109,218
109,585
109,1539
737,606
112,111
112,113
112,135
113,114
113,136
114,115
114,137
115,116
115,138
116,117
116,139
117,118
117,140
118,119
118,141
119,120
119,142
120,121
120,143
121,122
123,122
123,146
1010,1009
1010,1011
1010,1532
101,902
101,1012
101,1205
101,1295
902,231
902,903
902,922
1012,404
1012,1011
1012,1253
1205,1008
1205,1203
1205,1206
1295,191
1295,1384
1099,124
1099,362
1099,406
103,1053
103,1118
103,1533
103,1140
1053,190
1053,1008
1053,1032
1118,1006
1118,1031
1118,1097
1533,1531
1140,255
1140,1139
1140,1141
104,1383
104,1405
104,1426
1383,149
1383,189
1383,190
1405,364
1405,1403
1405,1407
1426,127
1426,1425
1426,1445
105,1316
105,1338
105,498
1316,144
1316,343
1338,1337
1338,1340
1338,1358
498,216
498,1515
106,1537
106,476
106,173
1537,259
1537,344
1537,695
476,301
476,326
173,632
107,153
107,762
107,632
153,151
153,175
153,393
762,348
762,694
632,678
108,349
108,717
108,1582
349,350
349,372
349,830
717,479
1582,670
1582,736
1582,779
218,217
218,219
218,869
585,1450
1539,151
1539,560
1539,629
110,111
110,133
110,1131
111,134
111,1283
133,132
133,134
133,156
1131,267
1131,1154
134,135
134,157
1283,1260
1283,1282
1283,1284
135,136
135,158
136,137
136,159
137,138
137,160
138,139
138,161
139,140
139,162
140,141
140,163
141,142
141,164
142,143
143,990
122,164
122,166
164,163
164,187
166,1271
146,125
146,1510
146,1056
124,144
144,1445
144,1250
125,1492
125,127
1492,169
1492,1491
1492,1512
126,1339
126,345
126,496
126,1274
1339,167
1339,298
1339,497
345,1515
345,1559
496,474
496,1188
1274,453
1274,473
1274,494
128,628
128,1471
128,565
628,281
628,344
628,1583
1471,321
1471,1473
1471,1490
565,392
565,630
565,740
129,458
129,674
129,804
458,609
458,566
458,698
674,195
674,566
674,1583
804,238
804,391
804,457
606,388
262,263
262,437
262,827
132,1045
132,1110
1045,176
1045,1022
1045,1044
1110,199
1110,1087
1110,1133
156,179
156,1067
157,180
157,1259
158,159
158,181
158,1130
159,160
159,182
160,161
160,183
161,162
161,184
162,163
162,185
163,186
990,991
990,1011
990,1013
1445,1425
1250,169
1250,945
1250,1228
318,1102
318,1121
1510,189
1510,1512
1056,276
1056,427
1056,1055
147,193
147,408
193,216
193,323
408,407
408,474
148,520
148,1556
148,366
520,370
1556,1535
1556,1554
1556,1557
366,452
366,607
149,1493
1493,168
1493,519
150,151
150,1427
150,672
150,1514
151,651
1427,215
1427,276
672,388
672,890
1514,189
1514,279
651,414
651,784
653,371
653,389
653,654
369,1515
369,719
369,545
175,174
175,828
175,1520
393,416
393,678
393,1026
154,155
154,177
154,1154
154,1175
155,178
155,1132
155,1415
177,176
177,178
177,200
1154,483
1154,1155
1175,1152
1175,1176
1175,1198
178,179
178,201
1132,241
1132,307
1132,397
1415,1414
1415,1416
1415,1438
179,180
179,202
1067,328
1067,1066
1067,1198
180,181
180,203
1259,801
1259,1107
1259,1258
181,182
181,204
1130,1085
1130,1109
182,183
182,205
183,184
183,206
184,185
184,207
185,186
185,208
186,187
186,686
187,210
188,233
188,1317
1271,212
1271,988
1271,1270
167,209
209,208
209,210
209,1185
168,1381
168,1098
168,1336
1381,212
1381,343
1381,1358
1098,363
1098,384
1098,1077
1336,1314
1336,1337
169,1296
169,1577
1296,320
1296,363
1296,472
1577,1575
1577,1576
170,303
170,454
170,1385
303,588
303,589
454,321
454,1581
454,1515
1385,516
1385,650
1385,1384
1406,324
1406,410
1406,475
172,323
172,522
172,435
323,1363
522,916
522,676
522,873
174,197
174,240
174,849
197,176
197,1066
197,696
240,241
240,718
240,826
849,305
849,826
828,765
828,829
828,851
1520,1519
1520,1521
1520,1543
176,958
958,935
958,957
958,959
200,199
200,201
200,223
201,202
201,224
202,203
202,225
203,204
203,226
204,205
204,227
205,206
205,228
206,207
206,229
207,208
207,967
208,339
686,533
686,597
686,709
210,233
210,1317
233,232
233,451
1317,297
1317,340
189,1162
1162,944
1162,945
1162,1163
190,1075
1075,1030
1075,1055
1075,1073
191,214
191,1341
214,213
214,237
1341,1321
1341,1340
192,1272
192,301
192,1297
1272,1253
1272,1270
1272,1292
301,237
301,478
1297,341
1297,1277
1297,1298
216,217
216,826
194,475
194,719
194,1473
194,497
475,238
475,1319
719,457
719,782
1473,1452
195,501
195,523
501,238
501,960
501,697
523,217
523,370
523,961
196,567
196,414
196,782
567,784
567,831
567,612
414,786
414,589
782,1581
1066,1043
1066,1065
696,260
696,633
696,698
198,199
198,219
198,980
198,1111
199,1284
219,261
219,915
980,957
980,979
980,981
1111,220
1111,483
1111,936
1284,1285
1284,1307
223,222
223,224
223,246
224,225
224,247
225,226
225,248
226,227
226,249
227,228
227,250
228,229
228,880
229,230
229,252
967,966
967,968
339,316
339,338
339,340
1185,965
1185,1183
1185,1184
1404,341
1404,364
1404,1403
212,1120
1120,987
1120,1119
1120,1139
213,237
213,255
237,718
255,344
215,827
215,1517
215,562
827,806
1517,430
1517,495
1517,757
562,1583
562,695
562,1428
217,609
609,412
609,544
869,284
869,870
261,238
261,416
261,781
915,285
915,656
915,916
220,221
220,241
220,243
221,222
221,265
221,1044
241,871
243,242
243,244
243,266
222,244
222,245
265,264
265,266
265,288
1044,1043
1044,1087
244,245
244,1199
245,246
245,268
246,247
246,269
247,248
247,270
248,249
248,271
249,250
249,272
250,273
880,881
880,924
230,231
230,535
252,253
252,773
231,232
231,295
535,797
535,995
535,1060
232,1013
295,294
295,296
295,512
1013,297
1013,425
451,449
451,580
451,1123
234,1121
234,1490
234,299
1121,1101
1121,1119
1490,1488
1490,1489
299,1446
299,1166
299,518
1273,319
1273,385
1273,430
1494,605
1494,626
1494,758
718,500
718,543
348,829
348,589
478,455
478,524
871,546
871,870
871,872
242,263
242,395
242,936
263,305
395,372
395,374
395,396
936,913
936,935
266,267
266,289
1199,1198
1199,1200
1199,1222
268,267
268,269
268,291
269,270
269,292
270,271
270,293
271,272
271,294
272,273
272,968
273,274
273,296
274,275
274,579
253,254
253,361
773,750
773,774
773,796
254,1057
254,1252
361,338
361,381
361,881
1057,429
1057,469
1057,1055
1252,297
1252,407
1252,1275
344,298
258,281
258,588
386,385
386,432
1557,1535
1557,1576
281,283
281,326
588,325
259,541
259,347
541,495
541,1276
541,1448
347,872
347,477
260,302
260,673
302,279
673,389
673,412
416,439
781,780
781,1410
437,392
437,526
437,1004
305,306
305,328
264,285
264,287
264,482
285,284
285,1087
287,286
287,288
287,310
482,459
482,483
482,505
288,289
288,311
267,290
289,290
289,312
290,291
290,313
291,292
291,314
292,293
292,315
293,294
293,316
294,317
968,969
968,991
296,297
275,276
579,556
579,602
579,819
276,277
277,342
277,1275
342,539
342,1320
1275,582
1275,648
283,394
326,325
326,327
325,432
394,371
394,417
394,893
284,981
284,1026
981,306
981,526
1026,1025
1026,1158
286,307
286,1198
286,1242
307,306
1242,462
1242,549
1242,1241
310,309
310,311
310,333
311,312
311,334
312,313
312,335
313,314
313,336
314,315
314,337
315,316
315,338
316,317
317,688
512,489
512,511
512,753
298,1359
298,300
1359,1340
1359,1361
1359,1379
300,517
1446,1448
1166,406
1166,667
1166,1167
518,343
518,603
518,1254
517,387
517,627
589,1113
808,566
808,1201
808,982
306,329
328,329
328,460
329,308
329,330
308,309
308,331
308,1306
309,332
309,1416
331,330
331,332
331,354
1306,1305
1306,1307
1306,1329
332,333
332,355
1416,1393
1416,1417
333,334
333,356
334,335
334,357
335,336
335,358
336,337
336,359
337,338
337,360
688,797
688,1039
688,1083
1102,428
1102,513
1102,1082
319,492
319,1035
319,1034
492,969
492,1016
492,1059
1035,1034
1035,1036
1035,1037
1034,1036
320,1363
320,1448
320,429
1363,1343
1363,1364
1448,389
429,410
429,1123
321,452
452,519
452,539
430,1495
324,1361
1361,363
432,455
432,1559
327,350
327,436
327,829
350,351
350,373
436,459
436,524
436,983
829,766
460,938
460,1265
460,1070
330,351
330,353
351,1197
351,1244
353,352
353,354
353,376
354,355
354,377
355,356
355,378
356,357
356,379
357,358
357,380
358,359
358,381
359,360
359,578
360,491
360,710
340,450
450,604
450,647
450,601
341,1320
1320,471
1320,690
539,714
539,560
343,363
1559,564
392,545
872,503
872,721
477,370
477,654
477,741
372,373
372,1003
830,832
830,1224
830,1202
373,352
373,374
1197,1220
1244,745
1244,1221
1244,1243
352,375
352,1000
375,376
375,398
375,1089
1000,977
1000,999
1000,1001
376,377
376,399
377,378
377,400
378,379
378,401
379,380
379,402
380,381
380,403
381,404
578,555
578,776
578,1038
491,490
491,602
491,667
710,494
710,733
710,755
881,882
881,904
362,494
362,515
362,1143
494,1168
515,1212
515,604
515,1189
1143,1122
1143,1141
1143,1144
364,1122
1122,1123
1122,1124
1428,453
1428,671
1165,1144
1165,1163
1145,537
1145,558
1145,1125
607,630
545,853
545,1027
371,851
371,895
851,500
851,874
895,635
895,894
895,896
1003,569
1003,613
1003,1002
374,397
374,484
397,398
397,420
484,485
484,505
484,507
398,399
398,421
1089,438
1089,526
1089,1112
399,400
399,422
400,401
400,423
401,402
401,424
402,403
402,425
403,404
403,708
404,687
382,383
382,994
382,471
383,384
383,1210
383,581
994,447
994,995
994,1017
471,1210
471,1231
384,385
384,558
1210,603
1210,691
581,561
581,1103
581,1168
385,560
558,1189
558,1188
560,406
387,474
387,1232
474,455
1232,1209
1232,1233
1232,1234
388,1581
1581,500
654,873
391,610
391,873
610,1047
873,937
678,811
678,963
417,418
417,937
417,1025
893,870
893,894
396,419
396,1221
396,1350
419,418
419,420
419,442
1221,1220
1221,1222
1350,1349
1350,1373
420,421
420,443
421,422
421,444
422,423
422,445
423,424
423,446
424,425
424,447
425,601
708,685
708,707
708,709
687,598
687,624
687,820
405,667
405,993
405,1011
405,1015
667,1038
993,970
993,1016
993,1170
1015,426
1015,798
1015,1255
406,1319
1319,493
1319,649
407,1209
407,426
1209,1207
1209,1228
426,796
426,1124
410,1382
1382,1380
1382,1384
1382,1403
631,480
631,611
631,760
412,544
544,566
544,694
786,1004
786,984
786,1180
415,634
415,722
415,1092
634,874
634,1180
634,677
722,1267
722,917
722,742
1092,787
1092,1028
1092,1073
439,418
439,440
439,636
418,441
937,914
937,938
1025,590
1025,1002
441,442
441,464
442,443
442,465
443,444
443,466
444,445
444,467
445,446
445,468
446,447
446,683
447,711
601,1039
601,1061
796,795
796,819
1124,536
1124,645
427,557
427,1146
427,516
557,534
557,625
557,729
1146,428
1146,712
1146,1144
516,1256
516,605
428,493
428,1254
493,1148
493,1190
1254,514
1254,1253
1123,1104
1495,630
455,543
784,543
698,983
459,635
459,806
524,723
524,894
983,1202
983,1181
526,549
1004,504
1004,809
438,548
438,1068
438,1158
548,525
548,571
548,701
1068,481
1068,720
1068,1069
1158,679
1158,745
440,463
440,1112
440,1375
636,614
636,659
636,1289
463,462
463,464
463,486
1112,614
1112,1135
1375,1352
1375,1374
1375,1376
464,465
464,487
465,466
465,488
466,467
466,489
467,468
467,490
468,469
468,794
683,660
683,706
711,778
711,1062
711,756
448,580
448,643
448,665
448,732
580,1103
580,1278
643,576
643,600
643,731
665,469
665,642
665,798
732,709
732,778
732,1280
449,1125
449,1060
449,1104
1125,1126
1125,1127
1060,647
1060,1058
1104,538
1104,1105
604,1323
647,1364
519,605
453,626
453,583
626,1105
626,627
583,1342
583,1450
583,1322
543,760
457,677
677,1202
677,1135
635,503
635,658
806,850
806,913
938,720
938,896
1265,1264
1265,1266
1265,1288
1070,699
1070,963
1070,1046
461,1133
461,1179
461,1223
1133,1156
1133,1090
1179,613
1179,1156
1179,1178
1223,612
1223,811
1223,1222
462,483
462,485
485,486
485,508
486,487
486,509
487,488
487,510
488,489
488,511
489,490
490,772
469,470
794,771
794,795
794,817
470,1212
470,1059
470,1231
1212,473
1212,731
1059,800
1059,992
1231,514
1231,582
472,733
472,1211
733,536
733,756
1211,669
1211,691
1211,1191
473,1276
473,1342
1276,1277
1276,1278
1342,1321
1342,1343
741,611
741,695
741,764
479,742
479,675
479,785
742,982
742,1047
675,502
675,564
675,695
785,1114
785,1005
785,940
480,591
480,743
480,850
591,547
591,592
591,723
743,504
743,1334
743,1048
850,525
850,655
481,1180
481,809
481,676
1180,943
809,1134
809,1028
676,787
676,1091
505,702
505,1245
507,506
507,508
507,530
508,509
508,531
509,510
509,532
510,511
510,533
511,534
772,749
772,771
772,795
602,625
969,555
969,970
1016,1039
1016,1168
1148,734
1148,1127
1148,1147
1190,538
1190,561
1190,800
1168,1149
495,692
495,514
692,1301
692,1299
692,1236
514,1213
1188,1167
500,502
502,807
960,723
960,807
960,959
697,655
697,1047
807,720
807,765
503,525
503,959
525,1024
959,612
504,982
504,633
982,810
633,787
633,1005
702,679
702,725
702,857
1245,547
1245,1007
1245,1222
506,527
506,529
506,1333
527,528
527,1243
527,1418
529,528
529,530
529,552
1333,788
1333,1310
1333,1506
530,531
530,553
531,532
531,554
532,555
532,1549
533,556
533,620
534,599
534,903
753,730
753,776
753,1017
513,600
513,948
513,1100
600,556
600,820
948,925
948,947
948,949
1100,1078
1100,1079
1100,1101
1213,689
1213,734
1213,1214
1189,1191
1256,671
1256,1255
1256,1258
627,736
603,1453
603,1450
916,700
916,962
961,1138
961,1202
961,1204
723,746
894,569
1024,1001
1024,1177
549,550
528,551
528,1246
1243,1220
1243,1266
1418,1417
1418,1419
1418,1394
551,550
551,552
551,574
1246,853
1246,876
1246,1135
552,553
552,575
553,554
553,576
554,555
554,577
1549,620
1549,1526
1549,1548
556,973
620,619
620,621
599,576
599,622
599,644
903,904
903,926
797,774
797,820
995,972
995,1018
536,1169
536,1147
1169,1150
1169,1167
1169,1171
1147,1127
1147,1149
537,1014
537,1080
537,689
1014,645
1014,668
1014,991
1080,666
1080,668
1080,992
689,1255
689,1170
538,1278
538,1299
1278,1277
1299,561
1299,1279
714,582
714,584
714,1476
758,1126
758,1237
760,629
760,740
694,650
853,1291
1027,1138
1027,1115
1027,1072
546,656
546,831
546,874
656,679
656,789
831,812
831,832
874,897
547,657
547,914
657,1178
657,1200
657,1376
914,891
914,913
571,550
571,572
571,1417
701,724
701,856
701,1156
550,573
573,572
573,574
573,596
574,575
574,597
575,576
577,622
577,642
577,775
973,950
973,972
973,996
625,624
625,1235
729,706
729,728
729,752
559,1344
559,1322
559,713
559,645
1344,582
1344,734
1344,1367
1322,1302
1322,1321
713,668
713,1103
645,1037
561,1452
1452,1453
1583,670
630,629
740,721
612,897
568,744
568,1050
568,1201
568,1091
744,700
744,812
744,1030
1050,921
1050,1049
1050,1052
1201,940
1201,1181
1091,763
1091,788
569,570
569,592
570,1200
570,1332
570,1397
592,593
592,615
1200,680
1332,1309
1332,1331
1397,1374
1397,1420
572,593
572,595
1417,596
593,594
593,833
595,594
595,618
595,835
596,597
596,619
597,598
622,621
622,623
642,619
642,641
775,752
775,754
775,798
776,777
776,799
1038,644
1038,1061
819,818
819,842
1103,1101
1450,629
584,1384
1113,720
1113,1090
1113,1093
590,764
590,917
590,941
764,1071
764,1006
917,1115
917,1268
941,787
941,1398
941,1049
615,594
615,616
594,617
833,613
833,834
833,1267
617,616
617,618
617,640
618,619
618,641
835,640
835,814
835,834
598,621
598,793
621,730
793,770
793,792
793,816
644,709
644,1170
820,843
1039,1062
1061,1084
1453,690
1323,777
1323,801
1047,1005
611,1135
611,1028
1028,1161
897,877
897,943
613,614
614,637
637,616
637,638
616,639
639,638
639,662
639,1398
640,641
640,663
641,664
730,707
730,731
623,624
623,971
623,1083
971,712
971,970
971,972
1083,754
1083,1106
1235,1215
1235,1233
1235,1234
1105,755
1105,1128
1005,1157
658,659
658,681
658,746
659,638
659,660
1289,1266
1289,1288
1289,1312
638,661
661,660
661,662
661,684
662,663
662,685
1398,1399
1398,1421
663,664
663,1528
664,685
664,752
731,754
1170,1345
1037,992
1037,1036
646,735
646,1387
646,1345
646,1036
735,648
735,691
735,1214
1387,671
1387,1407
1345,755
1345,1368
1364,1343
648,1432
648,1431
1432,670
1432,1455
1431,1194
1431,1454
649,1255
649,757
757,1409
757,1106
655,766
655,939
766,767
766,789
939,1072
939,1049
939,1157
679,680
789,790
789,1267
1178,810
1178,1177
1376,900
1376,1353
681,660
681,680
681,682
746,769
684,685
684,707
1528,1483
1528,1527
1528,1506
752,751
798,821
666,774
666,974
666,1017
774,751
974,951
974,975
974,997
668,1388
1388,777
1388,1389
1388,1411
669,845
669,1257
669,1280
845,822
845,844
845,846
1257,690
1257,1151
1257,1238
1280,1281
670,1126
1126,1127
671,1300
1300,690
1300,715
1300,1279
890,867
890,889
890,891
811,1334
811,1248
963,1268
682,705
682,1377
682,1462
705,704
705,706
705,728
1377,745
1377,1354
1462,813
1462,1461
1462,1551
706,707
691,1192
1192,1191
1192,1193
1192,1194
1301,799
1301,1194
1301,1302
1236,1215
1236,1234
1236,1238
693,1562
693,1407
1407,1409
699,898
699,1114
699,852
898,1378
1114,940
1114,1090
852,1072
852,1048
852,1159
700,1157
1157,1134
724,725
724,1355
856,855
856,857
856,878
1156,1155
725,704
725,726
857,834
704,727
727,726
727,728
727,750
728,751
755,1019
778,779
1062,1085
1062,1258
756,802
756,1237
712,1214
712,1298
1214,1195
1298,1279
1298,1321
1476,801
1476,1477
1476,1499
715,1410
1410,799
1410,800
721,1224
721,1071
1224,1029
1224,1225
1071,1049
1071,1072
1267,1266
1355,876
1355,1354
726,749
749,748
749,750
750,751
754,1018
734,1167
1334,855
1334,1311
1048,763
1048,1006
812,1378
812,1530
1030,986
1030,1031
745,768
768,767
768,769
768,791
769,748
769,770
748,771
748,924
771,770
924,925
924,947
1018,1019
1018,1041
1019,996
1019,1020
802,779
802,780
1237,801
1237,1260
1409,780
1106,1107
1106,1086
803,1389
763,1069
763,1046
1069,962
1069,1046
1046,1088
765,832
765,984
832,834
984,1160
767,1311
767,919
1311,1288
1311,1310
919,896
919,920
791,770
791,790
791,792
795,818
777,1367
799,822
1367,1368
1367,1390
779,780
940,1136
788,1379
1379,810
1379,1378
790,813
790,920
813,792
813,1485
920,921
792,815
815,814
815,816
815,838
816,817
816,839
817,818
817,840
818,841
821,822
821,844
821,1411
1389,1390
1389,1412
913,912
1134,1136
1134,1155
810,1292
1292,1007
1292,1290
1248,1029
1248,1228
1248,1247
1378,1380
1530,1529
1530,1531
1530,1532
1485,1484
814,837
814,1551
837,838
837,860
1551,1529
1551,1531
838,839
838,861
839,840
839,862
840,841
840,863
841,842
841,864
842,843
842,865
843,844
843,866
844,867
1411,1412
1411,1434
846,847
1454,1455
1454,1477
859,860
859,882
860,861
860,883
861,862
861,884
862,863
862,885
863,864
863,886
864,865
864,887
865,866
865,888
866,867
866,889
847,870
1159,1139
1159,1160
1159,1161
1291,1290
1291,1293
1291,1313
854,1073
854,1466
854,1269
1466,1465
1466,1468
1269,1029
1269,1249
1269,1270
855,878
878,877
882,883
882,905
883,884
883,906
884,885
884,907
885,886
885,908
886,887
886,909
887,888
887,910
888,889
888,911
889,912
1042,1041
1042,1043
1042,1065
875,1095
875,1203
875,1094
1095,918
1095,1093
1095,1094
1203,1181
1203,1204
1094,1093
1094,1115
876,877
876,943
877,900
943,966
904,905
904,927
905,906
905,928
906,907
906,929
907,908
907,930
908,909
908,931
909,910
909,932
910,911
910,933
911,912
911,934
912,935
891,1542
1542,1519
1542,1543
896,985
985,962
985,986
985,1160
899,1206
899,1268
899,1183
1206,1207
1206,1225
1268,1247
1183,1181
1183,1184
925,926
922,921
922,966
922,1420
926,927
926,949
927,928
927,950
928,929
928,951
929,930
929,952
930,931
930,953
931,932
931,954
932,933
932,955
933,934
933,956
934,935
934,957
962,1160
1115,1093
918,1399
918,1137
918,942
1399,1380
1399,1421
1137,1116
1137,1136
1137,1138
942,964
942,1161
921,1032
1032,1052
966,1312
1420,1419
947,970
949,950
949,972
950,951
951,952
952,953
952,975
953,954
953,976
954,955
954,977
955,956
955,978
956,957
956,979
1136,1116
964,1097
964,1249
1161,945
944,1116
944,1096
1116,1031
1096,965
1096,987
1096,1077
945,1532
975,976
975,998
976,977
976,999
977,978
978,979
978,1001
979,1002
1138,1119
1204,1029
1204,1184
1097,988
1097,1077
1249,1228
1249,1247
965,1507
965,1052
1507,1506
1312,1290
991,992
996,997
997,998
997,1020
998,999
998,1021
999,1022
1001,1002
986,987
986,1009
988,1119
988,1575
1575,1574
1575,1576
1020,1021
1020,1043
1021,1022
1021,1239
1007,1422
1422,1421
1422,1423
1008,1141
1141,1139
1253,1233
1239,1129
1239,1216
1239,1262
1177,1176
1177,1155
1065,1240
1084,1107
1084,1082
1085,1086
1258,1238
1240,1217
1240,1263
1240,1346
1107,1086
1128,1129
1128,1151
1128,1109
1129,1152
1129,1109
1151,1149
1152,1304
1304,1281
1304,1305
1304,1261
1176,1309
1171,1150
1309,1308
1309,1310
1193,1216
1193,1191
1193,1195
1216,1217
1216,1215
1194,1217
1217,1218
1195,1218
1195,1215
1218,1241
1328,1305
1328,1327
1328,1329
1241,1264
1241,1260
1260,1238
1262,1263
1262,1285
1262,1261
1263,1264
1263,1286
1346,1326
1346,1327
1264,1287
1285,1286
1285,1308
1286,1287
1286,1505
1287,1288
1287,1310
1281,1282
1281,1519
1282,1305
1282,1261
1307,1308
1307,1330
1308,1331
1505,1482
1505,1504
1505,1506
1302,1303
1302,1325
1303,1326
1303,1261
1303,1327
1326,1325
1326,1327
1329,1330
1329,1352
1330,1331
1330,1353
1331,1354
1325,1348
1348,1349
1348,1369
1348,1371
1352,1353
1353,1354
1358,1337
1368,1369
1368,1391
1370,1369
1370,1371
1370,1393
1349,1371
1349,1372
1373,1372
1373,1374
1373,1396
1390,1391
1390,1413
1369,1392
1391,1392
1391,1414
1392,1393
1392,1394
1371,1372
1393,1394
1372,1395
1395,1394
1395,1396
1395,1440
1396,1419
1412,1413
1412,1435
1413,1414
1413,1436
1414,1437
1434,1435
1434,1457
1435,1436
1435,1458
1436,1437
1436,1459
1437,1438
1437,1460
1438,1461
1455,1456
1455,1478
1456,1457
1456,1479
1457,1458
1457,1480
1458,1459
1458,1481
1459,1460
1459,1482
1460,1461
1460,1483
1461,1484
1440,1441
1477,1478
1477,1500
1478,1479
1478,1501
1479,1480
1479,1502
1480,1481
1480,1503
1481,1482
1481,1504
1482,1483
1483,1484
1499,1500
1499,1522
1500,1501
1500,1523
1501,1502
1501,1524
1502,1503
1502,1525
1503,1504
1503,1526
1504,1527
1521,1522
1521,1544
1522,1523
1522,1545
1523,1524
1523,1546
1524,1525
1524,1547
1525,1526
1525,1548
1526,1527
1543,1544
1544,1545
1545,1546
1546,1547
1547,1548
1058,1078
1058,1079
1058,1081
1077,1078
1078,1079
1079,1081
1081,1082
1081,1101
1086,1088
1088,1090
1088,1109
1149,1150
1225,1247
1233,1234
1270,1290
1277,1279
1293,1313
1293,1314
1313,1314
1403,1423
1421,1423
1441,1465
1487,1488
1487,1489
1488,1489
1489,1491
1491,1512
1529,1531
1529,1552
1552,1553
1552,1554
1552,1572
1553,1554
1553,1572
1554,1574
1572,1574
1574,1576
