0,672
0,22
0,735
0,1365
672,890
672,1580
672,1452
22,24
22,1474
22,715
735,714
735,734
735,736
1365,603
1365,1363
1365,1367
1,2
1,24
1,1562
1,1540
2,3
2,25
2,1563
24,47
24,1063
1562,44
1562,605
1562,1000
1540,41
1540,65
1540,86
3,4
3,26
3,1564
25,48
25,1174
25,1563
1563,1152
1563,1564
4,5
4,27
4,1565
26,49
26,1173
26,1219
1564,45
1564,1565
5,28
5,1351
5,1566
27,28
27,50
27,1196
1565,1542
1565,1566
28,29
28,51
1351,1350
1351,1352
1351,1374
1566,1543
1566,1567
6,7
6,29
6,1439
6,1567
7,8
7,30
7,1568
29,30
29,52
1439,1438
1439,1440
1439,1417
1567,1544
1567,1568
8,9
8,31
8,1569
30,31
30,53
1568,1545
1568,1569
9,10
9,32
9,1570
31,54
31,703
1569,1546
1569,1570
10,11
10,1550
10,1571
32,55
32,878
32,1574
1570,1547
1570,1572
11,989
11,747
11,1399
1550,1332
1550,1527
1550,1573
1571,1396
1571,1507
1571,1548
989,34
989,143
989,987
747,724
747,726
747,746
1399,1398
1399,1401
1399,1420
12,35
12,836
12,1573
12,1575
35,879
35,1120
35,1489
836,837
836,857
836,859
1573,122
1573,1397
1575,14
1575,1552
1575,1556
13,1554
13,1531
13,901
13,1051
1554,144
1554,1533
1554,1534
1531,101
1531,1530
1531,1532
901,165
901,925
901,1551
1051,1032
1051,1050
1051,1052
14,1099
14,987
14,1552
1099,190
1099,231
1099,426
987,986
987,1443
1552,1529
1552,1551
15,1553
15,1577
15,1052
15,1402
1553,1533
1553,1555
1553,1572
1577,167
1577,1576
1577,1578
1052,1032
1052,1050
1402,212
1402,277
1402,1401
16,190
16,192
16,37
16,1380
190,191
190,1360
192,344
192,1538
192,1447
37,1249
37,1318
37,1424
1380,1357
1380,1403
1380,1378
17,126
17,106
17,518
17,1337
126,83
126,125
126,149
106,83
106,107
106,129
518,62
518,1298
518,671
1337,1335
1337,1336
1337,1338
18,1538
18,1361
18,1338
18,1382
1538,107
1538,587
1361,210
1361,258
1361,1359
1338,1318
1338,1339
1382,38
1382,254
1382,388
19,715
19,608
19,695
19,1560
715,669
715,713
608,64
608,585
608,694
695,172
695,283
695,500
1560,236
1560,1559
1560,1579
20,453
20,345
20,583
20,108
453,82
453,324
453,1230
345,388
345,1404
345,496
583,1278
583,1517
583,1275
108,107
108,109
108,846
21,129
21,1450
21,628
21,783
129,632
129,301
1450,430
1450,455
1450,626
628,42
628,128
628,1362
783,263
783,522
783,782
1474,606
1474,1453
1474,1475
23,46
23,1021
23,1107
23,1260
46,45
46,47
46,69
1021,998
1021,1020
1021,1022
1107,1084
1107,1106
1107,1259
1260,1237
1260,1283
1260,1258
47,48
47,70
1063,66
1063,1061
1063,1214
48,49
48,71
1174,286
1174,1151
1174,1197
49,50
49,72
1173,1172
1173,1196
1173,1154
1219,286
1219,1218
1219,1220
50,51
50,73
1196,156
1196,1328
51,52
51,74
52,53
52,75
53,54
53,76
54,55
54,77
703,680
703,683
703,704
55,56
55,251
878,855
878,877
878,879
1574,944
1574,1117
1574,1572
33,858
33,1033
33,1442
33,1463
858,317
858,859
858,879
1033,101
1033,296
1033,1032
1442,856
1442,1419
1442,1441
1463,441
1463,1440
1463,1484
34,988
34,1422
34,1356
988,945
988,965
988,1007
1422,1401
1422,1421
1422,1423
1356,1355
1356,1357
1356,1358
879,899
1120,78
1120,966
1120,1185
1489,1487
1489,1488
1489,1490
36,1184
36,1336
36,1010
36,1423
1184,1182
1184,1183
1184,1204
1336,59
1336,1335
1010,1009
1010,1011
1010,1030
1423,1421
1423,1424
1249,1226
1249,1248
1249,1250
1318,343
1318,1316
1424,1425
1424,1426
38,1447
38,167
38,474
1447,257
1447,1428
167,209
167,1272
474,495
474,1470
474,693
39,278
39,499
39,432
39,1578
278,277
278,279
278,1534
499,195
499,196
499,763
432,347
432,1491
432,478
1578,1579
40,239
40,1407
40,430
40,587
239,238
239,240
239,1583
1407,1387
1407,1405
1407,1406
430,541
430,1384
587,194
587,848
41,105
41,433
41,413
105,85
105,301
105,1428
433,128
433,412
433,455
413,172
413,411
413,633
42,303
42,782
42,1539
303,280
303,304
303,326
782,131
782,781
1539,1518
1539,1541
1539,1559
43,891
43,1454
43,542
43,216
891,890
891,892
891,914
1454,1431
1454,1455
1454,1477
542,235
542,323
542,761
216,193
216,217
216,588
44,718
44,1064
44,1433
718,501
718,610
718,784
1064,1041
1064,1065
1064,1087
1433,1432
1433,1434
1433,1456
45,68
45,1475
68,67
68,69
68,91
1475,1498
1475,1453
69,70
69,92
70,71
70,93
71,72
71,94
72,73
72,95
73,74
73,96
74,75
74,97
75,76
75,98
76,77
76,99
77,100
77,1509
56,57
56,79
56,1076
251,250
251,252
251,274
57,1556
57,1121
57,103
79,102
79,166
79,1532
1076,211
1076,275
1076,1075
1556,59
1556,1555
1121,407
1121,429
1121,1119
103,102
103,1186
103,1340
58,81
58,80
58,1426
58,1098
81,82
81,1405
81,1532
80,61
80,1315
80,148
1426,1425
1426,1428
1098,1077
1098,1096
1098,1097
59,1339
59,147
1339,367
1339,1340
147,146
147,148
147,170
60,1558
60,1340
60,1535
60,1513
1558,128
1558,477
1558,543
1340,340
1535,233
1535,408
1535,452
1513,189
1513,1360
1513,1512
61,434
61,475
61,299
434,325
434,784
434,719
475,62
475,1492
475,1383
299,276
299,298
299,1188
62,497
62,169
497,346
497,1320
497,1383
169,1580
169,1491
169,1163
63,693
63,1582
63,588
63,627
693,84
693,713
1582,282
1582,604
1582,631
588,85
588,762
627,431
627,1386
627,778
64,521
64,565
64,584
521,171
521,629
521,738
565,107
565,720
565,697
584,1384
584,1430
584,1298
65,758
65,824
65,605
758,539
758,626
758,737
824,823
824,825
824,801
605,736
605,1366
66,67
66,89
66,153
67,90
67,1108
89,88
89,90
89,112
153,132
153,152
153,675
90,91
90,113
1108,157
1108,1085
1108,1131
91,92
91,114
92,93
92,115
93,94
93,116
94,95
94,117
95,96
95,118
96,97
96,119
97,98
97,120
98,99
98,121
99,100
99,144
100,123
100,900
1509,1508
1509,1510
1509,1511
78,857
78,1466
78,964
857,834
857,856
1466,1140
1466,1443
1466,1446
964,945
964,963
964,965
102,300
102,1095
166,188
166,233
166,1253
1532,1533
1315,1313
1315,1314
1315,1316
148,150
148,496
82,1580
82,367
1405,585
1405,1406
1580,520
367,1448
367,1492
83,631
83,322
631,392
631,806
322,1252
322,1557
322,1494
84,193
84,324
84,236
193,170
193,543
324,455
324,454
236,1448
236,390
85,784
85,562
784,785
562,1276
562,673
562,1448
86,804
86,868
86,218
804,456
804,803
804,827
868,867
868,869
868,1019
218,217
218,219
218,241
87,304
87,717
87,1476
87,1410
304,520
304,739
717,283
717,564
717,674
1476,1477
1476,1499
1476,1453
1410,1409
1410,1431
1410,1452
88,109
88,847
88,805
109,305
109,827
847,846
847,848
847,870
805,369
805,371
805,675
112,111
112,113
112,135
113,114
113,136
114,115
114,137
115,116
115,138
116,117
116,139
117,118
117,140
118,119
118,141
119,120
119,142
120,121
120,143
121,122
121,1465
144,145
144,1576
123,122
123,124
123,146
900,877
900,923
900,898
101,945
101,1140
945,965
1140,1185
1140,1138
300,127
300,255
300,1385
1095,1093
1095,1094
1095,1096
1186,298
1186,450
1186,1166
104,1514
104,1576
104,1209
104,1445
1514,342
1514,1493
1514,1515
1576,234
1209,1189
1209,1210
1209,1228
1445,145
1445,1444
1445,1446
301,1537
301,650
1428,1429
846,845
846,823
305,306
305,328
305,849
827,826
827,982
110,111
110,131
110,133
110,1131
111,134
111,1283
131,803
131,198
133,132
133,134
133,156
1131,267
1131,1154
134,135
134,157
1283,1282
1283,1284
135,136
135,158
136,137
136,159
137,138
137,160
138,139
138,161
139,140
139,162
140,141
140,163
141,142
141,164
142,143
142,165
143,1075
122,164
1465,1444
1465,1464
1465,1467
164,163
164,187
124,125
124,1139
124,1362
146,145
146,1404
125,389
125,1273
1139,1207
1139,1312
1139,1138
1362,428
1362,1363
389,213
389,607
389,1516
1273,340
1273,1185
1273,1296
149,150
149,674
149,1406
127,456
127,696
127,544
456,238
456,327
696,171
696,368
696,543
544,520
544,607
544,698
128,607
607,1561
632,612
632,917
632,739
130,392
130,913
130,585
130,1495
392,761
392,678
913,912
913,914
913,936
585,1537
1495,649
1495,1472
1495,1496
803,670
803,802
198,199
198,219
198,980
132,1045
132,892
1045,176
1045,1022
1045,1044
892,414
892,893
156,179
156,1067
157,180
157,1259
158,159
158,181
158,1130
159,160
159,182
160,161
160,183
161,162
161,184
162,163
162,185
163,186
165,188
165,923
1075,1073
1075,1074
145,1187
1187,472
1187,558
1187,1166
1404,387
1404,1381
170,411
170,1359
150,151
150,477
496,476
496,1319
674,259
674,1537
1406,670
151,152
151,566
151,346
477,739
477,479
152,302
152,781
566,390
566,651
566,634
346,828
346,478
302,279
302,325
302,387
781,780
781,759
675,937
675,763
154,155
154,175
154,177
154,1175
155,178
155,1369
155,1415
175,174
175,1024
175,1520
177,176
177,178
177,200
1175,1152
1175,1176
1175,1198
178,179
178,201
1369,1368
1369,1370
1369,1392
1415,1414
1415,1416
1415,1438
179,180
179,202
1067,1066
1067,1068
1067,1198
180,181
180,203
1259,1258
1259,1261
181,182
181,204
1130,199
1130,1085
1130,1153
182,183
182,205
183,184
183,206
184,185
184,207
185,186
185,208
186,187
186,1055
187,210
187,1055
188,211
188,1512
923,902
923,922
233,210
233,232
1253,1232
1253,1252
1253,1341
209,208
209,210
209,1143
1272,1053
1272,1270
1272,1271
168,235
168,1448
168,1251
168,1467
235,476
235,388
1251,1250
1251,1231
1251,1270
1467,1446
1467,1468
1491,1471
1491,1490
1163,1162
1163,1164
1163,1165
411,259
411,1451
1359,1360
1359,1379
171,716
171,740
716,260
716,390
716,650
740,630
740,741
740,762
172,630
172,1494
630,738
630,651
1494,238
1494,649
173,869
173,457
173,347
173,520
869,284
869,870
457,415
457,478
457,545
347,808
347,760
174,197
174,240
174,480
197,176
197,1066
197,826
240,241
240,567
480,787
480,981
480,1047
1024,1001
1024,1023
1024,1046
1520,1519
1520,1521
1520,1543
176,981
981,526
981,980
200,199
200,201
200,223
201,202
201,224
202,203
202,225
203,204
203,226
204,205
204,227
205,206
205,228
206,207
206,229
207,208
207,230
208,339
1055,946
1055,1053
211,212
211,234
1512,1511
1512,1510
189,191
189,428
189,234
191,214
191,1385
428,1274
428,1102
234,1449
1360,1383
214,213
214,237
214,522
1385,540
1385,560
344,321
344,342
344,1536
543,1515
194,458
194,629
194,261
458,917
458,589
458,1048
629,563
629,1452
261,262
261,285
261,738
195,523
195,414
195,850
523,414
523,896
523,743
414,652
850,652
850,655
850,851
196,502
196,390
196,479
502,525
502,807
502,873
479,656
479,500
1066,1043
1066,1065
826,825
826,849
199,1110
219,1089
219,370
980,957
980,979
1110,1087
1110,1111
1110,1133
223,222
223,224
223,246
224,225
224,247
225,226
225,248
226,227
226,249
227,228
227,250
228,229
228,880
229,230
229,252
230,231
230,253
339,316
339,338
339,340
1143,212
1143,1141
1143,1142
212,213
213,1472
1472,561
1472,1449
237,238
237,1473
237,388
522,1004
522,721
215,563
215,676
215,650
215,500
563,454
563,1536
676,391
676,547
676,612
650,258
500,698
217,806
217,349
806,459
806,807
349,348
349,350
349,372
241,220
241,1132
1089,375
1089,461
1089,1112
370,960
370,654
370,415
220,221
220,243
220,1111
221,222
221,265
221,1044
243,242
243,244
243,266
1111,483
1111,1088
222,244
222,245
265,264
265,266
265,288
1044,1043
1044,1087
244,245
244,1199
245,246
245,268
246,247
246,269
247,248
247,270
248,249
248,271
249,250
249,272
250,273
880,881
880,903
880,924
252,253
252,773
231,232
231,295
253,254
253,276
232,1119
232,1207
295,294
295,296
295,512
1119,1269
1119,1118
1207,1205
1207,1206
1449,1229
1449,1469
476,259
476,1583
1473,473
1473,538
1473,564
1583,519
1583,586
567,697
567,893
567,1049
1132,262
1132,397
1132,1241
242,263
242,395
242,936
263,262
263,1087
395,372
395,374
395,396
936,935
936,937
266,267
266,289
1199,1198
1199,1200
1199,1222
268,267
268,269
268,291
269,270
269,292
270,271
270,293
271,272
271,294
272,273
272,968
273,274
273,296
274,275
274,579
773,750
773,774
773,796
254,255
254,1403
276,275
276,277
255,256
255,363
1403,321
1403,1229
256,257
256,279
256,498
363,384
363,452
363,426
257,258
257,280
279,280
498,326
498,760
498,519
258,281
280,281
281,282
281,283
259,436
436,459
436,1114
436,699
260,501
260,761
260,739
501,1026
501,958
761,545
262,1047
285,264
285,284
285,611
738,671
1047,610
1047,1046
264,287
264,482
287,286
287,288
287,310
482,459
482,483
482,505
288,289
288,311
267,290
289,290
289,312
290,291
290,313
291,292
291,314
292,293
292,315
293,294
293,316
294,317
968,967
968,969
968,991
296,297
275,1208
579,556
579,602
579,819
1208,320
1208,365
1208,406
277,1012
1012,404
1012,1011
1012,1035
1534,1533
1534,1555
282,283
282,697
697,524
284,915
284,1026
915,914
915,916
915,938
1026,1025
1026,1158
611,437
611,1180
611,1158
286,307
307,306
307,393
307,1156
310,309
310,311
310,333
311,312
311,334
312,313
312,335
313,314
313,336
314,315
314,337
315,316
315,338
316,317
317,383
512,489
512,511
512,513
297,298
297,1229
297,1317
298,383
1229,385
1317,323
1317,364
1317,472
383,382
383,384
1188,341
1188,343
1188,604
1537,412
325,326
325,348
387,386
387,410
326,327
306,329
306,653
328,327
328,329
328,873
849,546
849,848
329,308
329,330
653,369
653,741
653,1004
393,416
393,852
393,652
1156,1133
1156,1155
1156,1179
308,309
308,331
308,1306
309,332
309,1113
331,330
331,332
331,354
1306,1305
1306,1307
1306,1329
332,333
332,355
1113,549
1113,1093
1113,1114
333,334
333,356
334,335
334,357
335,336
335,358
336,337
336,359
337,338
337,360
338,361
318,969
318,319
318,1146
318,1142
969,970
969,992
319,1145
319,1142
319,1101
1146,427
1146,1126
1146,1144
1142,1141
1145,364
1145,1144
1145,1147
1101,1100
1101,1102
1101,1103
320,1100
320,1054
320,1427
1100,1079
1100,1102
1054,1053
1054,1056
1054,1074
1427,341
1427,386
1427,1425
321,1274
321,517
1274,431
1274,1294
517,1451
517,606
517,1122
1252,1275
1252,1231
1557,431
1557,519
1557,1555
323,452
323,1316
452,1296
1316,1314
455,1384
454,1320
454,1297
348,371
348,848
327,350
350,351
350,373
873,872
873,874
330,351
330,353
351,1091
351,437
353,352
353,354
353,376
354,355
354,377
355,356
355,378
356,357
356,379
357,358
357,380
358,359
358,381
359,360
359,578
360,491
360,710
361,362
361,381
361,881
340,451
451,1189
451,1078
451,1013
341,1165
341,516
1165,1144
1165,1164
516,1122
516,691
516,581
342,1231
342,538
1231,1230
538,647
538,582
343,1364
343,409
1364,561
1364,647
1364,1363
409,1276
409,604
409,1297
1536,366
1536,1516
828,416
828,829
828,851
478,785
808,503
808,807
808,831
760,564
760,609
371,394
371,633
372,373
372,1003
373,352
373,374
1091,590
1091,1072
1091,1090
437,982
437,1179
352,375
352,1090
375,376
375,398
1090,504
1090,1088
376,377
376,399
377,378
377,400
378,379
378,401
379,380
379,402
380,381
380,403
381,404
578,513
578,555
578,601
491,405
491,490
491,1124
710,493
710,687
710,733
362,1058
362,469
362,1057
881,882
881,904
1058,646
1058,1035
1058,1081
469,468
469,513
469,1037
1057,536
1057,1036
1057,1056
384,385
384,429
426,645
426,468
364,495
364,410
495,515
495,1168
410,365
410,1451
365,1297
365,1342
1297,494
1342,408
1342,450
1342,1321
366,473
366,1425
366,1579
473,1276
473,1233
1579,1581
1492,1471
1492,1493
368,694
368,673
368,763
694,541
694,586
673,609
673,825
763,764
369,829
369,785
829,438
829,830
785,786
960,634
960,959
960,961
654,412
654,569
654,741
415,461
415,1027
394,417
394,1133
394,1155
633,720
633,742
1003,569
1003,613
1003,1002
374,397
374,484
397,398
397,420
484,485
484,505
484,507
398,399
398,421
399,400
399,422
400,401
400,423
401,402
401,424
402,403
402,425
403,404
403,708
404,405
382,753
382,602
382,946
753,730
753,776
753,752
602,625
602,798
946,947
946,967
385,386
385,1470
429,1386
429,471
386,1298
1470,1468
1470,1469
1298,648
1516,586
1516,1517
391,721
391,698
391,762
721,504
721,700
698,610
762,545
678,680
678,699
678,700
416,439
416,1005
852,851
852,853
852,875
652,609
417,418
417,1025
417,916
1133,1134
1155,1154
1155,1157
396,419
396,1221
396,1350
419,418
419,420
419,442
1221,1220
1221,1222
1221,1244
1350,1349
1350,1373
420,421
420,443
421,422
421,444
422,423
422,445
423,424
423,446
424,425
424,447
425,601
425,1013
708,685
708,707
708,709
405,406
405,971
406,948
406,494
971,494
971,970
971,972
948,925
948,947
948,949
494,1056
407,450
407,1383
407,1034
450,493
1034,448
1034,1014
1034,1036
408,1164
408,1275
1164,1144
1275,1254
1276,582
604,780
1451,651
412,719
719,545
719,568
461,699
461,1158
1027,568
1027,1006
1027,1028
439,418
439,440
439,1114
1005,983
1005,1004
1005,1006
418,441
1025,1002
1025,1068
916,568
916,939
441,442
441,464
442,443
442,465
443,444
443,466
444,445
444,467
445,446
445,468
446,447
446,683
447,448
447,711
601,1039
601,1061
1013,534
1013,990
645,777
645,1167
645,1279
468,467
427,688
427,754
427,1277
688,581
688,687
688,1235
754,755
754,800
754,996
1277,1254
1277,1300
1277,1255
1102,470
1386,1387
1386,1388
471,515
471,668
471,711
541,1496
541,1341
1384,1295
431,1254
1254,1191
435,481
435,524
435,939
435,786
481,1114
481,1092
481,1112
524,1070
524,896
939,938
939,962
786,809
786,767
459,635
699,677
982,983
982,984
1179,614
1179,1178
438,959
438,590
438,1071
959,655
959,958
590,1049
590,1028
1071,1069
1071,1072
1071,1073
440,463
440,1135
440,1375
463,462
463,464
463,486
1135,636
1135,1112
1135,1246
1375,1352
1375,1374
1375,1376
464,465
464,487
465,466
465,488
466,467
466,489
467,490
683,660
683,706
448,1016
448,1103
711,623
711,1344
1016,559
1016,993
1016,1039
1103,514
1103,1104
449,492
449,1038
449,731
449,666
492,599
492,799
492,668
1038,1015
1038,1061
1038,1192
731,536
731,730
731,732
666,665
666,667
666,1079
493,1210
493,515
1189,626
1189,1190
1078,559
1078,1059
1078,1077
1296,1319
1296,1294
1230,1228
1230,1232
1320,1319
1320,1343
917,894
917,940
589,547
589,720
589,1070
1048,460
1048,1029
1048,1046
635,658
635,895
635,961
460,720
460,612
460,1136
612,940
1136,1115
1136,1116
1136,1134
1158,1157
462,483
462,485
462,1242
483,1201
485,486
485,508
1242,1241
1242,1265
1242,1261
486,487
486,509
487,488
487,510
488,489
488,511
489,490
490,772
513,1125
1037,643
1037,1014
1037,1060
470,709
470,990
470,1035
709,686
709,732
990,991
990,1011
1035,558
515,1168
668,558
668,820
472,647
472,1319
647,558
1233,1232
1233,1234
1233,1213
656,546
656,657
656,679
787,505
787,764
787,788
1092,657
1092,1093
1092,1094
1112,677
505,895
1201,548
1201,1181
1201,1202
507,506
507,508
507,530
508,509
508,531
509,510
509,532
510,511
510,533
511,534
772,749
772,771
772,795
1124,537
1124,1123
1124,1126
599,576
599,598
599,622
799,776
799,822
799,1060
1210,580
1210,1190
1056,1036
1168,626
1168,1149
519,1429
958,935
958,957
525,548
525,610
525,570
807,830
503,526
503,872
503,810
526,549
526,875
872,613
872,871
810,677
810,809
810,811
504,1049
504,897
1049,1050
897,874
897,920
897,854
895,894
895,896
506,527
506,529
506,1333
527,528
527,1243
527,1418
529,528
529,530
529,552
1333,723
1333,1310
1333,1506
530,531
530,553
531,532
531,554
532,533
532,555
533,534
533,556
534,557
1125,539
1125,580
1125,1123
514,624
514,557
514,1166
624,623
624,625
624,1257
557,974
557,1015
1166,1167
1122,536
1122,1123
691,689
691,690
691,692
581,600
581,777
606,648
606,1561
671,1341
671,1432
1429,1341
1429,1408
1004,983
896,919
743,722
743,744
743,745
1070,1050
1070,1069
548,571
548,702
570,569
570,571
570,1289
549,550
549,1398
875,874
875,876
528,551
528,1311
1243,1220
1243,1244
1243,1266
1418,1417
1418,1419
1418,1440
551,550
551,552
551,574
1311,1288
1311,1310
1311,1334
552,553
552,575
553,554
553,576
554,555
554,577
555,556
556,973
535,797
535,995
535,733
535,665
797,774
797,796
797,820
995,972
995,994
995,1018
733,732
733,756
665,642
665,664
536,798
798,775
798,821
537,1081
537,1299
537,1191
1081,1104
1081,1256
1299,1278
1299,1280
1299,1300
1191,559
1191,1062
582,1123
582,734
539,1559
539,712
1559,1561
712,689
712,690
712,713
540,1430
540,1322
540,1363
1430,625
1430,1431
1322,1302
1322,1321
1322,1343
1496,648
1496,1519
1515,564
1515,1493
546,871
546,591
871,634
871,870
591,568
591,592
591,1268
547,1244
547,1159
1244,1245
1159,1157
1159,1160
1159,1161
571,550
571,572
702,679
702,725
702,853
550,573
1398,1379
1398,1400
573,572
573,574
573,596
574,575
574,597
575,576
575,598
576,577
577,600
577,622
973,950
973,972
973,996
974,951
974,975
974,997
1015,644
1015,992
559,692
692,670
692,690
560,800
560,1080
560,1344
800,603
800,757
1080,1059
1080,1079
1080,1082
1344,1367
1344,1321
561,1518
561,646
1518,1517
1518,1541
646,1193
646,778
651,1493
634,962
893,870
893,894
569,592
592,593
592,615
1289,1266
1289,1288
1289,1312
572,593
572,595
593,594
593,833
595,594
595,596
595,618
596,597
596,619
597,598
597,620
598,621
600,623
600,1060
622,621
622,623
819,796
819,818
819,842
580,1211
580,1256
1211,603
1211,1190
1211,1212
1256,1279
1256,1255
777,776
777,778
734,714
734,736
1278,756
1278,1255
1517,1497
586,649
649,1497
1028,1029
1028,1030
1268,1245
1268,1269
1268,1267
615,594
615,614
615,616
594,617
833,613
833,832
833,834
617,616
617,618
617,640
618,619
618,641
619,620
619,642
620,621
620,1549
621,644
1060,1083
1039,1062
1039,1018
1061,1084
625,1408
603,1017
1017,667
1017,994
1017,1040
780,779
780,737
736,714
1366,670
1366,1343
1366,1389
648,1234
1561,1541
609,742
742,765
742,1068
1180,1160
1180,1178
1180,1181
940,963
940,918
613,614
614,637
637,616
637,636
637,638
616,639
639,638
639,662
639,1551
640,641
640,663
640,835
641,642
641,664
642,643
1549,1485
1549,1526
1549,1548
644,643
644,1082
1257,1151
1257,1234
1257,1238
1408,1409
1408,1387
778,779
1452,669
962,985
962,1069
658,659
658,681
658,679
961,938
961,984
636,659
636,789
659,638
659,660
789,788
789,790
789,748
638,661
661,660
661,662
661,684
662,663
662,685
1551,1462
663,664
663,686
835,814
835,834
835,877
664,687
643,1014
1014,991
1082,1105
1082,1040
1167,1148
1167,1169
1279,1542
1279,1258
1193,1216
1193,1172
1193,1194
1234,1213
1497,1453
1497,1498
741,764
655,766
655,894
766,765
766,767
766,745
657,1094
657,1137
679,680
1094,1093
1137,1116
1137,1118
1137,1138
681,660
681,680
681,682
684,685
684,707
684,682
685,686
686,687
667,1104
667,689
1079,1059
1104,1127
689,690
820,821
820,843
669,994
669,845
994,993
845,822
845,844
1432,1409
1432,1455
890,867
890,889
825,802
937,914
937,938
677,1134
1134,1115
682,705
682,1462
705,704
705,706
705,728
1462,1461
1462,1441
706,707
706,729
707,730
1235,1236
1235,1215
1235,1237
701,724
701,700
701,722
701,723
724,725
724,1117
725,704
725,726
853,830
853,854
704,727
727,726
727,728
727,750
728,729
728,751
729,730
729,752
732,755
723,746
723,722
746,769
746,744
1117,1097
1117,1115
726,749
749,748
749,750
750,751
751,752
751,774
752,775
755,1171
755,757
756,779
756,1170
764,765
765,744
1068,1069
745,768
745,744
768,767
768,769
768,791
769,748
769,770
748,771
771,770
771,794
774,775
775,776
1171,1172
1171,1169
1171,1170
779,802
1170,1345
1170,1169
767,790
790,791
790,813
791,770
791,792
770,793
793,792
793,794
793,816
794,795
794,817
795,796
795,818
802,801
809,788
809,811
788,811
813,792
813,812
813,814
792,815
815,814
815,816
815,838
816,817
816,839
817,818
817,840
818,841
821,822
821,844
822,823
801,759
801,823
830,831
831,832
831,812
811,812
812,832
814,837
837,838
837,860
838,839
838,861
839,840
839,862
840,841
840,863
841,842
841,864
842,843
842,865
843,844
843,866
844,867
851,874
832,834
859,860
859,882
860,861
860,883
861,862
861,884
862,863
862,885
863,864
863,886
864,865
864,887
865,866
865,888
866,867
866,889
854,855
854,876
855,856
855,1334
856,1053
1334,1313
1334,1332
882,883
882,905
883,884
883,906
884,885
884,907
885,886
885,908
886,887
886,909
887,888
887,910
888,889
888,911
889,912
876,877
876,1246
1246,1245
1246,1247
903,902
903,904
903,926
924,925
924,947
924,944
904,905
904,927
905,906
905,928
906,907
906,929
907,908
907,930
908,909
908,931
909,910
909,932
910,911
910,933
911,912
911,934
912,935
919,920
919,898
919,899
920,921
920,943
925,926
902,922
902,1011
922,921
922,1400
926,927
926,949
927,928
927,950
928,929
928,951
929,930
929,952
930,931
930,953
931,932
931,954
932,933
932,955
933,934
933,956
934,935
934,957
921,941
921,942
943,966
943,941
943,942
1400,1377
1400,1381
947,970
949,950
949,972
950,951
951,952
952,953
952,975
953,954
953,976
954,955
954,977
955,956
955,978
956,957
956,979
963,986
963,1223
966,967
966,1485
944,967
944,942
970,993
975,976
975,998
976,977
976,999
977,978
977,1000
978,979
978,1001
979,1002
984,1007
984,983
985,986
985,1008
985,965
986,1009
1223,1200
1223,1222
1223,1224
1485,1484
1485,1464
991,992
992,993
996,997
996,1019
997,998
997,1020
998,999
999,1000
999,1022
1000,1001
1001,1002
1007,1030
1007,1006
1008,1031
1008,1006
1008,1009
1009,1029
1443,1420
1443,1441
1018,1019
1018,1041
1019,1020
1020,1043
1022,1023
1030,1031
1031,1032
1031,1029
1040,1041
1040,1083
1041,1042
1043,1042
1023,1042
1023,1046
1192,1323
1192,1172
1192,1190
1062,1085
1062,1258
1042,1065
1065,1240
1083,1106
1083,1084
1084,1085
1214,1105
1214,1195
1214,1212
1240,1217
1240,1263
1240,1346
1198,1200
1105,1128
1105,1106
1106,1086
1127,1150
1127,1126
1127,1147
1128,1129
1128,1151
1128,1086
1269,1250
1269,1267
1185,1183
1150,1151
1150,1148
1150,1149
1129,1152
1129,1239
1129,1109
1152,1304
1239,1216
1239,1262
1239,1238
1153,1176
1153,1197
1153,1109
1154,1177
1241,1218
1241,1264
1312,1335
1312,1290
1304,1281
1304,1303
1304,1305
1176,1177
1176,1309
1197,1220
1197,1195
1177,1178
1177,1200
1345,1368
1345,1326
1345,1346
1309,1308
1309,1310
1309,1332
1178,1157
1323,1300
1323,1324
1323,1302
1216,1217
1216,1215
1194,1217
1194,1301
1194,1431
1217,1218
1301,1302
1301,1324
1301,1280
1195,1218
1195,1215
1328,1305
1328,1327
1328,1329
1222,1245
1224,1225
1224,1203
1224,1226
1225,1226
1225,1206
1225,1227
1226,1206
1232,1212
1236,1237
1236,1238
1236,1255
1237,1238
1262,1263
1262,1285
1262,1261
1263,1264
1263,1286
1346,1327
1346,1347
1264,1265
1264,1287
1265,1266
1265,1288
1266,1267
1247,1248
1247,1227
1247,1267
1248,1227
1248,1228
1250,1270
1285,1284
1285,1286
1285,1308
1286,1287
1286,1505
1287,1288
1287,1310
1300,1280
1542,1519
1542,1543
1280,1281
1281,1282
1281,1519
1282,1305
1282,1261
1284,1307
1284,1303
1307,1308
1307,1330
1308,1331
1505,1482
1505,1504
1505,1506
1295,1293
1295,1294
1295,1314
1302,1303
1324,1325
1324,1347
1303,1326
1326,1325
1326,1327
1329,1330
1329,1352
1330,1331
1330,1353
1331,1332
1331,1354
1335,1358
1343,1321
1325,1348
1325,1327
1347,1348
1347,1370
1348,1349
1348,1371
1352,1353
1353,1354
1353,1376
1354,1355
1354,1377
1506,1507
1506,1529
1358,1381
1358,1357
1367,1368
1367,1390
1368,1391
1370,1371
1370,1393
1349,1371
1349,1372
1373,1372
1373,1374
1373,1396
1374,1397
1376,1377
1376,1355
1355,1357
1377,1378
1381,1379
1389,1388
1389,1390
1389,1412
1390,1391
1390,1413
1391,1392
1391,1414
1392,1393
1392,1394
1371,1372
1393,1394
1393,1416
1372,1395
1395,1394
1395,1396
1395,1417
1396,1419
1397,1420
1397,1378
1388,1411
1388,1387
1411,1412
1411,1434
1411,1409
1412,1413
1412,1435
1413,1414
1413,1436
1414,1437
1394,1416
1416,1417
1419,1420
1434,1435
1434,1457
1435,1436
1435,1458
1436,1437
1436,1459
1437,1438
1437,1460
1438,1461
1455,1456
1455,1478
1456,1457
1456,1479
1457,1458
1457,1480
1458,1459
1458,1481
1459,1460
1459,1482
1460,1461
1460,1483
1461,1484
1440,1421
1477,1478
1477,1500
1478,1479
1478,1501
1479,1480
1479,1502
1480,1481
1480,1503
1481,1482
1481,1504
1482,1483
1483,1484
1483,1528
1498,1499
1498,1521
1499,1500
1499,1522
1500,1501
1500,1523
1501,1502
1501,1524
1502,1503
1502,1525
1503,1504
1503,1526
1504,1527
1528,1527
1528,1529
1528,1530
1521,1522
1521,1544
1522,1523
1522,1545
1523,1524
1523,1546
1524,1525
1524,1547
1525,1526
1525,1548
1526,1527
1507,1508
1507,1486
1529,1530
1508,1486
1508,1510
1510,1511
1511,1530
1543,1544
1544,1545
1545,1546
1546,1547
1547,1548
700,722
713,714
737,757
737,759
757,759
898,899
898,918
899,918
918,941
941,942
1036,1059
1072,1073
1072,1074
1073,1074
1077,1096
1077,1097
1086,1088
1086,1109
1088,1109
1096,1097
1115,1116
1116,1118
1118,1138
1126,1147
1141,1161
1141,1162
1147,1148
1148,1149
1149,1169
1160,1161
1160,1162
1161,1162
1181,1182
1181,1183
1182,1183
1182,1202
1202,1203
1202,1204
1203,1204
1203,1205
1204,1205
1205,1206
1212,1213
1213,1215
1227,1228
1270,1271
1271,1291
1271,1292
1290,1291
1290,1292
1290,1313
1291,1292
1291,1293
1292,1293
1293,1294
1313,1314
1378,1379
1401,1421
1441,1464
1444,1446
1444,1464
1468,1469
1468,1487
1469,1471
1471,1490
1486,1487
1486,1488
1487,1488
1488,1490
