0,892
0,1365
0,1410
0,606
892,132
892,891
892,893
1365,604
1365,647
1365,715
1410,781
1410,799
1410,803
606,21
606,1471
606,1562
1,24
1,131
1,823
1,1040
24,47
24,1063
24,1324
131,110
131,262
131,1023
823,87
823,822
823,1280
1040,996
1040,1017
1040,1041
2,3
2,25
2,1064
2,1563
3,4
3,26
3,1564
25,48
25,1174
25,1563
1064,1041
1064,1065
1064,1087
1563,1152
1563,1564
4,5
4,27
4,1565
26,49
26,1173
26,1219
1564,45
1564,1565
5,28
5,1351
5,1566
27,28
27,50
27,1196
1565,1542
1565,1566
28,29
28,51
1351,1350
1351,1352
1351,1374
1566,1543
1566,1567
6,7
6,29
6,1439
6,1567
7,8
7,30
7,1568
29,30
29,52
1439,549
1439,1438
1439,1440
1567,1544
1567,1568
8,9
8,31
8,1569
30,31
30,53
1568,1545
1568,1569
9,10
9,32
9,1570
31,54
31,703
1569,1546
1569,1570
10,11
10,1550
10,1571
32,55
32,165
32,879
1570,575
1570,1547
11,747
11,923
11,989
1550,1332
1550,1527
1550,1573
1571,1396
1571,1507
1571,1548
747,724
747,726
747,746
923,143
923,230
923,900
989,167
989,900
989,987
12,836
12,901
12,1442
12,1573
836,837
836,857
836,859
901,880
901,925
901,1485
1442,33
1442,637
1442,1419
1573,99
1573,1397
13,1486
13,1076
13,1424
13,1422
1486,788
1486,1464
1486,1487
1076,275
1076,319
1076,921
1424,102
1424,1423
1424,1444
1422,1032
1422,1402
1422,1421
14,80
14,1357
14,1443
14,56
80,1357
80,965
80,1165
1357,15
1357,855
1443,35
1443,875
1443,1420
56,55
56,57
56,79
15,1251
15,1335
15,1032
1251,57
1251,61
1251,147
1335,1312
1335,1358
1335,1336
1032,1009
1032,1444
16,1270
16,1361
16,190
16,59
1270,1269
1270,1271
1270,1290
1361,320
1361,476
1361,1359
190,39
190,1445
190,276
59,170
59,1292
59,1318
17,1535
17,124
17,280
17,300
1535,37
1535,453
1535,1515
124,166
124,1075
124,1426
280,126
280,343
280,562
300,1450
300,585
300,1534
18,323
18,455
18,1494
18,127
323,255
323,500
323,586
455,148
455,1517
455,476
1494,238
1494,630
1494,648
127,236
127,1384
127,346
19,1385
19,605
19,1516
19,474
1385,1383
1385,1404
1385,1405
605,1493
605,1299
605,670
1516,107
1516,410
1516,583
474,428
474,561
474,1274
20,759
20,434
20,628
20,1453
759,757
759,782
759,1345
434,214
434,325
434,784
628,129
628,173
628,757
1453,561
1453,693
1453,1473
21,715
21,716
21,259
715,540
715,561
716,696
716,739
716,1517
259,62
259,150
259,282
22,783
22,848
22,1023
22,1498
783,42
783,457
783,804
848,263
848,847
848,849
1023,1022
1023,1024
1498,1475
1498,1499
1498,1521
23,46
23,1153
23,1347
23,1583
46,45
46,47
46,69
1153,1130
1153,1176
1153,1197
1347,1324
1347,1370
1347,1327
1583,1562
47,48
47,70
1063,734
1063,1061
1063,1085
1324,1323
1324,1325
48,49
48,71
1174,307
1174,1151
1174,1197
49,50
49,72
1173,1172
1173,1196
1173,1171
1219,1218
1219,1220
1219,1177
50,51
50,73
1196,156
1196,1328
51,52
51,74
52,53
52,75
53,54
53,76
54,55
54,77
703,680
703,683
703,704
55,251
165,142
165,187
165,188
879,684
879,858
879,878
33,858
33,1033
33,1463
858,317
858,859
1033,211
1033,296
1033,1009
1463,441
1463,1440
1463,1484
34,946
34,1356
34,1574
34,1055
946,382
946,947
946,967
1356,876
1356,941
1356,1355
1574,1554
1574,1555
1574,1572
1055,363
1055,1053
1055,1054
35,102
35,1400
35,1183
102,79
102,1380
1400,79
1400,984
1400,1377
1183,78
1183,1181
1183,1182
36,1445
36,1470
36,1142
36,1491
1445,104
1445,1029
1470,148
1470,410
1470,1468
1142,256
1142,1141
1142,1162
1491,475
1491,1492
1491,1511
37,1163
37,1403
37,149
1163,1030
1163,1162
1163,1165
1403,103
1403,148
1403,168
149,344
149,522
149,410
38,388
38,61
38,1186
38,1469
388,1363
388,498
388,473
61,192
61,431
1186,104
1186,408
1186,1184
1469,126
1469,1468
1469,1471
39,1381
39,1490
39,433
1381,212
1381,234
1381,1358
1490,169
1490,257
1490,322
433,322
433,391
433,518
40,1582
40,324
40,520
40,173
1582,366
1582,477
1582,674
324,108
324,412
324,520
520,169
520,411
173,303
173,197
41,1540
41,653
41,86
41,1407
1540,65
1540,673
1540,736
653,86
653,217
653,717
86,1559
86,651
1407,321
1407,432
1407,1366
42,1386
42,281
42,498
1386,452
1386,602
1386,736
281,258
281,283
281,674
498,129
498,496
43,151
43,172
43,1430
43,1539
151,150
151,153
151,674
172,1539
172,1536
172,1579
1430,584
1430,670
1430,1431
1539,517
1539,608
44,825
44,1433
44,672
44,152
825,87
825,802
825,826
1433,1432
1433,1434
1433,1456
672,890
672,1580
672,1343
152,630
152,827
152,693
45,68
45,1475
68,67
68,69
68,91
1475,778
1475,800
69,70
69,92
70,71
70,93
71,72
71,94
72,73
72,95
73,74
73,96
74,75
74,97
75,76
75,98
76,77
76,99
77,100
77,1509
251,250
251,252
251,274
57,1208
57,1508
79,1534
1208,166
1208,167
1208,275
1508,615
1508,1507
1508,1488
58,81
58,1075
58,125
58,189
81,82
81,1053
81,1338
1075,944
1075,1054
125,83
125,386
125,432
189,60
189,1164
189,1231
170,147
170,390
170,235
1292,78
1292,1029
1292,1271
1318,1319
1318,1320
1318,1338
60,1425
60,409
60,1294
1425,192
1425,1405
1425,1423
409,298
409,1560
409,1363
1294,1274
1294,1293
1294,1296
192,563
192,1429
431,255
431,1295
431,1495
62,303
62,104
62,369
303,760
303,632
104,105
369,239
369,698
369,458
63,85
63,1450
63,84
63,737
85,805
85,827
85,631
1450,1409
1450,1452
84,82
84,651
84,413
737,195
737,542
737,584
64,543
64,1538
64,760
64,630
543,236
543,392
543,1560
1538,215
1538,260
1538,782
760,1451
760,1408
630,1472
65,562
65,130
65,1408
562,148
562,366
130,696
130,629
130,588
1408,432
1408,648
66,67
66,89
66,738
66,824
67,90
67,1108
89,88
89,90
89,112
738,108
738,411
738,1451
824,693
824,846
824,1454
90,91
90,113
1108,157
1108,1085
1108,1131
91,92
91,114
92,93
92,115
93,94
93,116
94,95
94,117
95,96
95,118
96,97
96,119
97,98
97,120
98,99
98,121
99,100
100,123
100,1207
1509,919
1509,1031
1509,1488
78,1295
78,1119
1295,191
1295,1384
1119,1031
1119,1118
1119,1120
1534,1515
1534,1532
965,1118
965,1181
965,1312
1165,299
1165,385
82,1580
82,365
1053,145
1053,1054
1338,341
1338,1336
1580,454
1580,673
365,1166
365,539
365,1404
83,367
83,454
83,565
367,585
367,1451
367,1362
454,564
454,1428
565,304
565,607
565,629
651,153
651,675
413,633
413,1581
413,501
805,88
805,196
805,371
827,262
827,587
631,519
631,564
631,698
1559,195
1559,629
1559,649
87,868
87,1541
868,867
868,869
868,1042
1541,88
1541,713
1541,847
88,109
109,218
109,261
109,128
112,111
112,113
112,135
113,114
113,136
114,115
114,137
115,116
115,138
116,117
116,139
117,118
117,140
118,119
118,141
119,120
119,142
120,121
120,143
121,122
121,145
123,122
123,146
123,1553
1207,1206
1207,1209
1207,1226
101,902
101,1012
101,1316
101,1121
902,231
902,903
902,922
1012,364
1012,404
1012,1011
1316,105
1316,144
1316,212
1121,407
1121,1120
1121,1140
1380,1360
1380,1378
1380,1379
103,1513
103,235
103,366
1513,389
1513,1511
1513,1512
235,213
235,1273
366,1449
105,411
105,1426
411,1514
1426,430
1426,1406
106,673
106,171
106,257
106,1429
673,497
171,128
171,435
171,1557
257,1273
257,1272
1429,671
1429,1387
107,695
107,762
107,499
695,608
695,761
695,696
762,368
762,391
762,544
499,609
499,521
499,1493
108,763
108,283
763,478
763,500
763,654
283,394
283,697
218,217
218,219
218,869
261,219
261,368
261,781
128,609
128,804
110,111
110,133
110,1131
111,134
111,1283
133,132
133,134
133,156
1131,267
1131,1154
134,135
134,157
1283,1260
1283,1282
1283,1284
135,136
135,158
136,137
136,159
137,138
137,160
138,139
138,161
139,140
139,162
140,141
140,163
141,142
141,164
142,143
143,990
122,164
122,166
145,146
145,1031
164,163
164,187
166,1231
146,147
146,1401
1553,1532
1553,1533
1553,1552
386,385
386,387
386,1298
432,544
126,1514
126,477
1514,168
1514,452
477,239
477,761
236,387
236,497
1384,495
1384,584
346,456
346,719
346,370
609,194
609,742
804,522
804,803
129,196
129,1474
196,195
196,697
1474,1473
1474,1497
1474,1561
696,740
629,650
588,502
588,652
588,742
262,263
262,437
132,1045
132,1109
1045,176
1045,1022
1045,1044
1109,1086
1109,1088
1109,1110
156,179
156,1067
157,180
157,1259
158,159
158,181
158,1130
159,160
159,182
160,161
160,183
161,162
161,184
162,163
162,185
163,186
990,991
990,1011
990,1013
144,1143
144,1510
144,1164
1143,188
1143,341
1143,470
1510,942
1510,1488
1510,1511
1164,318
1164,1162
1031,1291
147,193
1401,941
1401,1382
1401,1399
193,216
193,475
193,1537
344,298
344,1517
344,586
522,347
522,807
410,169
150,1427
150,1517
1427,276
1427,368
1427,1446
153,175
153,393
674,610
693,1581
175,174
175,828
175,1520
393,416
393,678
393,1026
154,155
154,177
154,1154
154,1175
155,178
155,1132
155,1415
177,176
177,178
177,200
1154,483
1154,1155
1175,1152
1175,1176
1175,1198
178,179
178,201
1132,241
1132,307
1132,397
1415,1414
1415,1416
1415,1438
179,180
179,202
1067,328
1067,1066
1067,1198
180,181
180,203
1259,801
1259,1107
1259,1258
181,182
181,204
1130,1085
1130,1150
182,183
182,205
183,184
183,206
184,185
184,207
185,186
185,208
186,187
186,686
187,210
188,211
188,233
1231,518
1231,1211
167,209
167,1339
209,208
209,210
209,1185
1339,1337
1339,1340
1339,1341
168,1448
168,1314
1448,451
1448,1446
1448,1447
1314,1030
1314,1313
1314,1315
169,1206
1206,942
1206,1204
390,1561
390,414
390,1492
435,194
435,590
435,633
1557,342
1557,1536
1557,1555
1536,1515
1536,1556
1579,1581
197,174
197,176
197,1066
174,240
174,849
240,241
240,718
240,826
849,305
849,826
828,765
828,829
828,851
1520,1519
1520,1521
1520,1543
176,958
958,935
958,957
958,959
200,199
200,201
200,223
201,202
201,224
202,203
202,225
203,204
203,226
204,205
204,227
205,206
205,228
206,207
206,229
207,208
207,967
208,339
686,533
686,597
686,709
210,233
210,1317
211,234
211,1358
233,232
233,1489
276,275
276,277
191,214
191,234
191,1472
214,213
214,237
234,451
1472,321
1472,496
563,387
563,542
563,1449
216,217
216,826
216,544
475,692
475,1362
1537,412
1537,476
1537,496
194,1558
194,213
1558,258
1558,1556
1558,1577
213,237
195,589
589,415
589,504
589,1024
697,347
697,720
1066,1043
1066,1065
198,199
198,219
198,980
198,1111
199,1110
199,1284
219,915
980,957
980,979
980,981
1111,220
1111,483
1111,936
1110,1087
1110,1133
1284,1285
1284,1307
223,222
223,224
223,246
224,225
224,247
225,226
225,248
226,227
226,249
227,228
227,250
228,229
228,880
229,230
229,252
967,966
967,968
339,316
339,338
339,340
1185,1184
1185,1187
1185,1205
1317,255
1317,297
1317,340
1358,987
212,1228
212,1252
1228,1227
1228,1230
1228,1248
1252,254
1252,340
1252,1275
237,718
237,541
215,301
215,585
215,676
301,1449
301,518
301,368
585,521
676,566
676,699
676,721
217,761
544,938
761,607
869,284
869,870
915,285
915,656
915,916
220,221
220,241
220,243
221,222
221,265
221,1044
241,871
243,242
243,244
243,266
222,244
222,245
265,264
265,266
265,288
1044,1043
1044,1087
244,245
244,1199
245,246
245,268
246,247
246,269
247,248
247,270
248,249
248,271
249,250
249,272
250,273
880,881
880,924
230,231
230,535
252,253
252,773
231,232
231,295
535,797
535,995
535,1060
232,1013
232,1229
295,294
295,296
295,512
1013,297
1013,425
1229,253
1229,297
1229,408
1489,945
1489,963
1489,966
451,343
451,627
1273,340
1273,341
387,302
497,607
497,1452
718,326
718,784
541,456
541,694
541,781
238,1561
238,1581
238,1515
1561,1497
239,785
239,391
785,458
785,501
785,807
391,719
871,546
871,870
871,872
242,263
242,395
242,936
263,305
395,372
395,374
395,396
936,913
936,935
266,267
266,289
1199,1198
1199,1200
1199,1222
268,267
268,269
268,291
269,270
269,292
270,271
270,293
271,272
271,294
272,273
272,968
273,274
273,296
274,275
274,579
253,254
253,1099
773,750
773,774
773,796
254,256
254,1209
1099,471
1099,493
1099,1097
256,258
256,279
1209,364
1209,1210
255,1250
1250,1230
1250,1249
1250,1269
258,453
279,278
279,302
279,1230
1272,966
1272,988
1272,1253
453,692
453,626
282,260
282,784
282,457
260,521
260,611
521,764
611,610
611,677
611,852
781,780
437,392
437,526
437,1113
305,306
305,328
264,285
264,287
264,482
285,284
285,1087
287,286
287,288
287,310
482,459
482,483
482,505
288,289
288,311
267,290
289,290
289,312
290,291
290,313
291,292
291,314
292,293
292,315
293,294
293,316
294,317
968,969
968,991
296,297
579,556
579,602
579,819
277,278
277,342
277,1275
278,1428
278,1493
342,539
342,1471
1275,582
1275,648
1428,345
1428,519
1493,429
302,304
302,325
1230,1232
343,540
343,1383
784,347
457,370
457,412
394,371
394,417
394,893
284,981
284,1026
981,306
981,526
1026,1025
1026,1158
286,307
286,1198
286,1242
307,306
1242,462
1242,549
1242,1241
310,309
310,311
310,333
311,312
311,334
312,313
312,335
313,314
313,336
314,315
314,337
315,316
315,338
316,317
317,688
512,489
512,511
512,753
298,1123
298,1254
1123,1125
1123,1144
1123,1145
1254,429
1254,516
1254,734
299,472
299,1578
299,1471
472,1081
472,1321
472,558
1578,430
1578,1576
1578,1577
1449,320
518,1210
304,982
304,675
325,326
325,348
632,587
632,610
632,872
982,416
982,523
982,1180
675,567
675,960
306,329
328,329
328,460
329,308
329,330
308,309
308,331
308,1306
309,332
309,1416
331,330
331,332
331,354
1306,1305
1306,1307
1306,1329
332,333
332,355
1416,1393
1416,1417
333,334
333,356
334,335
334,357
335,336
335,358
336,337
336,359
337,338
337,360
338,361
688,645
688,1101
688,1191
318,1144
318,1079
318,1122
1144,449
1144,473
1079,407
1079,471
1079,689
1122,320
1122,383
1122,408
319,1100
319,1078
319,1058
1100,1080
1100,1101
1100,1120
1078,384
1078,492
1078,1077
1058,450
1058,1034
1058,1037
320,1320
1320,450
1320,1322
321,473
321,1533
473,1340
1533,322
1533,1532
322,539
539,714
500,764
500,566
586,740
586,719
412,479
326,327
326,808
348,349
348,371
348,829
327,350
327,436
327,829
808,917
808,1224
808,1071
350,349
350,351
350,373
436,459
436,524
436,983
829,766
460,938
460,1265
460,479
330,351
330,353
351,1197
351,1244
353,352
353,354
353,376
354,355
354,377
355,356
355,378
356,357
356,379
357,358
357,380
358,359
358,381
359,360
359,578
360,491
360,710
361,381
361,881
361,1014
341,1035
1035,406
1035,645
1035,1036
540,671
540,1253
1383,1382
1383,1402
345,519
345,1447
345,1492
519,1342
1447,1446
1447,1467
1492,1512
456,389
456,633
719,852
370,479
370,807
347,717
717,414
717,1518
349,372
349,830
371,895
372,373
372,1003
830,742
830,831
830,1007
373,352
373,374
1197,1220
1244,745
1244,1221
1244,1243
352,375
352,1000
375,376
375,398
375,1089
1000,977
1000,999
1000,1001
376,377
376,399
377,378
377,400
378,379
378,401
379,380
379,402
380,381
380,403
381,404
578,555
578,776
578,1038
491,490
491,602
491,667
710,733
710,755
710,1060
881,882
881,904
1014,601
1014,668
1014,991
362,1297
362,537
362,427
362,1187
1297,430
1297,452
1297,559
537,1015
537,1276
537,1102
427,582
427,469
427,1255
1187,363
1187,1188
363,1363
363,1124
1363,735
1124,517
1124,560
1124,669
364,538
364,1319
538,429
538,515
538,1233
1319,495
1319,646
1166,470
1166,495
1166,1167
1404,476
1404,1402
1451,650
1362,494
1362,1342
698,634
698,721
458,1091
458,568
479,939
807,1092
895,635
895,894
895,896
1003,569
1003,613
1003,1002
374,397
374,484
397,398
397,420
484,485
484,505
484,507
398,399
398,421
1089,438
1089,526
1089,1112
399,400
399,422
400,401
400,423
401,402
401,424
402,403
402,425
403,404
403,708
404,687
382,383
382,994
382,406
383,384
383,428
994,447
994,995
994,1017
406,1296
406,1253
384,385
384,1167
428,1146
428,470
385,1146
1167,407
1167,1168
1146,469
1146,733
1298,494
1298,712
1298,1279
389,1473
389,739
1473,560
739,608
739,652
414,652
414,1046
392,655
392,545
655,766
655,850
655,1224
545,478
545,1070
545,1046
416,439
416,940
678,811
678,1047
678,1094
417,418
417,937
417,1025
893,870
893,894
396,419
396,1221
396,1350
419,418
419,420
419,442
1221,1220
1221,1222
1350,1349
1350,1373
420,421
420,443
421,422
421,444
422,423
422,445
423,424
423,446
424,425
424,447
425,601
708,685
708,707
708,709
687,598
687,624
687,820
405,667
405,993
405,1011
405,1015
667,1038
667,1299
993,970
993,1016
993,1170
1011,1010
1015,536
1015,798
1296,1274
1296,1315
1253,1274
407,1056
1056,426
1056,992
1056,1034
408,626
626,1322
626,1188
1560,517
1560,694
633,1049
501,916
501,721
652,502
1046,654
1046,1088
415,1047
415,591
415,765
1047,502
1047,523
591,480
591,547
591,592
765,832
765,1028
439,418
439,440
439,636
940,872
940,1071
940,1049
418,441
937,524
937,914
937,938
1025,1002
1025,1136
441,442
441,464
442,443
442,465
443,444
443,466
444,445
444,467
445,446
445,468
446,447
446,683
447,711
601,1039
601,1061
426,514
426,1060
426,470
514,513
514,580
514,1103
1060,1083
582,1344
582,603
469,468
469,665
1255,471
1255,536
1255,1256
429,647
647,1300
647,1276
430,1145
1145,625
1145,1147
1495,542
1495,691
1495,1496
590,478
590,1133
590,1068
459,635
459,806
524,723
524,894
983,898
983,1202
983,1029
526,549
1113,786
1113,918
1113,1115
438,548
438,1068
438,1158
548,525
548,571
548,701
1068,481
1068,1069
1158,679
1158,745
440,463
440,1112
440,1375
636,614
636,659
636,1289
463,462
463,464
463,486
1112,614
1112,1135
1375,1352
1375,1374
1375,1376
464,465
464,487
465,466
465,488
466,467
466,489
467,468
467,490
468,794
683,660
683,706
711,691
711,778
711,1062
448,580
448,643
448,665
448,732
580,1103
580,1278
643,576
643,600
643,731
665,642
665,798
732,709
732,778
732,1280
449,1036
449,689
449,1212
1036,492
1036,558
689,1276
689,1193
1212,517
1212,690
1212,1210
450,1321
450,1081
1321,646
1321,671
1081,646
1081,800
627,1278
627,1234
627,1256
452,495
692,496
692,1406
564,478
564,740
1091,764
1091,786
1091,788
568,1072
568,1027
568,740
635,503
635,658
806,782
806,850
806,913
938,896
1265,1264
1265,1266
1265,1288
461,1133
461,1179
461,1223
461,1090
1133,1156
1179,941
1179,1156
1179,1178
1223,612
1223,811
1223,1222
1090,699
1090,960
1090,1088
462,483
462,485
485,486
485,508
486,487
486,509
487,488
487,510
488,489
488,511
489,490
490,772
794,771
794,795
794,817
471,668
668,713
668,1388
558,581
558,1082
1340,494
1340,1341
561,649
939,873
939,1134
939,1092
480,743
480,850
480,897
743,1334
743,1092
743,1072
850,525
897,874
897,877
897,943
481,1180
481,1178
481,567
1180,764
1180,943
1178,657
1178,1177
567,918
567,700
505,702
505,1245
507,506
507,508
507,530
508,509
508,531
509,510
509,532
510,511
510,533
511,534
772,749
772,771
772,795
602,625
492,969
492,1016
969,555
969,970
1016,666
1016,1039
493,1125
493,1057
493,1168
1125,757
1125,1126
1057,1037
1057,1059
1057,1077
1168,1169
1168,1188
494,1232
1232,1233
1232,1234
607,542
1452,1387
1452,1409
566,677
566,786
916,720
916,962
721,504
502,720
720,787
503,525
503,872
503,959
525,1024
959,612
959,960
504,1159
504,1155
1159,722
1159,853
1159,1157
1155,1156
1155,1157
702,679
702,725
702,857
1245,547
1245,899
1245,1222
506,527
506,529
506,1333
527,528
527,1243
527,1418
529,528
529,530
529,552
1333,854
1333,1310
1333,1506
530,531
530,553
531,532
531,554
532,555
532,1549
533,556
533,620
534,557
534,599
534,903
753,730
753,776
753,1017
513,600
513,948
513,1082
600,556
600,820
948,925
948,947
948,949
1082,515
1082,1105
1103,691
1103,713
515,581
515,1300
581,734
581,1101
1300,758
1300,1299
516,1343
516,1102
516,1190
1343,560
1343,758
1102,557
1102,646
1190,1189
1190,1191
1190,1192
1210,1211
1342,1341
1342,1364
523,634
523,1049
634,1006
634,1181
1049,1030
723,746
723,960
723,831
894,569
1024,1001
549,550
528,551
528,1246
1243,1220
1243,1266
1418,1417
1418,1419
1418,1394
551,550
551,552
551,574
1246,876
1246,1028
1246,1135
552,553
552,575
553,554
553,576
554,555
554,577
1549,620
1549,1526
1549,1548
556,973
620,619
620,621
557,625
557,729
599,576
599,622
599,644
903,904
903,926
797,774
797,796
797,820
995,972
995,1018
536,1277
536,1037
1277,1256
1277,1278
1277,1279
1037,1059
1276,670
1233,603
1233,1213
714,1476
714,1409
714,1301
671,1234
694,584
694,782
1070,741
1070,744
1070,1005
546,656
546,831
546,874
656,679
656,789
831,832
874,851
874,1007
547,657
547,914
657,1200
657,1376
914,891
914,913
571,550
571,572
571,1417
701,724
701,856
701,1156
550,573
573,572
573,574
573,596
574,575
574,597
575,576
577,622
577,642
577,775
973,950
973,972
973,996
625,624
729,706
729,728
729,752
559,1235
559,1299
559,1406
1235,734
1235,756
1235,1215
1406,1405
560,1405
649,1562
649,1518
677,851
677,1202
786,853
918,852
918,1093
700,1182
700,1048
700,1157
1072,1027
1072,1050
1027,920
1027,1048
569,570
569,592
570,1200
570,1332
570,1397
592,593
592,615
1200,680
1332,1309
1332,1331
1397,1374
1397,1420
572,593
572,595
1417,596
593,594
593,833
595,594
595,618
595,835
596,597
596,619
597,598
622,621
622,623
642,619
642,641
775,752
775,754
775,798
776,777
776,799
1038,644
1038,1061
819,796
819,818
819,842
1278,1279
1101,1080
1344,603
1344,736
1344,1367
603,758
583,691
583,1189
583,1364
1189,690
1189,1191
1364,650
1364,1366
587,851
587,608
742,741
615,594
615,616
594,617
833,613
833,834
833,1267
617,616
617,618
617,640
618,619
618,641
835,640
835,814
835,834
598,621
598,793
621,730
793,770
793,792
793,816
644,709
644,1170
820,843
1039,735
1039,1062
1061,1084
758,1214
604,1341
604,650
604,1257
1257,669
1257,1151
1257,1238
670,1104
1562,1497
610,1005
1005,873
1005,1355
852,1203
612,1069
612,1094
1069,810
1069,962
1094,988
1094,1093
613,614
613,1225
614,637
1225,744
1225,875
1225,1226
637,616
637,638
616,639
639,638
639,662
639,1398
640,641
640,663
641,664
730,707
730,731
623,624
623,971
623,1083
624,1236
971,970
971,972
971,1211
1083,754
1083,1106
1236,1234
1236,1237
1236,1238
1322,780
1322,1302
1188,992
1256,1258
757,1518
1006,1004
1006,1290
1006,1117
1181,1182
658,659
658,681
658,746
659,638
659,660
1289,1266
1289,1288
1289,1312
638,661
661,660
661,662
661,684
662,663
662,685
1398,1008
1398,1378
1398,1379
663,664
663,1528
664,685
664,752
731,754
731,1148
1170,713
1170,1345
645,1105
645,1280
1105,755
1105,1128
1280,1281
648,1432
1432,803
1432,1455
1518,803
654,722
654,809
722,1048
722,1138
809,1134
809,917
809,1073
766,767
766,789
1224,963
1224,1004
679,680
789,790
789,1267
1376,900
1376,1353
681,660
681,680
681,682
746,769
684,685
684,707
1528,1483
1528,1527
1528,1506
752,751
798,821
666,774
666,974
666,1017
774,751
974,951
974,975
974,997
1388,777
1388,1389
1388,1411
669,845
669,1279
845,822
845,844
845,846
1104,779
1104,1080
1104,1106
890,867
890,889
890,891
699,1071
699,1160
1202,812
1202,873
811,1334
811,1048
682,705
682,1377
682,1462
705,704
705,706
705,728
1377,745
1377,1354
1462,813
1462,1461
1462,1551
706,707
1191,712
1193,1216
1193,1172
1193,1192
690,1192
690,1169
1192,1172
1169,1150
1169,1171
1071,810
1160,853
1160,899
1160,944
1182,1184
1157,917
724,725
724,1355
856,855
856,857
856,878
725,704
725,726
857,834
704,727
727,726
727,728
727,750
728,751
733,756
733,1431
755,1019
755,1345
778,779
1062,1085
1062,1258
712,756
712,1149
756,802
1149,1148
1149,1150
1149,1151
1476,801
1476,1477
1476,1499
1409,1387
1301,799
1301,1194
1301,1302
787,1268
787,1028
787,1201
1138,854
1138,1137
1138,1139
1355,1354
726,749
749,748
749,750
750,751
754,1018
1148,1127
1148,1147
1431,1194
1431,1454
735,1084
735,1214
1084,802
1084,1107
1214,1195
1214,1213
736,1497
741,1092
741,961
961,1134
961,1007
961,1116
1334,855
1334,1311
744,790
744,1117
790,791
790,813
1117,832
1117,1115
745,768
768,767
768,769
768,791
769,748
769,770
748,771
748,924
771,770
924,925
924,947
1018,1019
1018,1041
1019,996
1019,1020
1345,1368
802,779
832,834
1028,1139
767,1311
767,1291
1311,1288
1311,1310
1291,1271
1291,1290
791,770
791,792
795,796
795,818
777,1323
777,1367
799,822
1323,780
1323,801
1367,1368
1367,1390
779,780
853,1116
1268,1247
1268,1249
1268,1269
1201,854
1201,1177
1201,1203
788,1161
788,1487
1161,1030
1161,1141
1161,1162
1487,1488
1487,1507
1267,876
1267,1266
813,792
813,1485
792,815
815,814
815,816
815,838
816,817
816,839
817,818
817,840
818,841
821,822
821,844
821,1411
800,1059
800,1496
1059,992
1496,846
1496,1519
801,1237
1237,1260
1237,1238
913,912
917,1114
1134,1004
1073,812
1073,875
1073,964
810,1008
810,1136
1008,1293
1008,1315
1136,1135
1136,1137
812,1312
812,920
920,919
920,921
1485,1484
1485,1441
814,837
814,1551
837,838
837,860
1551,1529
1551,1552
838,839
838,861
839,840
839,862
840,841
840,863
841,842
841,864
842,843
842,865
843,844
843,866
844,867
1411,1412
1411,1434
846,847
1454,1455
1454,1477
1007,962
859,860
859,882
860,861
860,883
861,862
861,884
862,863
862,885
863,864
863,886
864,865
864,887
865,866
865,888
866,867
866,889
847,870
1203,1204
1203,1205
1116,919
1116,1115
854,964
964,941
964,1444
855,878
878,877
882,883
882,905
883,884
883,906
884,885
884,907
885,886
885,908
886,887
886,909
887,888
887,910
888,889
888,911
889,912
1042,1041
1042,1043
1042,1065
873,1114
1114,942
1114,1004
875,1052
1052,898
1052,1050
1052,1051
876,877
877,900
904,905
904,927
905,906
905,928
906,907
906,929
907,908
907,930
908,909
908,931
909,910
909,932
910,911
910,933
911,912
911,934
912,935
891,1542
1542,1519
1542,1543
896,919
896,985
985,962
985,986
985,1051
943,966
943,1531
898,1227
898,1205
1227,921
1227,1226
1205,1204
899,1010
899,1441
1010,1009
1010,1098
1441,1464
1441,1465
925,926
922,921
922,1420
922,1467
926,927
926,949
927,928
927,950
928,929
928,951
929,930
929,952
930,931
930,953
931,932
931,954
932,933
932,955
933,934
933,956
934,935
934,957
1093,1074
1093,1095
1420,1419
1467,1466
1467,1468
947,970
949,950
949,972
950,951
951,952
952,953
952,975
953,954
953,976
954,955
954,977
955,956
955,978
956,957
956,979
942,1465
1465,1029
1465,1464
1531,1512
1531,1529
1531,1530
944,1226
944,1530
1530,987
1530,1529
945,1554
945,1421
945,1140
1554,1555
1554,1556
1421,986
1421,1399
1140,1139
1140,1141
975,976
975,998
976,977
976,999
977,978
978,979
978,1001
979,1002
963,1248
963,1423
1248,1247
1248,1249
1423,1444
1118,1120
1118,1137
991,992
1211,1213
996,997
997,998
997,1020
998,999
998,1021
999,1022
1001,1002
984,1137
984,1051
984,1135
1051,1050
986,987
986,1009
988,1098
988,1074
1098,1096
1098,1097
1074,1050
1074,1054
1020,1021
1020,1043
1021,1022
1021,1239
1290,1313
1293,1271
1293,1313
1315,1313
1239,1129
1239,1216
1239,1262
1139,1141
1034,1080
1034,1077
1077,1096
1065,1240
1258,1238
1240,1217
1240,1263
1240,1346
1106,1107
1106,1086
1107,1086
1128,1129
1128,1151
1128,1126
1129,1152
1129,1127
1152,1304
1304,1281
1304,1305
1304,1302
1176,1177
1176,1309
1171,1172
1171,1150
1309,1308
1309,1310
1216,1217
1216,1215
1194,1217
1194,1195
1217,1218
1195,1218
1195,1215
1218,1241
1328,1305
1328,1327
1328,1329
1241,1264
1241,1260
1260,1261
1262,1263
1262,1285
1262,1261
1263,1264
1263,1286
1346,1326
1346,1327
1346,1348
1264,1287
1285,1286
1285,1308
1286,1287
1286,1505
1287,1288
1287,1310
1281,1282
1281,1519
1282,1305
1282,1261
1307,1308
1307,1330
1308,1331
1505,1482
1505,1504
1505,1506
1302,1303
1303,1326
1303,1261
1303,1325
1326,1325
1326,1327
1329,1330
1329,1352
1330,1331
1330,1353
1331,1354
1325,1348
1348,1349
1348,1369
1352,1353
1353,1354
1506,1507
1368,1369
1368,1391
1370,1369
1370,1371
1370,1393
1349,1371
1349,1372
1373,1372
1373,1374
1373,1396
1390,1389
1390,1391
1390,1413
1369,1392
1391,1392
1391,1414
1392,1393
1392,1371
1371,1372
1393,1394
1372,1395
1395,1394
1395,1396
1395,1440
1396,1419
1389,1412
1389,1366
1412,1413
1412,1435
1413,1414
1413,1436
1414,1437
1394,1440
1434,1435
1434,1457
1435,1436
1435,1458
1436,1437
1436,1459
1437,1438
1437,1460
1438,1461
1455,1456
1455,1478
1456,1457
1456,1479
1457,1458
1457,1480
1458,1459
1458,1481
1459,1460
1459,1482
1460,1461
1460,1483
1461,1484
1477,1478
1477,1500
1478,1479
1478,1501
1479,1480
1479,1502
1480,1481
1480,1503
1481,1482
1481,1504
1482,1483
1483,1484
1499,1500
1499,1522
1500,1501
1500,1523
1501,1502
1501,1524
1502,1503
1502,1525
1503,1504
1503,1526
1504,1527
1521,1522
1521,1544
1522,1523
1522,1545
1523,1524
1523,1546
1524,1525
1524,1547
1525,1526
1525,1548
1526,1527
1543,1544
1544,1545
1545,1546
1546,1547
1547,1548
1086,1088
1095,1096
1095,1097
1095,1115
1096,1097
1126,1127
1126,1147
1127,1147
1184,1204
1213,1215
1247,1249
1247,1269
1336,1337
1336,1359
1337,1359
1337,1360
1359,1360
1360,1382
1366,1387
1378,1379
1378,1399
1379,1399
1382,1402
1446,1466
1464,1466
1466,1468
1511,1512
1529,1552
1532,1552
1555,1556
1575,1576
1575,1577
1576,1577
