0,892
0,1365
0,1517
0,695
892,132
892,891
892,893
1365,562
1365,647
1365,692
1517,62
1517,476
1517,1497
695,501
695,763
695,1540
1,24
1,131
1,823
1,1040
24,47
24,1063
24,1324
131,110
131,262
131,1023
823,87
823,822
823,1280
1040,996
1040,1017
1040,1041
2,3
2,25
2,1064
2,1563
3,4
3,26
3,1564
25,48
25,1174
25,1563
1064,1041
1064,1065
1064,1087
1563,1152
1563,1564
4,5
4,27
4,1565
26,49
26,1173
26,1219
1564,45
1564,1565
5,28
5,1351
5,1566
27,28
27,50
27,1196
1565,1542
1565,1566
28,29
28,51
1351,1350
1351,1352
1351,1374
1566,1543
1566,1567
6,7
6,29
6,1439
6,1567
7,8
7,30
7,1568
29,30
29,52
1439,549
1439,1438
1439,1440
1567,1544
1567,1568
8,9
8,31
8,1569
30,31
30,53
1568,1545
1568,1569
9,10
9,32
9,1570
31,54
31,703
1569,1546
1569,1570
10,11
10,1550
10,1571
32,55
32,165
32,879
1570,575
1570,1547
11,747
11,923
11,989
1550,1332
1550,1527
1550,1573
1571,1396
1571,1507
1571,1548
747,724
747,726
747,746
923,143
923,230
923,900
989,167
989,900
989,987
12,836
12,901
12,1442
12,1573
836,837
836,857
836,859
901,880
901,925
901,1485
1442,33
1442,637
1442,1419
1573,99
1573,1397
13,144
13,1075
13,1423
13,1555
144,1316
144,1338
144,1359
1075,964
1075,1073
1075,1077
1423,1006
1423,1403
1423,1421
1555,147
1555,234
1555,1534
14,80
14,1357
14,1443
14,1490
80,1357
80,1317
80,1313
1357,15
1357,855
1443,35
1443,1420
1443,1441
1490,36
1490,1489
1490,1492
15,1251
15,1335
15,1531
1251,57
1251,60
1251,147
1335,790
1335,1312
1335,1358
1531,812
1531,1512
1531,1529
16,1076
16,1120
16,1227
16,1272
1076,275
1076,319
1076,944
1120,101
1120,124
1120,1008
1227,190
1227,1225
1227,1228
1272,125
1272,234
1272,1253
17,1296
17,1516
17,1293
17,102
1296,322
1296,410
1296,1294
1516,148
1516,321
1516,477
1293,1294
1293,1313
1293,1314
102,35
102,79
102,1469
18,85
18,433
18,411
18,1581
85,19
85,65
85,540
433,128
433,367
433,586
411,105
411,738
411,1340
1581,61
1581,430
1581,586
19,475
19,324
19,517
475,1363
475,1448
475,587
324,129
324,151
324,522
517,628
517,1560
517,1559
20,1561
20,585
20,283
20,345
1561,367
1561,563
1561,606
585,1362
585,627
585,737
283,281
283,394
283,392
345,234
345,476
345,1513
21,1472
21,587
21,760
21,1537
1472,280
1472,498
1472,628
587,152
587,740
760,500
760,804
760,1408
1537,434
1537,476
1537,694
22,783
22,848
22,1023
22,1498
783,42
783,781
783,804
848,263
848,847
848,849
1023,1022
1023,1024
1498,1475
1498,1499
1498,1521
23,46
23,1153
23,1347
23,1216
46,45
46,47
46,69
1153,1130
1153,1176
1153,1197
1347,1324
1347,1370
1347,1346
1216,1193
1216,1217
1216,1239
47,48
47,70
1063,758
1063,1061
1063,1082
1324,1323
1324,1325
48,49
48,71
1174,307
1174,1151
1174,1197
49,50
49,72
1173,1172
1173,1196
1173,1171
1219,1218
1219,1220
1219,1155
50,51
50,73
1196,156
1196,1328
51,52
51,74
52,53
52,75
53,54
53,76
54,55
54,77
703,680
703,683
703,704
55,56
55,251
165,142
165,187
165,188
879,684
879,858
879,878
33,858
33,1033
33,1463
858,317
858,859
1033,211
1033,296
1033,1009
1463,441
1463,1440
1463,1484
34,946
34,1356
34,1552
34,1205
946,382
946,947
946,967
1356,876
1356,963
1356,1355
1552,1551
1552,1553
1552,1554
1205,944
1205,1203
1205,1204
35,1400
35,945
1400,79
1400,1377
1400,1401
945,1055
945,1095
945,1074
36,38
36,1514
36,1575
38,170
38,1250
38,1404
1514,388
1514,409
1514,454
1575,921
1575,942
1575,987
37,1274
37,257
37,192
37,1142
1274,61
1274,1254
1274,1276
257,236
257,630
257,1359
192,125
192,1360
192,1471
1142,59
1142,103
1142,365
170,543
170,212
170,542
1250,1249
1250,1269
1250,1270
1404,366
1404,1385
1404,1402
39,301
39,565
39,1449
39,1469
301,40
301,279
301,1339
565,607
565,1559
565,1560
1449,171
1449,235
1449,237
1469,190
1469,1448
40,259
40,649
40,607
259,215
259,1582
259,544
649,1562
649,1322
649,735
607,498
607,544
41,562
41,738
41,605
41,109
562,172
562,432
738,66
738,605
605,1232
605,1452
109,88
109,218
109,1474
42,1386
42,193
42,519
1386,602
1386,737
1386,1385
193,147
193,216
193,431
519,344
519,1470
519,1408
43,1452
43,716
43,1583
43,1518
1452,65
1452,518
716,608
716,1450
716,1429
1583,518
1583,604
1583,1562
1518,604
1518,673
1518,1497
44,825
44,1433
44,1453
44,1474
825,87
825,802
825,826
1433,1432
1433,1434
1433,1456
1453,86
1453,734
1453,759
1474,715
1474,1473
45,68
45,1475
68,67
68,69
68,91
1475,778
1475,800
69,70
69,92
70,71
70,93
71,72
71,94
72,73
72,95
73,74
73,96
74,75
74,97
75,76
75,98
76,77
76,99
77,100
77,1509
56,57
56,79
56,166
251,250
251,252
251,274
57,1208
57,1508
79,1010
166,122
166,1208
166,1273
1208,167
1208,275
1508,615
1508,1029
1508,1507
58,81
58,1426
58,1468
58,1209
81,82
81,127
81,83
1426,169
1426,1406
1426,1428
1468,103
1468,1448
1468,1467
1209,124
1209,450
1209,472
59,386
59,1445
59,1361
386,385
386,387
386,1536
1445,1444
1445,1446
1445,1447
1361,236
1361,387
1361,474
60,1447
60,1141
60,388
1447,62
1447,256
1141,255
1141,1139
1141,1140
388,150
388,1383
61,280
61,1316
280,84
280,477
1316,105
1316,1314
62,216
62,1383
216,217
216,826
1383,300
1383,1382
63,65
63,674
63,651
63,1540
65,196
674,499
674,567
674,782
651,391
651,827
651,1582
1540,739
1540,779
64,389
64,369
64,629
64,457
389,83
389,521
389,1557
369,153
369,633
369,697
629,323
629,498
629,824
457,106
457,631
457,542
196,805
196,807
196,370
66,67
66,89
66,824
67,90
67,1108
89,88
89,90
89,112
824,846
824,1454
90,91
90,113
1108,157
1108,1085
1108,1131
91,92
91,114
92,93
92,115
93,94
93,116
94,95
94,117
95,96
95,118
96,97
96,119
97,98
97,120
98,99
98,121
99,100
100,123
100,1207
1509,812
1509,919
1509,1487
78,1012
78,190
78,1576
78,1054
1012,101
1012,404
1012,1011
190,1121
1576,1557
1576,1574
1576,1577
1054,1052
1054,1053
1054,1074
1010,899
1010,1009
1010,1011
1317,210
1317,297
1317,340
1313,988
1313,1294
82,1580
82,299
82,1253
127,104
127,540
127,563
83,497
83,564
1580,500
1580,672
1580,1579
299,276
299,1578
299,1425
1253,343
1253,1254
497,194
497,365
497,455
564,303
564,827
564,763
84,173
84,630
84,260
173,130
173,390
173,697
630,282
630,456
260,239
260,611
260,477
540,1341
540,1407
86,1451
86,696
86,544
1451,559
1451,693
1451,758
696,130
696,611
696,764
544,479
87,868
87,1541
868,867
868,869
868,1042
1541,88
1541,713
1541,847
88,805
805,371
805,609
112,111
112,113
112,135
113,114
113,136
114,115
114,137
115,116
115,138
116,117
116,139
117,118
117,140
118,119
118,141
119,120
119,142
120,121
120,143
121,122
121,145
123,122
123,146
123,341
1207,320
1207,1206
1207,1226
101,902
101,1292
902,231
902,903
902,922
1292,1028
1292,1271
1292,1291
103,1362
103,1337
1362,428
1362,495
1337,1315
1337,1336
1337,1358
104,1163
104,281
104,430
1163,145
1163,254
1163,1032
281,258
281,346
430,584
430,541
105,453
105,1491
453,1232
453,518
453,1385
1491,106
1491,125
1491,1489
106,347
106,1428
347,217
347,654
347,742
1428,323
1428,1429
107,370
107,108
107,675
107,1471
370,717
370,609
108,584
108,150
108,671
675,762
675,677
675,719
1471,215
1471,606
584,1384
584,1430
150,151
150,1427
671,780
671,1410
671,1450
218,217
218,219
218,869
110,111
110,133
110,1131
111,134
111,1283
133,132
133,134
133,156
1131,267
1131,1154
134,135
134,157
1283,1260
1283,1282
1283,1284
135,136
135,158
136,137
136,159
137,138
137,160
138,139
138,161
139,140
139,162
140,141
140,163
141,142
141,164
142,143
143,990
122,164
145,146
145,1187
164,163
164,187
146,147
146,1096
341,319
341,1340
341,449
124,1384
124,235
1384,472
1384,1295
235,213
235,1273
125,236
236,1360
126,1295
126,498
126,1578
126,1559
1295,191
1295,431
1578,171
1578,323
1559,412
563,171
563,782
128,1515
128,435
128,501
1515,149
1515,390
1515,521
435,414
435,610
435,782
501,303
501,699
129,653
129,238
129,736
653,521
653,522
653,697
238,718
238,1539
238,346
736,1387
736,1497
736,1538
130,500
130,1495
500,567
1495,431
1495,757
1495,1496
262,263
262,437
262,827
132,1045
132,759
1045,176
1045,1022
1045,1044
759,670
759,1364
156,179
156,1067
157,180
157,1259
158,159
158,181
158,1130
159,160
159,182
160,161
160,183
161,162
161,184
162,163
162,185
163,186
990,991
990,1011
990,1013
1338,148
1338,1318
1338,1336
1359,188
1359,1358
1187,408
1187,1186
1187,1188
1096,1094
1096,1095
1096,1097
148,1556
148,366
1556,365
1556,1535
1556,1557
366,542
366,432
149,344
149,541
149,1360
344,364
344,1558
541,343
541,1340
1360,189
151,153
151,763
1427,276
1427,368
1427,1406
153,175
153,393
763,609
152,523
152,673
152,1497
523,521
523,1090
523,1047
673,520
673,1408
175,174
175,828
175,1520
393,416
393,678
393,1026
154,155
154,177
154,1154
154,1175
155,178
155,1132
155,1415
177,176
177,178
177,200
1154,483
1154,1155
1175,1152
1175,1176
1175,1198
178,179
178,201
1132,241
1132,307
1132,397
1415,1414
1415,1416
1415,1438
179,180
179,202
1067,328
1067,1066
1067,1198
180,181
180,203
1259,801
1259,1107
1259,1258
181,182
181,204
1130,1085
1130,1150
182,183
182,205
183,184
183,206
184,185
184,207
185,186
185,208
186,187
186,686
187,210
188,211
188,233
1273,340
1273,407
167,209
167,1339
209,208
209,210
209,1185
1339,300
1339,452
168,323
168,1315
168,1554
168,1382
1315,1314
1315,1336
1554,1534
1554,1553
1382,1380
1382,1401
169,1535
169,1424
169,1228
1535,1533
1535,1534
1424,1403
1424,1422
1424,1425
1228,1230
1228,1248
543,412
543,454
543,1560
212,1381
212,1252
212,1294
542,1560
171,413
413,719
413,477
413,590
172,739
172,589
172,367
739,303
739,804
589,282
589,722
589,808
367,452
390,631
390,502
697,698
174,197
174,240
174,849
197,176
197,1066
197,806
240,241
240,718
240,826
849,305
849,826
828,765
828,829
828,851
1520,1519
1520,1521
1520,1543
176,958
958,935
958,957
958,959
200,199
200,201
200,223
201,202
201,224
202,203
202,225
203,204
203,226
204,205
204,227
205,206
205,228
206,207
206,229
207,208
207,967
208,339
686,533
686,597
686,709
210,233
211,234
211,321
233,232
233,1319
189,278
189,318
189,1488
278,277
278,279
278,1188
318,253
318,992
318,1143
1488,899
1488,1486
1488,1487
1121,1099
1121,1119
1121,1122
191,214
191,1577
191,1450
214,213
214,237
214,434
1577,987
1577,1031
1450,1448
431,255
194,499
194,282
194,520
499,239
499,1492
282,784
520,410
520,478
195,676
195,391
195,652
195,761
676,566
676,588
676,741
391,217
391,807
652,458
652,761
652,785
761,215
761,1562
807,740
807,1046
1066,1043
1066,1065
806,459
806,850
806,913
198,199
198,219
198,980
198,1111
199,1110
199,1284
219,261
219,915
980,957
980,979
980,981
1111,220
1111,483
1111,936
1110,1087
1110,1133
1110,1109
1284,1285
1284,1307
223,222
223,224
223,246
224,225
224,247
225,226
225,248
226,227
226,249
227,228
227,250
228,229
228,880
229,230
229,252
967,966
967,968
339,316
339,338
339,340
1185,1165
1185,1184
1185,1186
321,452
321,472
1381,1358
1381,1379
1381,1380
1252,254
1252,340
1252,1275
213,237
213,255
237,718
255,1405
434,325
434,784
215,454
454,1538
869,284
869,870
261,368
261,781
261,412
915,285
915,656
915,916
220,221
220,241
220,243
221,222
221,265
221,1044
241,871
243,242
243,244
243,266
222,244
222,245
265,264
265,266
265,288
1044,1043
1044,1087
244,245
244,1199
245,246
245,268
246,247
246,269
247,248
247,270
248,249
248,271
249,250
249,272
250,273
880,881
880,924
230,231
230,535
252,253
252,773
231,232
231,295
535,797
535,995
535,1060
232,1013
232,1229
295,294
295,296
295,512
1013,297
1013,425
1229,253
1229,297
1229,409
1319,407
1319,558
1319,1299
718,456
1539,561
1539,608
1539,737
346,478
346,1536
239,258
239,414
258,256
258,1494
414,415
414,784
871,546
871,870
871,872
242,263
242,395
242,936
263,305
395,372
395,374
395,396
936,913
936,935
266,267
266,289
1199,1198
1199,1200
1199,1222
268,267
268,269
268,291
269,270
269,292
270,271
270,293
271,272
271,294
272,273
272,968
273,274
273,296
274,275
274,579
253,254
773,750
773,774
773,796
254,256
256,279
1405,473
1405,1403
1405,1406
279,302
1494,300
1494,693
1494,1493
1582,606
1582,715
611,827
611,678
368,762
368,410
781,780
781,1410
412,782
437,392
437,526
437,588
305,306
305,328
264,285
264,287
264,482
285,284
285,1087
287,286
287,288
287,310
482,459
482,483
482,505
288,289
288,311
267,290
289,290
289,312
290,291
290,313
291,292
291,314
292,293
292,315
293,294
293,316
294,317
968,969
968,991
296,297
275,276
579,556
579,602
579,819
276,277
277,342
277,1275
342,539
342,385
342,1536
1275,582
1275,648
1188,1186
1188,1189
302,304
302,325
302,387
784,742
394,371
394,417
394,893
392,743
392,633
284,981
284,1026
981,306
981,526
1026,1025
1026,1158
286,307
286,1198
286,1242
307,306
1242,462
1242,549
1242,1241
310,309
310,311
310,333
311,312
311,334
312,313
312,335
313,314
313,336
314,315
314,337
315,316
315,338
316,317
317,688
512,489
512,511
512,753
298,1100
298,387
298,1055
298,1077
1100,320
1100,429
1100,516
1055,1035
1055,1053
1077,364
1077,1057
1425,365
1425,988
300,561
561,670
561,737
304,698
304,650
304,717
325,326
325,348
303,608
608,741
698,568
698,654
650,803
650,1538
650,758
717,631
717,780
306,329
328,329
328,460
329,308
329,330
308,309
308,331
308,1306
309,332
309,1416
331,330
331,332
331,354
1306,1305
1306,1307
1306,1329
332,333
332,355
1416,1393
1416,1417
333,334
333,356
334,335
334,357
335,336
335,358
336,337
336,359
337,338
337,360
338,361
688,645
688,1235
688,690
992,557
992,991
992,1059
1143,426
1143,1144
1143,1164
319,384
319,1232
384,383
384,385
384,1231
1232,1230
320,427
320,1470
427,1079
427,428
427,514
1470,496
1470,1489
452,1558
472,733
322,474
322,1533
322,1297
474,1340
474,1318
1533,944
1533,1534
1297,409
1297,582
1297,1298
522,478
522,566
326,327
326,455
326,916
348,349
348,371
348,829
327,350
327,436
327,829
455,628
455,456
916,962
916,1024
350,349
350,351
350,373
436,459
436,524
436,983
829,766
460,938
460,1265
460,765
330,351
330,353
351,1197
351,1244
353,352
353,354
353,376
354,355
354,377
355,356
355,378
356,357
356,379
357,358
357,380
358,359
358,381
359,360
359,578
360,491
360,710
361,381
361,881
361,1014
449,1059
449,1212
449,1056
539,714
539,624
539,668
385,1407
1536,456
343,1473
343,516
1473,606
1473,694
516,363
516,1385
364,429
364,1230
1558,496
1558,1557
476,586
1513,1511
1513,1512
1513,1532
478,610
654,612
654,1049
742,720
742,788
349,372
349,830
371,895
372,373
372,1003
830,831
830,1093
830,1312
373,352
373,374
1197,1220
1244,745
1244,1221
1244,1243
352,375
352,1000
375,376
375,398
375,1089
1000,977
1000,999
1000,1001
376,377
376,399
377,378
377,400
378,379
378,401
379,380
379,402
380,381
380,403
381,404
578,555
578,776
578,1038
491,490
491,602
491,667
710,733
710,755
710,1060
881,882
881,904
1014,601
1014,668
1014,991
362,1167
362,1145
362,1233
362,1056
1167,428
1167,560
1167,603
1145,426
1145,470
1145,536
1233,1231
1233,1234
1233,1235
1056,1034
1056,1035
363,471
363,581
363,1254
471,470
471,1320
471,1081
581,1148
581,1364
581,1037
1254,1255
429,1190
429,1101
1230,1231
432,1579
432,627
762,764
762,808
410,1538
633,873
633,634
609,415
895,635
895,894
895,896
1003,569
1003,613
1003,1002
374,397
374,484
397,398
397,420
484,485
484,505
484,507
398,399
398,421
1089,438
1089,526
1089,1112
399,400
399,422
400,401
400,423
401,402
401,424
402,403
402,425
403,404
403,708
404,687
382,383
382,994
382,1079
383,513
383,1037
994,447
994,995
994,1017
1079,1078
1079,1080
513,600
513,948
513,1082
1037,537
1037,580
1231,493
1407,494
1407,1387
631,740
502,1049
502,545
502,504
743,480
743,1334
743,785
416,439
416,1201
416,634
678,811
678,1049
417,418
417,937
417,1025
893,870
893,894
396,419
396,1221
396,1350
419,418
419,420
419,442
1221,1220
1221,1222
1350,1349
1350,1373
420,421
420,443
421,422
421,444
422,423
422,445
423,424
423,446
424,425
424,447
425,601
708,685
708,707
708,709
687,598
687,624
687,820
405,667
405,993
405,1011
405,1015
667,538
667,1038
993,970
993,1016
993,1170
1015,798
1015,1189
1015,1034
406,1080
406,1123
406,1341
406,1144
1080,1078
1080,1081
1123,1104
1123,1122
1123,1125
1341,408
1341,1318
1144,1146
1144,1164
407,1318
407,1036
1036,558
1036,689
1036,1034
408,473
408,1210
473,1406
473,1298
1210,536
1210,689
1210,1211
409,1320
1320,494
1320,693
719,960
719,741
590,1202
590,941
590,1050
415,851
415,1113
851,874
851,962
1113,700
1113,720
1113,786
439,418
439,440
439,636
1201,655
1201,982
1201,983
634,1180
634,918
418,441
937,524
937,914
937,938
1025,568
1025,1002
441,442
441,464
442,443
442,465
443,444
443,466
444,445
444,467
445,446
445,468
446,447
446,683
447,711
601,1039
601,1061
426,1057
426,1102
1057,1035
1057,1058
1102,514
1102,604
1102,1101
428,1058
514,1256
514,646
1058,1035
1058,1078
1190,470
1190,691
1190,757
1101,492
1101,1099
627,1277
627,1493
586,588
610,984
610,1070
459,635
524,723
524,894
983,810
983,1202
526,549
588,566
438,548
438,1068
438,1158
548,525
548,571
548,701
1068,481
1068,917
1068,1069
1158,679
1158,745
440,463
440,1112
440,1375
636,614
636,659
636,1289
463,462
463,464
463,486
1112,614
1112,1135
1375,1352
1375,1374
1375,1376
464,465
464,487
465,466
465,488
466,467
466,489
467,468
467,490
468,469
468,794
683,660
683,706
711,778
711,1062
711,1344
448,580
448,643
448,665
448,732
580,1103
580,1122
643,576
643,600
643,731
665,469
665,642
665,798
732,709
732,778
732,1280
1059,626
1059,800
1212,647
1212,731
1212,1211
450,712
450,1276
450,493
712,1149
712,1342
712,1258
1276,1255
1276,1277
493,646
493,1191
451,1321
451,1408
451,1168
451,494
1321,559
1321,714
1321,735
1168,537
1168,971
1168,1166
494,1081
518,1492
628,583
458,874
458,982
458,1070
874,546
874,897
982,479
982,1046
1070,720
1070,810
635,503
635,658
938,896
938,1071
1265,1264
1265,1266
1265,1288
765,832
765,1094
461,1133
461,1179
461,1223
461,1088
1133,1156
1133,1135
1179,613
1179,1156
1179,1178
1223,612
1223,811
1223,1222
1088,1086
1088,1090
1088,1109
462,483
462,485
485,486
485,508
486,487
486,509
487,488
487,510
488,489
488,511
489,490
490,772
469,645
469,1060
794,771
794,795
794,817
645,1105
645,1124
1060,1083
470,1124
1124,690
1124,734
1081,538
733,756
733,1170
1298,735
1298,1279
1363,672
1363,1342
1363,1343
479,632
479,873
632,872
632,808
632,1047
873,481
873,1134
480,591
480,850
480,897
591,547
591,592
591,723
850,525
850,655
897,877
897,943
481,1180
481,808
1180,939
1180,943
505,702
505,1245
507,506
507,508
507,530
508,509
508,531
509,510
509,532
510,511
510,533
511,534
772,749
772,771
772,795
602,625
492,969
492,1016
492,1034
969,555
969,970
1016,666
1016,1039
646,495
646,1127
1191,1169
1191,1171
1191,1192
495,537
495,690
537,1256
690,1409
496,670
496,693
670,1345
1492,1493
567,940
567,853
699,917
699,872
699,961
1049,986
545,1046
545,787
545,721
504,786
504,1246
504,1093
503,525
503,872
503,959
525,1024
959,612
959,960
786,852
786,961
1246,528
1246,876
1246,1135
1093,875
1093,1048
702,679
702,725
702,857
1245,547
1245,899
1245,1222
506,527
506,529
506,1333
527,528
527,1243
527,1418
529,528
529,530
529,552
1333,744
1333,1310
1333,1506
530,531
530,553
531,532
531,554
532,555
532,1549
533,556
533,620
534,557
534,599
534,903
753,730
753,776
753,1017
600,556
600,820
948,925
948,947
948,949
1082,1105
1082,1084
1256,536
1256,757
515,559
515,1122
515,689
515,1299
559,1078
689,1366
1299,1300
1299,1322
566,917
1090,961
1090,1048
1047,721
1047,741
723,746
723,960
894,569
1024,1001
549,550
528,551
1243,1220
1243,1266
1418,1417
1418,1419
1418,1394
551,550
551,552
551,574
552,553
552,575
553,554
553,576
554,555
554,577
1549,620
1549,1526
1549,1548
556,973
620,619
620,621
557,625
557,729
599,576
599,622
599,644
903,904
903,926
797,774
797,796
797,820
995,972
995,1018
536,1189
1189,1169
538,714
538,1146
714,1476
1146,756
1146,1126
624,623
624,625
668,713
668,1388
1046,720
787,920
787,1004
787,1137
721,963
721,1181
546,656
546,831
656,679
656,789
831,832
831,1073
547,657
547,914
657,1178
657,1200
657,1376
914,891
914,913
571,550
571,572
571,1417
701,724
701,856
701,1156
550,573
573,572
573,574
573,596
574,575
574,597
575,576
577,622
577,642
577,775
973,950
973,972
973,996
625,583
729,706
729,728
729,752
558,1234
558,1235
1234,583
1234,1214
1235,1236
560,1213
560,626
560,669
1213,1211
1213,1214
1213,1215
626,669
626,1211
669,845
669,1257
917,1134
940,1004
940,1178
940,1091
853,852
853,1247
853,1114
568,941
568,1157
941,1137
941,985
1157,852
1157,984
1157,1136
569,570
569,592
570,1200
570,1332
570,1397
592,593
592,615
1200,680
1332,1309
1332,1331
1397,1374
1397,1420
572,593
572,595
1417,596
593,594
593,833
595,594
595,618
595,835
596,597
596,619
597,598
622,621
622,623
642,619
642,641
775,752
775,754
775,798
776,777
776,799
1038,644
1038,1061
819,796
819,818
819,842
1103,647
1103,713
1103,1104
1148,1147
1148,1149
1148,1150
1364,1343
1364,1366
582,1344
582,1431
1344,692
1344,1367
1431,1194
1431,1430
1431,1454
583,1300
1300,1302
1300,1322
1430,1409
1430,1429
740,785
722,1202
722,1290
722,1029
1202,1027
1050,744
1050,1004
1050,1005
615,594
615,616
594,617
833,613
833,834
833,1267
617,616
617,618
617,640
618,619
618,641
835,640
835,814
835,834
598,621
598,793
621,730
793,770
793,792
793,816
644,709
644,1170
820,843
1039,758
1039,1062
1061,1084
603,691
603,1166
603,1192
691,1278
691,1192
1166,1165
1166,1186
1192,1172
604,1496
1496,846
1496,1519
984,1069
984,1091
612,809
809,767
809,852
809,942
613,614
614,637
637,616
637,638
616,639
639,638
639,662
639,1398
640,641
640,663
641,664
730,707
730,731
623,971
623,1083
971,970
971,972
1083,754
1083,1106
1277,1255
1277,1278
1493,694
918,1030
918,1069
918,1160
658,659
658,681
658,746
659,638
659,660
1289,1266
1289,1288
1289,1312
638,661
661,660
661,662
661,684
662,663
662,685
1398,1378
1398,1379
1398,1399
663,664
663,1528
664,685
664,752
731,754
1170,1345
1105,755
1105,1128
1127,1125
1127,1126
1127,1147
647,1278
1278,1279
648,1432
648,1147
648,1301
1432,803
1432,1455
1147,1126
1301,799
1301,1194
1301,1302
1562,672
1322,1342
735,1279
803,804
803,1410
785,1091
655,766
655,1071
766,767
766,789
1071,677
1071,939
679,680
789,790
789,1267
1178,1177
1376,900
1376,1353
681,660
681,680
681,682
746,769
684,685
684,707
1528,1483
1528,1527
1528,1529
752,751
798,821
666,774
666,974
666,1017
774,751
974,951
974,975
974,997
713,1302
1388,777
1388,1389
1388,1411
845,822
845,844
845,846
1257,1151
1257,1238
1257,1255
1345,755
1345,1368
780,779
1410,799
672,890
890,867
890,889
890,891
677,875
677,700
875,1224
875,1028
700,788
700,1134
811,1334
811,920
682,705
682,1377
682,1462
705,704
705,706
705,728
1377,745
1377,1354
1462,813
1462,1461
1462,1551
706,707
1366,715
1366,1343
1409,694
1409,1429
692,734
692,1236
734,1280
1236,1237
1236,1238
764,1136
764,1092
961,1137
788,960
788,1051
1134,744
724,725
724,1355
856,855
856,857
856,878
1156,1155
725,704
725,726
857,834
704,727
727,726
727,728
727,750
728,751
755,1019
778,779
1062,1085
1062,1258
1149,1150
1149,1151
1342,1343
1258,1238
1302,1303
1476,801
1476,1477
1476,1499
715,1323
1323,777
1323,801
963,942
963,1314
1181,854
1181,1161
1181,1162
1290,1268
1290,1270
1290,1291
1029,1114
1029,1510
1355,1354
1355,1336
726,749
749,748
749,750
750,751
754,1018
1280,1281
756,802
756,1084
1279,757
1387,802
1387,1389
1334,855
1334,1311
744,898
898,1510
898,899
898,1399
745,768
768,767
768,769
768,791
769,748
769,770
748,771
748,924
771,770
924,925
924,947
1018,1019
1018,1041
1019,996
1019,1020
802,779
1084,1107
1136,1115
1136,1138
1092,1048
1092,1094
1092,1114
832,812
832,834
1094,1095
767,1311
1311,1288
1311,1310
791,770
791,790
791,792
795,796
795,818
777,1367
799,822
1367,1368
1367,1390
1091,939
920,919
920,921
1004,1159
1137,1006
1051,1009
1051,1052
1051,1053
790,813
1267,876
1267,1266
813,792
813,1485
792,815
815,814
815,816
815,838
816,817
816,839
817,818
817,840
818,841
821,822
821,844
821,1411
800,1325
800,1215
1325,1326
1325,1348
1215,1195
1215,1214
801,1237
1237,1260
1237,1238
913,912
942,1183
810,919
810,812
919,896
1485,921
1485,1484
814,837
814,1551
837,838
837,860
1551,1529
838,839
838,861
839,840
839,862
840,841
840,863
841,842
841,864
842,843
842,865
843,844
843,866
844,867
1411,1412
1411,1434
846,847
1454,1455
1454,1477
1312,1030
1073,1027
1073,1072
859,860
859,882
860,861
860,883
861,862
861,884
862,863
862,885
863,864
863,886
864,865
864,887
865,866
865,888
866,867
866,889
847,870
962,985
962,1069
1247,988
1247,1225
1247,1248
1114,1007
854,1027
854,1159
854,1161
1027,1203
1159,1139
1159,1160
1161,1162
1161,1182
855,878
878,877
882,883
882,905
883,884
883,906
884,885
884,907
885,886
885,908
886,887
886,909
887,888
887,910
888,889
888,911
889,912
1042,1041
1042,1043
1042,1065
1224,1028
1224,1203
1224,1204
1028,1399
876,877
877,900
904,905
904,927
905,906
905,928
906,907
906,929
907,908
907,930
908,909
908,931
909,910
909,932
910,911
910,933
911,912
911,934
912,935
891,1542
1542,1519
1542,1543
896,985
985,986
943,966
943,1248
1510,1511
1510,1512
1399,965
925,926
922,921
922,1420
922,1226
926,927
926,949
927,928
927,950
928,929
928,951
929,930
929,952
930,931
930,953
931,932
931,954
932,933
932,955
933,934
933,956
934,935
934,957
1030,1007
1030,1269
1160,965
1160,1140
1420,1419
1226,1206
1226,1225
947,970
949,950
949,972
950,951
951,952
952,953
952,975
953,954
953,976
954,955
954,977
955,956
955,978
956,957
956,979
939,1005
1005,1291
1005,1182
1183,1007
1183,1182
1183,1184
966,1032
966,1117
1248,1249
944,1162
1162,1164
1095,1097
1074,1006
1074,1072
975,976
975,998
976,977
976,999
977,978
978,979
978,1001
979,1002
964,1446
964,1466
964,1140
1446,1031
1446,1444
1466,1464
1466,1465
1466,1467
1140,1139
965,1401
965,1530
1401,1402
1530,1511
1530,1529
1530,1532
1032,1467
1032,1532
1117,1006
1117,1115
1117,1116
996,997
997,998
997,1020
998,999
998,1021
999,1022
1001,1002
986,987
986,1009
988,1532
1020,1021
1020,1043
1021,1022
1021,1239
1291,1271
1182,1184
1007,1271
1271,1270
1008,1138
1008,1378
1008,1553
1138,1118
1138,1139
1378,1379
1378,1380
1553,1572
1239,1129
1239,1262
1203,1204
1269,1249
1269,1268
1031,1097
1031,1116
1097,1098
1116,1115
1116,1118
1467,1465
1065,1240
1085,1086
1240,1217
1240,1263
1240,1346
1106,1107
1106,1086
1106,1104
1107,1086
1128,1129
1128,1151
1128,1109
1135,1115
1129,1152
1129,1109
1152,1304
1304,1281
1304,1305
1304,1261
1176,1177
1176,1309
1155,1177
1171,1172
1171,1169
1172,1193
1177,1241
1309,1308
1309,1310
1193,1194
1193,1195
1194,1217
1217,1218
1195,1218
1195,1214
1218,1241
1328,1305
1328,1327
1328,1329
1241,1264
1260,1261
1260,1262
1262,1263
1262,1285
1263,1264
1263,1286
1346,1326
1346,1327
1264,1287
1285,1286
1285,1308
1286,1287
1286,1505
1287,1288
1287,1310
1281,1282
1281,1519
1282,1305
1282,1261
1307,1308
1307,1330
1308,1331
1505,1482
1505,1504
1505,1506
1303,1326
1303,1261
1303,1327
1326,1327
1329,1330
1329,1352
1330,1331
1330,1353
1331,1354
1348,1349
1348,1369
1348,1371
1352,1353
1353,1354
1506,1507
1506,1486
1368,1369
1368,1391
1370,1369
1370,1371
1370,1393
1349,1371
1349,1372
1373,1372
1373,1374
1373,1396
1390,1389
1390,1391
1390,1413
1369,1392
1391,1392
1391,1414
1392,1393
1392,1394
1371,1372
1393,1394
1372,1395
1395,1394
1395,1396
1395,1440
1396,1419
1389,1412
1412,1413
1412,1435
1413,1414
1413,1436
1414,1437
1434,1435
1434,1457
1435,1436
1435,1458
1436,1437
1436,1459
1437,1438
1437,1460
1438,1461
1455,1456
1455,1478
1456,1457
1456,1479
1457,1458
1457,1480
1458,1459
1458,1481
1459,1460
1459,1482
1460,1461
1460,1483
1461,1484
1440,1421
1477,1478
1477,1500
1478,1479
1478,1501
1479,1480
1479,1502
1480,1481
1480,1503
1481,1482
1481,1504
1482,1483
1483,1484
1499,1500
1499,1522
1500,1501
1500,1523
1501,1502
1501,1524
1502,1503
1502,1525
1503,1504
1503,1526
1504,1527
1521,1522
1521,1544
1522,1523
1522,1545
1523,1524
1523,1546
1524,1525
1524,1547
1525,1526
1525,1548
1526,1527
1507,1486
1543,1544
1544,1545
1545,1546
1546,1547
1547,1548
1048,1072
1052,1053
1052,1072
1098,1099
1098,1118
1098,1119
1099,1119
1104,1125
1118,1119
1125,1126
1150,1169
1164,1165
1165,1184
1204,1206
1206,1225
1249,1268
1268,1270
1379,1380
1402,1403
1402,1422
1421,1422
1421,1441
1422,1441
1441,1464
1444,1464
1444,1465
1464,1465
1486,1487
1487,1489
1511,1512
1572,1574
