0,1475
0,692
0,847
0,933
1,1041
1,1086
1,1280
1,909
2,823
2,1345
2,68
2,1391
3,1261
3,1066
3,1349
3,1280
4,1412
4,1502
4,1348
4,156
5,1415
5,1284
5,268
5,1325
6,357
6,375
6,379
6,1502
7,597
7,1545
7,376
7,463
8,1396
8,30
8,486
8,1329
9,248
9,181
9,95
9,142
10,595
10,1421
10,314
10,336
11,1440
11,727
11,32
12,1507
12,1312
12,946
12,185
13,36
13,1425
13,1465
13,14
14,231
14,57
14,1182
15,1383
15,1553
15,1143
15,1230
16,1448
16,1118
16,147
16,79
17,390
17,1163
17,1470
17,1385
18,345
18,431
18,456
18,1514
19,65
19,326
19,584
19,1363
20,281
20,85
20,826
20,630
21,497
21,804
21,63
21,868
22,1476
22,1410
22,46
22,847
23,131
23,909
23,955
23,976
24,222
24,265
24,199
24,1171
25,1478
25,136
25,956
25,1150
26,1194
26,1522
26,1347
26,1109
27,1505
27,1416
27,1327
27,1500
28,157
28,1370
28,96
28,445
29,140
29,354
29,314
29,160
30,1526
30,1505
30,1440
31,530
31,725
31,487
31,727
32,228
32,1483
32,965
33,770
33,1076
33,1399
33,1571
34,210
34,1052
34,1010
34,1466
35,1251
35,880
35,834
35,1011
36,1121
36,297
36,189
37,1141
37,1446
37,61
37,1294
38,322
38,1293
38,388
38,1162
39,85
39,1272
39,541
39,214
40,1427
40,651
40,1385
40,258
41,323
41,433
41,170
41,215
42,1407
42,564
42,1495
42,648
43,673
43,326
43,283
43,260
44,824
44,284
44,914
44,132
45,1540
45,804
45,1368
45,1542
46,1411
46,1478
46,1259
47,286
47,956
47,1283
47,1151
48,179
48,1305
48,1020
48,1350
49,397
49,1521
49,332
49,1238
50,161
50,1503
50,179
50,1330
51,223
51,529
51,224
51,159
52,620
52,509
52,357
52,399
53,1569
53,1527
53,553
53,377
54,423
54,273
54,923
54,662
55,206
55,1550
55,143
55,967
56,838
56,188
56,185
56,141
57,924
57,1576
57,1293
58,1531
58,124
58,1252
58,1446
59,344
59,1510
59,1317
59,1313
60,432
60,1142
60,411
60,1336
61,1579
61,104
61,430
62,149
62,168
62,127
62,1384
63,519
63,169
63,565
64,891
64,1581
64,588
64,608
65,849
65,217
65,783
66,153
66,68
66,759
66,848
67,1152
67,980
67,997
67,1045
68,1326
68,1195
69,1263
69,1173
69,1241
69,1154
70,267
70,1371
70,1198
70,1373
71,203
71,441
71,553
71,1196
72,333
72,269
72,157
72,311
73,402
73,184
73,682
73,116
74,204
74,420
74,859
74,1483
75,291
75,835
75,1484
75,729
76,1464
76,858
76,771
76,121
77,208
77,772
77,1532
77,879
78,834
78,902
78,1227
78,1402
79,1161
79,988
79,1139
80,1467
80,321
80,1119
80,1553
81,1536
81,1098
81,105
81,1318
82,192
82,1405
82,1403
82,1316
83,195
83,1492
83,345
83,518
84,453
84,1580
84,586
84,107
85,806
85,1559
86,672
86,696
86,237
86,587
87,935
87,154
87,1519
87,675
88,133
88,933
88,1064
88,329
89,780
89,1562
89,174
89,240
90,955
90,219
90,1523
90,1108
91,1303
91,1326
91,1173
91,200
92,374
92,1412
92,1153
92,178
93,1261
93,354
93,158
93,507
94,442
94,1417
94,466
94,531
95,267
95,335
95,334
96,1550
96,117
96,1438
97,640
97,360
97,530
97,272
98,751
98,1530
98,161
98,748
99,1097
99,1488
99,1032
99,1486
100,965
100,142
100,879
100,319
101,164
101,1012
101,1252
101,902
102,1470
102,166
102,211
102,1206
103,1292
103,1229
103,1315
103,408
104,257
104,1472
104,1316
105,365
105,1537
105,386
106,301
106,280
106,675
106,498
107,566
107,718
107,434
108,414
108,566
108,717
108,282
109,609
109,1474
109,1563
109,1541
110,349
110,132
110,1499
110,308
111,1348
111,1371
111,1217
111,264
112,1372
112,1000
112,1151
112,1459
113,1393
113,1568
113,1413
113,1373
114,354
114,1435
114,1370
114,486
115,419
115,202
115,266
115,1328
116,1349
116,664
117,576
117,181
117,489
118,597
118,141
118,360
118,313
119,161
119,641
119,1529
119,250
120,166
120,1485
120,295
120,187
121,317
121,882
121,1228
122,1358
122,1186
122,1556
122,1379
123,1444
123,1100
123,1575
123,1576
124,1009
124,1554
124,236
125,1576
125,1339
125,1208
125,1162
126,1515
126,149
126,1404
126,1429
127,366
127,299
127,387
128,195
128,257
128,1539
128,151
129,371
129,1581
129,760
129,476
130,1541
130,262
130,716
130,890
131,934
131,1087
131,631
132,893
132,1476
133,892
133,1369
133,1152
134,1021
134,353
134,1129
134,1153
135,978
135,154
135,1023
135,1370
136,201
136,1480
136,1436
137,1479
137,1437
137,313
137,1548
138,641
138,531
138,552
138,574
139,707
139,551
139,553
139,378
140,836
140,595
140,684
141,1570
141,489
142,837
142,1508
143,813
143,991
143,1143
144,1078
144,1423
144,1401
144,1054
145,1100
145,1209
145,1381
145,211
146,231
146,255
146,1426
146,1099
147,190
147,1098
147,1317
148,190
148,1250
148,235
148,325
149,496
149,1362
150,283
150,346
150,737
150,1583
151,478
151,631
151,588
152,828
152,261
152,693
152,415
153,391
153,500
153,177
154,998
154,1085
155,1021
155,1087
155,1347
155,978
156,1132
156,287
156,1111
157,1481
157,1413
158,1347
158,246
158,356
159,226
159,1548
159,1525
160,574
160,1394
160,289
161,575
162,1529
162,335
162,378
162,617
163,1011
163,770
163,1572
163,619
164,340
164,362
164,793
165,1119
165,297
165,903
165,815
166,1056
166,1077
167,1273
167,1577
167,1554
167,1533
168,1120
168,1253
168,210
169,1271
169,1316
169,322
170,387
170,278
170,1294
171,1494
171,348
171,1428
171,1557
172,304
172,1536
172,630
172,215
173,849
173,850
173,280
173,651
174,1024
174,1561
174,870
175,217
175,912
175,892
175,1086
176,284
176,242
176,1563
176,416
177,1110
177,1371
177,1198
178,1065
178,1198
178,1067
179,1132
179,1326
180,1260
180,1525
180,1461
180,1416
181,509
181,1437
182,336
182,661
182,422
182,399
183,357
183,1570
183,486
183,643
184,421
184,356
184,796
185,531
185,293
186,339
186,232
186,424
186,705
187,923
187,749
187,968
188,1382
188,1012
188,364
189,1274
189,191
189,1340
190,1295
190,453
191,1492
191,258
191,1231
192,1557
192,587
192,542
193,475
193,343
193,278
193,628
194,304
194,240
194,1495
194,347
195,607
195,609
196,653
196,633
196,915
196,936
197,825
197,894
197,1045
197,351
198,1283
198,868
198,911
198,890
199,913
199,955
199,1262
200,439
200,1262
200,1286
201,1369
201,374
201,310
202,1568
202,1304
202,331
203,1571
203,1482
203,487
204,316
204,510
204,312
205,378
205,595
205,334
205,532
206,838
206,317
206,467
207,730
207,923
207,642
207,881
208,708
208,1053
208,294
209,1078
209,816
209,948
209,252
210,1140
210,1533
211,1554
211,364
212,254
212,298
212,1339
212,323
213,277
213,1450
213,1273
213,1403
214,300
214,1384
214,324
215,520
215,1580
216,915
216,781
216,217
216,348
217,263
218,1024
218,392
218,564
218,238
219,979
219,220
219,330
220,1086
220,848
220,1066
221,1328
221,981
221,1155
221,1285
222,1132
222,1393
222,1435
223,1436
223,1394
223,1438
224,357
224,1415
224,529
225,466
225,1460
225,509
225,248
226,420
226,336
226,227
227,491
227,750
227,770
228,751
228,271
228,511
229,641
229,403
229,381
229,380
230,1033
230,469
230,319
230,1014
231,427
231,989
232,365
232,1207
232,1010
233,1054
233,1576
233,1555
233,235
234,1337
234,407
234,1144
234,1273
235,1468
235,1271
236,302
236,280
236,344
237,434
237,762
237,1515
238,720
238,653
238,589
239,609
239,653
239,828
239,611
240,763
240,522
241,784
241,435
241,674
241,782
242,870
242,978
242,1066
243,1330
243,311
243,396
243,1546
244,1330
244,353
244,418
245,1457
245,1483
245,247
245,1329
246,247
246,1304
246,1566
247,661
247,551
248,1460
248,794
249,771
249,684
249,795
249,774
250,990
250,814
250,970
251,339
251,511
251,836
251,947
252,1187
252,924
252,272
253,1034
253,1275
253,1340
253,1360
254,1034
254,946
254,342
255,1055
255,1208
255,1514
256,320
256,1578
256,1318
256,257
257,278
258,1428
258,520
259,324
259,303
259,454
259,456
260,894
260,739
260,848
261,1023
261,808
261,630
262,806
262,1112
262,1110
263,1197
263,913
263,309
264,1199
264,373
264,439
265,351
265,417
265,1349
266,1287
266,1022
266,1176
267,1305
267,485
268,376
268,1481
268,1372
269,529
269,595
269,1502
270,315
270,1503
270,1504
270,1439
271,707
271,859
271,752
272,730
272,292
273,751
273,837
273,490
274,492
274,1099
274,1145
274,600
275,839
275,340
275,837
275,1057
276,429
276,342
276,1189
276,1294
277,1471
277,452
277,279
278,1557
279,607
279,367
279,1560
280,1490
281,1558
281,694
281,392
282,850
282,937
282,915
283,390
283,610
284,806
284,393
285,913
285,1109
285,502
285,352
286,373
286,1307
286,1176
287,1090
287,396
287,309
288,1460
288,484
288,1177
288,1439
289,1460
289,1458
289,1527
290,1523
290,639
290,466
290,1458
291,293
291,642
291,358
292,730
292,403
292,596
293,598
293,510
294,599
294,684
294,315
295,818
295,535
295,450
296,1033
296,535
296,1035
296,494
297,515
297,385
298,1297
298,1490
298,1098
299,1362
299,1535
299,1447
300,366
300,563
300,1294
301,474
301,674
301,434
302,389
302,478
302,1493
303,458
303,719
303,849
304,633
304,1582
305,457
305,456
305,805
305,869
306,1044
306,1090
306,721
306,1023
307,1220
307,826
307,935
307,308
308,979
308,1284
309,1001
309,1130
310,377
310,1087
310,354
311,1414
311,573
312,314
312,1462
312,1545
313,728
313,707
314,795
315,773
315,488
316,466
316,793
316,579
317,1078
317,795
318,320
318,1121
318,493
318,1164
319,1319
319,927
320,493
320,1361
321,385
321,1141
321,1315
322,1491
322,1381
323,368
323,1363
324,326
324,1559
325,871
325,1558
325,608
326,805
327,652
327,957
327,718
327,544
328,417
328,547
328,1066
328,914
329,742
329,1047
329,415
330,1219
330,1175
330,375
331,1503
331,1546
331,1287
332,1549
332,1482
332,1352
333,1501
333,335
333,401
334,1525
334,618
335,443
336,904
337,468
337,665
337,1036
337,534
338,534
338,1058
338,838
338,1014
339,990
339,1033
340,581
340,1317
341,1427
341,405
341,1296
341,1405
342,1228
342,494
343,495
343,1207
343,389
344,430
344,628
345,1536
345,1469
346,672
346,587
346,562
347,609
347,523
347,588
348,892
348,980
349,436
349,545
349,460
350,873
350,1133
350,805
350,435
351,393
351,1263
352,1022
352,1394
352,1197
353,1305
353,1438
355,1331
355,1568
355,575
355,376
356,1569
356,662
358,662
358,468
358,555
359,533
359,405
359,577
359,512
360,1013
360,362
361,599
361,490
361,666
361,1035
362,1189
362,450
363,946
363,1077
363,428
363,1142
364,1338
364,1185
365,1559
365,384
366,432
366,1384
367,672
367,1361
367,1451
368,673
368,1405
368,1560
369,414
369,785
369,632
369,543
370,694
370,481
370,782
370,415
371,1069
371,632
371,1113
372,1027
372,696
372,1026
372,391
373,938
373,1153
374,440
374,1025
375,506
375,1352
376,1567
377,421
377,1306
378,488
379,446
379,402
379,425
380,423
380,861
380,816
381,947
381,598
381,643
382,665
382,448
382,841
382,491
383,1122
383,557
383,645
383,1036
384,408
384,991
384,1014
385,582
385,517
386,452
386,1320
386,498
387,607
387,561
388,1537
388,649
388,1360
389,629
389,1516
390,1537
390,674
391,829
391,786
392,393
392,523
393,761
394,1264
394,917
394,762
394,504
395,893
395,1110
395,483
395,1220
396,1308
396,1350
397,1068
397,571
397,1088
398,1549
398,1506
398,1329
398,1242
399,1547
399,1502
400,463
400,1504
400,1439
400,619
401,576
401,1482
401,554
402,884
402,1571
403,862
403,641
404,906
404,1014
404,449
404,950
405,946
405,754
406,1318
406,472
406,1146
406,970
407,1385
407,1057
407,1187
408,409
408,430
409,452
409,1275
409,1338
410,542
410,1426
410,1427
410,1252
411,1449
411,718
411,1447
412,1538
412,522
412,1535
412,1536
413,695
413,459
413,786
413,563
414,1046
414,460
415,459
416,850
416,874
416,504
417,851
417,764
418,548
418,463
418,1419
419,442
419,1524
419,1351
420,464
420,550
421,465
421,620
422,1568
422,1569
422,771
423,1526
423,534
424,904
424,446
424,554
425,579
425,467
425,445
426,842
426,797
426,686
426,1188
427,883
427,473
427,1254
428,1143
428,514
428,1059
429,540
429,537
429,1056
430,539
431,1538
431,1382
431,586
432,478
432,475
433,566
433,1470
433,501
434,763
435,830
435,437
436,587
436,1069
436,569
437,937
437,916
437,765
438,852
438,1044
438,1111
438,1242
439,1154
439,722
440,1375
440,572
440,1353
441,1461
441,1287
441,1375
442,637
442,1264
443,576
443,489
443,507
444,510
444,1504
444,729
444,1459
445,622
445,796
446,793
446,926
447,752
447,709
447,947
447,511
448,993
448,512
448,535
449,1188
449,842
449,841
450,733
450,517
451,1165
451,1320
451,1274
451,1340
452,1517
453,1539
453,540
454,649
454,652
454,1447
455,522
455,1560
455,541
455,651
456,783
457,717
457,564
457,851
458,895
458,958
458,1027
459,546
459,633
460,1199
460,1088
461,503
461,700
461,1157
461,937
462,573
462,1547
462,1332
462,1219
463,1244
464,575
464,1505
464,1330
465,1570
465,640
465,1459
467,949
467,817
468,1080
468,750
469,907
469,1013
469,620
470,1060
470,951
470,839
470,820
471,1035
471,557
471,948
471,560
472,970
472,557
472,647
473,1101
473,515
473,1580
474,1452
474,604
474,1559
475,1319
475,715
476,519
476,540
476,1383
477,523
477,629
477,1472
477,652
478,740
479,830
479,870
479,827
479,936
480,870
480,894
480,1070
480,696
481,982
481,1069
481,592
482,1046
482,722
483,656
483,615
483,1329
484,1134
484,1243
484,1265
485,1199
485,1201
485,1243
486,508
487,683
487,1461
488,531
488,1547
489,1549
490,796
490,554
491,537
491,621
492,969
492,1101
492,688
493,623
493,820
494,992
494,602
495,1210
495,1384
495,1449
496,1580
496,516
496,692
497,1451
497,1321
497,1409
498,738
498,544
499,1494
499,804
499,784
499,1558
500,698
500,695
500,827
501,741
501,764
501,740
502,1025
502,565
502,635
503,548
503,958
503,1133
504,591
504,1156
505,1308
505,634
505,680
505,506
506,1243
506,703
507,550
507,614
508,1507
508,1546
508,682
509,749
510,708
511,816
512,555
512,664
513,533
513,1122
513,930
513,623
514,646
514,1061
514,1103
515,1343
515,561
516,1124
516,584
516,1364
517,1168
517,603
518,520
518,1474
518,1298
519,1361
519,1471
520,606
521,782
521,805
521,695
521,1515
522,610
523,743
524,808
524,719
524,981
524,1089
525,546
525,807
525,853
525,1134
526,590
526,1309
526,658
526,568
527,1047
527,591
527,1091
527,1265
528,723
528,702
528,1374
528,616
529,1376
530,747
530,1350
532,640
532,816
532,1528
533,555
533,618
534,578
535,927
536,1016
536,950
536,1057
536,644
537,1279
537,1058
538,580
538,1015
538,1450
538,1082
539,1274
539,691
539,603
540,625
541,1429
541,1473
542,1535
542,606
543,1581
543,589
543,697
544,631
544,807
545,611
545,717
545,589
546,1068
546,1156
547,633
547,1224
547,568
548,959
548,571
549,1245
549,1288
549,982
549,1135
550,660
550,1462
551,616
551,1354
552,747
552,706
552,748
553,1438
554,665
555,950
556,838
556,663
556,709
556,557
558,626
558,778
558,756
558,841
559,1148
559,908
559,756
559,712
560,1145
560,1343
560,1366
561,669
561,759
562,1450
562,1341
562,608
563,605
563,652
564,694
565,914
565,1582
566,981
567,1047
567,721
567,895
567,1093
568,962
568,1006
569,1243
569,1267
569,807
570,1180
570,1355
570,1093
570,1221
571,659
571,1221
572,1548
572,1310
572,1331
573,1464
573,619
574,750
574,1375
575,682
576,1550
577,663
577,621
577,796
578,730
578,820
578,598
579,862
579,581
580,710
580,821
580,906
581,713
581,1144
582,1362
582,1406
582,886
583,1472
583,672
583,1147
583,1344
584,1582
584,693
585,1408
585,1579
585,737
585,1516
586,628
586,738
588,786
589,830
590,896
590,657
590,916
591,787
591,1155
592,1222
592,833
592,1155
593,658
593,1049
593,681
593,1223
594,745
594,1286
594,1464
594,1527
596,1417
596,1418
596,706
597,729
597,663
598,773
599,728
599,927
600,1038
600,1123
600,995
601,930
601,951
601,709
601,1061
602,1191
602,1364
602,754
603,974
603,1409
604,758
604,733
604,693
605,824
605,1297
605,1561
606,1497
606,626
607,671
608,807
610,677
610,654
611,1048
611,1180
612,809
612,679
612,766
612,875
613,678
613,1268
613,872
613,1029
614,1267
614,1264
614,920
615,1506
615,1529
615,1463
616,790
616,877
617,812
617,639
617,638
618,1461
618,1525
619,794
620,663
621,728
621,882
622,1038
622,860
622,664
623,1123
623,1038
624,1105
624,1169
624,842
624,1211
625,1301
625,884
625,1082
626,1454
626,888
627,1517
627,1298
627,779
627,1453
628,1386
629,674
629,675
630,719
631,763
632,829
632,675
634,657
634,961
634,1089
635,1134
635,1177
635,722
636,1072
636,897
636,1352
636,960
637,791
637,1113
637,768
638,1266
638,1395
638,726
639,1376
639,1552
640,1484
642,753
642,840
643,992
643,886
644,971
644,819
644,1235
645,928
645,862
645,1059
646,1079
646,864
646,1367
647,1081
647,1408
647,778
648,1256
648,1539
648,888
649,1321
649,1452
650,1428
650,1407
650,715
650,1474
651,891
653,677
654,1028
654,960
654,719
655,765
655,1026
655,852
655,1159
656,898
656,1157
656,831
657,1331
657,1309
658,1222
658,984
659,920
659,1224
659,1551
660,1551
660,856
660,1333
661,746
661,1463
662,1505
664,817
665,685
666,1079
666,973
666,841
667,752
667,1278
667,1212
667,773
668,756
668,1016
668,689
668,753
669,1452
669,801
669,1102
670,714
670,822
670,1342
670,1363
671,1516
671,1366
671,1233
673,1493
673,846
676,1070
676,741
676,851
676,1005
677,697
677,764
678,785
678,1091
678,1290
679,1377
679,1200
679,746
680,984
680,1179
680,1422
681,877
681,1225
681,900
682,1464
683,1418
683,1572
683,814
684,705
685,749
685,773
685,927
686,885
686,906
686,929
687,1015
687,972
687,731
687,928
688,734
688,1101
688,905
689,1058
689,1037
689,1103
690,758
690,996
690,1431
690,1474
691,733
691,1190
691,1062
692,845
692,757
693,780
694,1475
695,1540
696,783
697,872
697,939
698,849
698,1135
698,744
699,1093
699,916
699,1180
699,831
700,810
700,768
700,899
701,1354
701,1245
701,1051
701,897
702,1070
702,1179
702,725
703,704
703,725
703,1203
704,1441
704,945
704,855
705,727
705,791
706,1508
706,880
707,708
708,926
709,948
710,863
710,949
710,860
711,1322
711,1060
711,1106
711,865
712,777
712,1280
712,798
713,1061
713,1214
713,1080
714,975
714,931
714,1298
715,932
715,1494
716,826
716,1518
716,1519
717,759
718,936
720,742
720,809
720,721
721,874
722,1178
723,1200
723,1310
723,1136
724,1312
724,1094
724,1093
724,1355
725,854
726,881
726,1530
726,1509
727,860
728,1527
729,1013
731,776
731,1038
731,817
732,886
732,777
732,1256
732,774
733,798
734,1301
734,1237
734,1257
735,1387
735,1538
735,1320
735,1452
736,1411
736,1255
736,1497
736,1407
737,1430
737,1519
738,824
738,847
739,979
739,782
739,825
740,917
740,869
741,761
741,808
742,872
742,1116
743,1160
743,942
743,766
744,983
744,1092
744,1157
745,921
745,1074
745,986
746,876
746,1483
747,1507
747,1572
748,769
748,1422
749,1528
750,751
752,925
753,904
753,818
754,797
754,1212
755,863
755,1389
755,1256
755,972
756,1257
757,1170
757,1149
757,1254
758,1170
758,1278
759,848
760,803
760,1560
760,1583
761,1496
761,912
762,784
762,804
763,895
764,897
765,938
765,896
766,1201
766,1049
767,986
767,1266
767,787
767,917
768,1420
768,1114
769,1444
769,832
769,988
770,1552
771,839
772,903
772,858
772,815
774,1124
774,929
775,970
775,994
775,817
775,819
776,995
776,1189
776,1192
777,888
777,1168
778,1323
778,1190
779,1128
779,802
779,1215
780,911
780,825
781,1409
781,803
781,999
783,784
785,787
785,981
786,982
787,1333
788,1202
788,1203
788,985
788,1113
789,943
789,922
789,1463
789,1397
790,1332
790,1246
790,1202
791,858
791,1573
792,1552
792,1400
792,835
792,1574
793,1465
794,926
794,968
795,993
797,883
797,1123
798,1344
798,975
799,1039
799,1388
799,818
799,996
800,1343
800,1301
800,1390
800,1281
801,1496
801,1432
801,1255
802,977
802,976
802,1020
803,910
803,936
806,957
808,828
809,1290
809,1028
810,1377
810,1092
810,1005
811,1397
811,1441
811,1159
811,1006
812,857
812,1052
812,1335
813,1311
813,898
813,921
814,878
814,1573
815,882
815,883
818,905
819,1148
820,949
821,885
821,1128
821,1520
822,1236
822,1125
822,953
823,1302
823,1322
823,1237
824,999
825,1542
826,1583
827,1002
827,893
828,983
829,1002
829,850
830,985
831,940
831,875
832,1222
832,878
832,1073
833,1551
833,1071
833,1030
834,857
834,1095
835,1442
835,1419
836,837
836,922
839,883
840,969
840,1059
840,1146
842,1279
843,997
843,1037
843,1084
843,931
844,888
844,1081
844,1518
844,1409
845,1170
845,1281
845,1431
846,975
846,1496
846,935
847,1065
851,896
852,1136
852,1222
853,1048
853,920
853,1291
854,1182
854,1008
854,1179
855,1332
855,857
855,961
856,1138
856,1096
856,1445
857,1292
858,881
859,947
859,971
860,902
861,884
861,1016
861,1058
862,882
863,1036
863,864
864,1037
864,1041
865,1257
865,1299
865,1259
866,910
866,1542
866,1408
866,1106
867,1018
867,1453
867,1019
867,1259
868,1041
868,1065
869,957
869,1023
871,983
871,937
871,939
872,918
873,1113
873,893
873,1050
874,1117
874,919
875,1052
875,1051
876,1553
876,1314
876,1181
877,1466
877,1314
878,1398
878,1009
879,1118
879,990
880,1055
880,903
881,989
884,1168
885,887
885,992
886,972
887,1389
887,1085
887,1390
889,1562
889,933
889,998
889,1455
890,1107
890,1150
891,1085
891,1108
892,1000
894,1004
895,1072
896,1003
897,1204
898,1358
898,1441
899,1531
899,1139
899,1050
900,1116
900,1511
900,1443
901,987
901,1357
901,967
901,1117
902,968
903,1077
904,1122
905,1125
905,929
906,1235
907,971
907,994
907,1040
908,1323
908,1410
908,994
909,1191
909,1521
910,1042
910,1387
911,1021
911,1562
912,1044
912,1131
913,959
914,1003
915,1004
916,1157
917,1160
918,1161
918,1136
918,1334
919,1158
919,1333
919,1334
920,987
921,1010
921,922
922,1055
923,1053
924,1032
924,944
925,966
925,1057
925,967
926,992
928,1191
928,1166
929,948
930,1169
930,1170
931,1411
931,1213
932,1543
932,1195
932,1152
933,1085
934,1498
934,1345
934,935
938,958
938,1001
939,1115
939,1003
940,1269
940,1181
940,1288
941,1183
941,1159
941,1246
941,1178
942,1400
942,1158
942,1511
943,1163
943,1487
943,945
944,1398
944,1011
944,1031
945,1012
945,1422
949,991
950,973
951,1190
951,1368
952,1124
952,1235
952,1234
952,1236
953,1346
953,1042
953,1019
954,1388
954,1562
954,1127
954,1498
955,1303
956,1154
956,1000
957,977
958,1025
959,1027
959,1089
960,1027
960,1003
961,1200
961,1244
962,1224
962,1005
962,1203
963,987
963,1096
963,1379
963,1510
964,1486
964,1336
964,1441
964,1051
965,1512
965,988
966,1271
966,1121
966,1163
967,1572
968,1075
969,1079
969,1076
971,1059
972,994
973,1277
973,1299
974,1216
974,1147
974,1194
975,1173
976,1039
976,1453
977,1258
977,1497
978,1195
979,1064
980,1001
980,1067
982,1114
983,1112
984,1029
984,1071
985,1488
985,1004
986,1269
986,1206
987,1489
988,1444
989,1509
989,1008
990,1144
991,1099
993,1125
993,1016
995,1080
995,1192
996,1042
996,1084
997,1326
997,1454
998,1000
998,1543
999,1107
999,1129
1001,1176
1002,1045
1002,1046
1004,1310
1005,1223
1006,1288
1006,1135
1007,1181
1007,1008
1007,1313
1008,1028
1009,1553
1009,1053
1010,1487
1011,1100
1012,1231
1013,1186
1015,1188
1015,1145
1017,1149
1017,1194
1017,1278
1017,1193
1018,1322
1018,1344
1018,1172
1019,1213
1019,1387
1020,1280
1020,1500
1021,1237
1022,1541
1022,1305
1024,1068
1024,1177
1025,1133
1026,1045
1026,1091
1028,1377
1029,1135
1029,1114
1030,1159
1030,1180
1030,1248
1031,1182
1031,1490
1031,1380
1032,1186
1032,1229
1033,1424
1034,1230
1034,1143
1035,1079
1036,1256
1037,1232
1039,1365
1039,1410
1040,1304
1040,1258
1040,1215
1041,1522
1042,1086
1043,1479
1043,1327
1043,1477
1043,1392
1044,1112
1046,1176
1047,1244
1048,1116
1048,1221
1049,1050
1049,1070
1050,1399
1051,1227
1052,1074
1053,1468
1054,1489
1054,1165
1055,1056
1056,1185
1060,1300
1060,1302
1061,1300
1062,1104
1062,1083
1062,1519
1063,1392
1063,1432
1063,1083
1063,1215
1064,1413
1064,1414
1065,1391
1067,1111
1067,1087
1068,1263
1069,1266
1071,1202
1071,1246
1072,1267
1072,1400
1073,1270
1073,1486
1073,1355
1074,1534
1074,1312
1075,1207
1075,1142
1075,1445
1076,1425
1076,1337
1077,1575
1078,1232
1080,1082
1081,1276
1081,1126
1082,1171
1083,1343
1083,1325
1084,1565
1084,1501
1088,1306
1088,1196
1089,1090
1090,1177
1091,1309
1092,1291
1092,1156
1094,1201
1094,1358
1094,1118
1095,1162
1095,1381
1095,1313
1096,1314
1096,1268
1097,1513
1097,1117
1097,1118
1098,1208
1099,1185
1100,1230
1101,1253
1102,1299
1102,1167
1102,1211
1103,1323
1103,1149
1104,1148
1104,1147
1104,1302
1105,1477
1105,1388
1105,1365
1106,1193
1106,1476
1107,1237
1107,1457
1108,1434
1108,1217
1109,1476
1109,1392
1110,1199
1111,1220
1112,1286
1114,1311
1115,1179
1115,1356
1115,1138
1116,1161
1117,1489
1119,1141
1119,1225
1120,1186
1120,1249
1120,1226
1121,1209
1122,1275
1123,1231
1124,1169
1125,1365
1126,1456
1126,1346
1126,1190
1127,1300
1127,1171
1127,1433
1128,1300
1128,1497
1129,1541
1129,1520
1130,1521
1130,1152
1130,1520
1131,1415
1131,1480
1131,1198
1132,1372
1133,1218
1134,1289
1136,1269
1137,1290
1137,1335
1137,1378
1137,1377
1138,1574
1138,1337
1139,1380
1139,1508
1140,1247
1140,1578
1140,1272
1141,1317
1142,1557
1144,1363
1145,1255
1146,1277
1146,1212
1147,1192
1148,1454
1149,1212
1150,1367
1150,1387
1151,1284
1151,1458
1153,1499
1154,1544
1155,1351
1156,1310
1158,1421
1158,1290
1160,1555
1160,1293
1161,1269
1162,1227
1163,1575
1164,1381
1164,1424
1164,1404
1165,1491
1165,1359
1166,1341
1166,1364
1166,1340
1167,1277
1167,1274
1167,1232
1168,1319
1169,1430
1171,1435
1172,1261
1172,1456
1172,1544
1173,1499
1174,1327
1174,1239
1174,1372
1174,1437
1175,1544
1175,1241
1175,1217
1178,1396
1178,1397
1181,1267
1182,1402
1183,1424
1183,1467
1183,1534
1184,1205
1184,1530
1184,1443
1184,1248
1185,1423
1187,1233
1187,1211
1188,1234
1189,1233
1191,1453
1192,1211
1193,1366
1193,1279
1194,1542
1195,1524
1196,1238
1196,1416
1197,1565
1197,1416
1200,1288
1201,1352
1202,1376
1203,1246
1204,1554
1204,1291
1204,1224
1205,1578
1205,1403
1205,1379
1206,1339
1206,1468
1207,1579
1208,1577
1209,1228
1209,1556
1210,1449
1210,1296
1210,1232
1213,1346
1213,1255
1214,1299
1214,1345
1214,1499
1215,1500
1216,1324
1216,1239
1216,1367
1217,1501
1218,1503
1218,1566
1218,1351
1219,1239
1219,1371
1220,1309
1221,1373
1223,1265
1223,1287
1225,1511
1225,1420
1226,1531
1226,1467
1226,1270
1227,1293
1228,1514
1229,1403
1229,1230
1231,1362
1233,1406
1234,1473
1234,1367
1235,1386
1236,1365
1236,1434
1238,1455
1238,1544
1239,1324
1240,1286
1240,1282
1240,1436
1240,1547
1241,1567
1241,1457
1242,1307
1242,1523
1244,1395
1245,1333
1245,1311
1247,1268
1247,1378
1247,1399
1248,1532
1248,1399
1249,1491
1249,1356
1249,1335
1250,1361
1250,1448
1250,1422
1251,1315
1251,1423
1251,1535
1252,1359
1253,1491
1253,1297
1254,1341
1254,1276
1257,1277
1258,1498
1258,1410
1259,1302
1260,1328
1260,1479
1260,1282
1261,1415
1262,1264
1262,1370
1263,1392
1265,1420
1266,1378
1268,1357
1270,1552
1270,1382
1271,1469
1272,1446
1272,1445
1273,1428
1275,1383
1276,1278
1276,1494
1279,1323
1281,1369
1281,1477
1282,1391
1282,1520
1283,1480
1283,1325
1284,1545
1285,1566
1285,1414
1285,1480
1289,1418
1289,1332
1289,1529
1291,1574
1292,1467
1292,1423
1295,1470
1295,1359
1295,1533
1296,1556
1296,1450
1297,1492
1298,1342
1301,1456
1303,1563
1303,1567
1304,1500
1306,1481
1306,1374
1307,1396
1307,1374
1308,1459
1308,1481
1311,1421
1312,1401
1313,1442
1314,1444
1315,1380
1316,1425
1318,1341
1319,1495
1320,1493
1321,1561
1321,1473
1322,1366
1324,1564
1324,1478
1325,1348
1327,1394
1328,1413
1331,1528
1334,1335
1334,1487
1336,1578
1336,1488
1337,1513
1338,1556
1338,1401
1339,1449
1344,1495
1345,1543
1346,1478
1347,1524
1348,1433
1349,1417
1350,1374
1351,1437
1353,1442
1353,1463
1353,1508
1354,1462
1354,1375
1355,1440
1356,1510
1356,1443
1357,1468
1357,1511
1358,1531
1359,1447
1360,1424
1360,1469
1364,1429
1368,1564
1368,1521
1369,1390
1373,1458
1376,1442
1378,1509
1379,1443
1380,1402
1382,1488
1383,1446
1385,1427
1386,1582
1386,1429
1388,1411
1389,1475
1389,1498
1390,1479
1391,1412
1393,1414
1393,1565
1395,1484
1395,1549
1396,1485
1397,1485
1398,1440
1398,1400
1401,1421
1402,1487
1404,1426
1404,1513
1405,1406
1406,1579
1407,1430
1408,1581
1412,1522
1417,1482
1418,1506
1419,1570
1419,1507
1420,1530
1425,1510
1426,1515
1430,1518
1431,1517
1431,1455
1432,1564
1432,1434
1433,1455
1434,1435
1436,1567
1439,1528
1445,1489
1448,1537
1448,1555
1451,1471
1451,1517
1454,1540
1456,1563
1457,1545
1462,1548
1465,1574
1465,1551
1466,1555
1466,1512
1469,1471
1472,1496
1473,1493
1475,1564
1477,1523
1484,1504
1485,1571
1486,1509
1490,1534
1492,1577
1501,1565
1506,1573
1512,1513
1512,1575
1514,1577
1516,1561
1518,1583
1522,1546
1524,1526
1526,1569
1532,1533
1532,1534
1538,1558
1539,1540
1543,1566
1550,1573
