0,803
0,1410
0,239
0,41
803,22
803,804
803,826
1410,65
1410,669
1410,1409
239,238
239,240
239,1561
41,344
41,388
41,693
1,24
1,131
1,823
1,1040
24,47
24,1063
24,1085
131,110
131,262
131,1023
823,822
823,1039
823,1256
1040,1017
1040,1041
1040,1063
2,3
2,25
2,1064
2,1563
3,4
3,26
3,1564
25,48
25,1174
25,1563
1064,1041
1064,1065
1064,1087
1563,1152
1563,1564
4,5
4,27
4,1565
26,49
26,1173
26,1219
1564,45
1564,1565
5,28
5,1351
5,1566
27,28
27,50
27,1196
1565,1542
1565,1566
28,29
28,51
1351,1350
1351,1352
1351,1374
1566,1543
1566,1567
6,7
6,29
6,1439
6,1567
7,8
7,30
7,1568
29,30
29,52
1439,549
1439,1438
1439,1440
1567,1544
1567,1568
8,9
8,31
8,1569
30,31
30,53
1568,1545
1568,1569
9,10
9,32
9,1570
31,54
31,703
1569,1546
1569,1570
10,11
10,1550
10,1571
32,55
32,165
32,879
1570,575
1570,1547
11,747
11,989
11,878
1550,1332
1550,1527
1550,1573
1571,1396
1571,1507
1571,1548
747,724
747,726
747,746
989,34
989,143
989,987
878,855
878,877
878,879
12,836
12,901
12,1442
12,1573
836,837
836,857
836,859
901,925
901,1551
901,899
1442,33
1442,637
1442,1419
1573,122
1573,1397
13,834
13,1421
13,899
13,923
834,833
834,835
834,857
1421,1420
1421,1422
1421,1423
899,898
899,918
923,900
923,922
923,921
14,1335
14,1403
14,1509
14,1074
1335,1312
1335,1358
1335,1315
1403,1401
1403,1402
1403,1405
1509,58
1509,77
1509,1508
1074,1072
1074,1075
1074,1093
15,1488
15,253
15,1076
15,1511
1488,1486
1488,1487
1488,1489
253,252
253,254
253,1033
1076,56
1076,211
1076,275
1511,1491
1511,1510
1511,1513
16,365
16,1226
16,1292
16,1383
365,39
365,192
365,1210
1226,813
1226,1225
1226,1249
1292,1272
1292,1290
1292,1291
1383,495
1383,1382
1383,1385
17,1450
17,1513
17,1426
17,1448
1450,20
1450,473
1450,605
1513,431
1513,1515
1426,127
1426,254
1426,320
1448,169
1448,322
1448,408
18,1517
18,1405
18,413
18,171
1517,85
1517,695
1517,1516
1405,454
1405,561
413,762
413,1581
413,675
171,148
171,1428
171,431
19,1428
19,236
19,1492
19,518
1428,103
1428,428
236,1446
236,1295
236,1512
1492,190
1492,499
1492,1490
518,323
518,1231
518,1364
20,215
20,1493
20,606
215,38
215,126
215,369
1493,172
1493,194
1493,477
606,585
606,607
606,692
21,652
21,607
21,65
21,1560
652,87
652,194
652,196
607,761
607,1579
65,1583
65,804
1560,172
1560,300
1560,739
22,848
22,1023
22,1498
848,263
848,847
848,849
1023,1022
1023,1024
1498,1475
1498,1499
1498,1521
23,46
23,1021
23,1107
23,1260
46,45
46,47
46,69
1021,998
1021,1020
1021,1022
1107,1084
1107,1106
1107,1259
1260,1237
1260,1283
1260,1258
47,48
47,70
1063,1061
1063,1084
1085,1062
1085,1108
1085,1130
48,49
48,71
1174,286
1174,1151
1174,1197
49,50
49,72
1173,1172
1173,1196
1173,1193
1219,286
1219,1218
1219,1220
50,51
50,73
1196,156
1196,1328
51,52
51,74
52,53
52,75
53,54
53,76
54,55
54,77
703,680
703,683
703,704
55,56
55,251
165,142
165,188
165,1165
879,684
879,858
33,858
33,1033
33,1463
858,317
858,859
1033,296
1033,1032
1463,441
1463,1440
1463,1484
34,946
34,1356
34,1075
946,382
946,947
946,967
1356,1355
1356,1357
1356,1336
1075,1077
1075,1094
35,1185
35,1443
35,1530
35,80
1185,102
1185,1184
1185,1187
1443,987
1443,1420
1443,1441
1530,1529
1530,1531
1530,1532
80,101
80,1339
80,1165
36,1274
36,1209
36,1249
36,1534
1274,103
1274,1272
1274,1276
1209,409
1209,427
1209,517
1249,1248
1249,1250
1534,1532
1534,1533
1534,1535
37,1253
37,366
37,212
37,298
1253,1252
1253,1341
1253,1230
366,63
366,300
366,451
212,1341
212,1380
212,1187
298,189
298,410
298,1362
38,1471
38,343
38,1469
1471,61
1471,346
1471,430
343,1449
343,1558
343,1316
1469,1467
1469,1468
1469,1470
39,608
39,629
39,1406
608,412
608,457
608,761
629,130
629,195
629,1472
1406,234
1406,301
1406,604
40,540
40,1578
40,694
40,696
540,1341
540,1496
540,1318
1578,149
1578,345
1578,432
694,476
694,781
694,1539
696,282
696,392
696,785
344,1384
344,1427
344,1447
388,62
388,170
388,412
693,172
693,561
693,846
42,1386
42,1583
42,1515
42,369
1386,494
1386,690
1386,716
1583,586
1515,1451
1515,1516
369,1537
369,738
43,1452
43,735
43,718
43,1476
1452,454
1452,717
1452,736
735,868
735,1171
735,1363
718,196
718,501
718,522
1476,757
1476,1477
1476,1499
44,1495
44,650
44,1430
44,1431
1495,604
1495,649
1495,1496
650,648
650,1342
650,1387
1430,583
1430,584
1430,1431
1431,1194
1431,1454
45,68
45,1475
68,67
68,69
68,91
1475,647
1475,800
69,70
69,92
70,71
70,93
71,72
71,94
72,73
72,95
73,74
73,96
74,75
74,97
75,76
75,98
76,77
76,99
77,100
56,57
56,79
251,250
251,252
251,274
57,1508
57,1251
57,1576
79,102
79,1012
79,1052
1508,615
1508,1507
1251,102
1251,166
1251,1250
1576,166
1576,1574
1576,1575
58,81
58,1186
58,191
81,82
81,1164
81,1316
1186,318
1186,320
1186,428
191,189
191,190
191,214
59,148
59,1055
59,1533
59,1425
148,103
148,321
1055,319
1055,407
1055,449
1533,1531
1533,1532
1425,1424
1425,1444
1425,1445
60,1162
60,1361
60,1338
60,1359
1162,1142
1162,1160
1162,1161
1361,496
1361,1360
1361,1382
1338,1336
1338,1337
1338,1340
1359,1337
1359,1340
1359,1358
61,431
61,1297
61,323
431,583
1297,515
1297,538
1297,1277
323,299
323,455
62,345
62,1535
62,84
345,630
345,498
1535,124
1535,320
84,561
84,1538
84,651
63,695
63,433
63,257
695,849
695,936
433,82
433,169
433,587
257,190
257,519
257,367
64,736
64,85
64,391
64,455
736,647
736,780
85,414
85,1474
391,435
391,498
391,740
455,192
455,498
804,587
804,783
66,67
66,89
66,153
66,1497
67,90
67,1108
89,88
89,90
89,112
153,132
153,152
153,805
1497,86
1497,672
1497,1433
90,91
90,113
1108,157
1108,1131
91,92
91,114
92,93
92,115
93,94
93,116
94,95
94,117
95,96
95,118
96,97
96,119
97,98
97,120
98,99
98,121
99,100
99,900
100,123
100,900
78,1208
78,1575
78,1206
78,813
1208,166
1208,275
1208,406
1575,1556
1575,1574
1206,1204
1206,1205
1206,1225
813,790
813,792
102,1295
1012,404
1012,1011
1012,1010
1052,1032
1052,1050
1052,1053
101,1339
101,1512
101,965
1339,299
1339,430
1165,276
1165,1163
82,1580
82,301
1164,341
1164,1163
1164,1183
1316,104
1316,1314
1580,432
1580,649
1580,672
301,129
301,1472
83,106
83,126
83,282
83,1362
106,107
106,260
106,1538
126,125
126,1427
282,764
282,478
1362,363
1362,583
561,1451
1538,302
1538,714
651,545
651,631
651,716
414,326
414,590
414,478
1474,497
1474,541
1474,672
86,562
86,457
86,587
562,410
562,1387
562,1343
457,805
457,827
587,258
87,1582
87,1539
87,1542
1582,432
1582,564
1582,737
1539,453
1539,1518
1542,1519
1542,1543
88,109
88,805
88,847
109,108
109,543
109,1496
805,371
847,846
847,870
112,111
112,113
112,135
113,114
113,136
114,115
114,137
115,116
115,138
116,117
116,139
117,118
117,140
118,119
118,141
119,120
119,142
120,121
120,143
121,122
121,232
900,877
123,122
123,146
123,1120
1512,1491
1512,1510
965,945
965,964
965,988
1295,321
1295,1384
103,104
104,237
104,368
237,214
237,238
237,453
368,261
368,1514
368,543
105,1473
105,1581
105,1294
105,1429
1473,671
1473,715
1473,737
1581,195
1581,631
1294,235
1294,1293
1294,1296
1429,322
1429,324
1429,473
107,108
107,303
107,1559
260,611
260,415
260,499
108,348
108,216
303,174
303,280
303,304
1559,347
1559,497
1559,586
348,325
348,349
348,371
216,193
216,217
216,719
543,456
543,478
1496,1519
110,111
110,133
110,1131
111,134
111,1283
133,132
133,134
133,156
1131,267
1131,1154
134,135
134,157
1283,1282
1283,1284
135,136
135,158
136,137
136,159
137,138
137,160
138,139
138,161
139,140
139,162
140,141
140,163
141,142
141,164
142,143
143,990
122,164
232,231
232,233
232,1207
164,163
164,187
146,145
146,147
146,1404
1120,233
1120,966
1120,1118
124,125
124,1252
124,1357
125,342
125,149
1252,254
1252,1275
1357,810
1357,812
342,1320
342,495
342,1122
149,411
149,541
1427,167
1427,475
127,278
127,1470
127,1579
278,277
278,279
278,1514
1470,474
1470,1468
1579,477
1579,1577
128,283
128,213
128,715
128,258
283,217
283,281
283,477
213,214
213,235
213,1207
715,586
715,1562
258,256
258,281
129,434
129,782
129,389
434,214
434,325
434,784
782,653
782,781
782,783
389,564
389,630
389,1514
130,806
130,913
130,152
806,458
806,459
806,807
913,912
913,914
913,936
152,151
152,674
262,263
262,437
262,1069
132,892
132,1045
892,416
892,891
892,893
1045,176
1045,1022
1045,1044
156,179
156,1067
157,180
157,1259
158,159
158,181
158,1130
159,160
159,182
160,161
160,183
161,162
161,184
162,163
162,185
163,186
990,991
990,1011
990,1013
144,145
144,987
144,297
144,1250
145,1554
145,1250
987,986
297,296
297,1229
297,1317
1554,1552
1554,1553
1554,1555
147,170
147,256
147,1489
1404,276
1404,476
1404,1381
170,151
170,193
256,255
256,279
1489,1487
1489,1490
321,1189
321,517
411,151
411,367
411,542
541,390
541,474
150,1558
150,501
150,522
150,544
1558,324
1558,429
501,565
501,588
522,982
522,567
544,172
544,916
544,763
151,259
259,435
259,1514
259,676
674,565
674,631
674,762
154,155
154,177
154,1154
154,1175
155,178
155,1369
155,1415
177,176
177,178
177,200
1154,483
1154,1155
1175,1152
1175,1176
1175,1198
178,179
178,201
1369,1368
1369,1370
1369,1392
1415,1414
1415,1416
1415,1438
179,180
179,202
1067,1066
1067,1068
1067,1198
180,181
180,203
1259,1258
1259,1261
181,182
181,204
1130,199
1130,1153
182,183
182,205
183,184
183,206
184,185
184,207
185,186
185,208
186,187
186,686
187,210
187,1054
188,166
188,211
188,1013
167,209
167,1188
167,1010
209,208
209,210
209,277
1188,189
1188,560
1188,1189
1010,1009
1010,1011
168,385
168,1273
168,410
168,1446
385,384
385,386
385,496
1273,235
1273,340
1273,1296
410,495
1446,1444
1446,1445
169,1381
169,1227
1381,1358
1381,1360
1227,255
1227,1228
1227,1229
193,521
193,390
173,324
173,761
173,523
173,520
324,1449
761,436
523,500
523,741
523,784
520,435
520,563
520,588
174,175
174,197
174,240
175,828
175,1024
175,1520
197,176
197,1066
197,827
240,241
240,826
828,722
828,829
828,851
1024,525
1024,1001
1520,1519
1520,1521
1520,1543
176,958
958,935
958,957
958,959
200,199
200,201
200,223
201,202
201,224
202,203
202,225
203,204
203,226
204,205
204,227
205,206
205,228
206,207
206,229
207,208
207,967
208,339
686,533
686,597
686,709
210,233
210,1317
1054,1034
1054,1053
1054,1056
211,234
211,1140
1013,425
1013,534
189,319
319,1187
319,1123
190,322
322,1494
192,386
192,1402
386,387
386,1210
1402,1401
1402,1422
521,739
521,610
521,565
390,720
390,519
194,196
194,760
196,480
760,628
760,716
760,1540
195,1540
195,739
1540,585
1540,648
739,238
480,547
480,610
480,764
1066,1043
1066,1065
827,458
827,698
198,199
198,219
198,980
198,1111
199,1110
219,218
219,915
219,261
980,957
980,979
980,981
1111,220
1111,483
1111,1110
1110,1087
1110,1133
223,222
223,224
223,246
224,225
224,247
225,226
225,248
226,227
226,249
227,228
227,250
228,229
228,880
229,230
229,252
967,966
967,968
339,316
339,338
339,340
277,276
277,1384
233,1229
1317,408
1317,1315
234,1144
234,1424
1140,1121
1140,1138
1140,1141
1341,671
1380,1360
1380,1378
1380,1379
1187,255
235,346
1207,341
1207,1139
217,218
217,891
719,415
719,590
719,720
218,869
218,633
891,890
891,914
869,284
869,868
869,870
633,370
633,961
633,1134
915,284
915,656
915,916
261,285
261,781
220,221
220,241
220,243
221,222
221,265
221,1044
241,871
241,1132
243,242
243,244
243,266
222,244
222,245
265,264
265,266
265,288
1044,1043
1044,1087
244,245
244,1199
245,246
245,268
246,247
246,269
247,248
247,270
248,249
248,271
249,250
249,272
250,273
880,881
880,903
880,924
230,231
230,1101
230,1058
252,773
231,295
231,902
1101,427
1101,1099
1101,1100
1058,469
1058,493
1058,494
295,294
295,296
295,512
902,903
902,922
902,1011
1229,364
1144,362
1144,382
1144,472
1424,1422
1424,1423
346,1537
346,720
238,545
453,1537
453,1318
545,500
545,590
1561,519
1561,605
1561,673
826,825
826,849
871,546
871,870
871,872
1132,307
1132,397
1132,417
242,263
242,395
242,936
263,305
395,372
395,374
395,396
936,935
266,267
266,289
1199,1198
1199,1200
1199,1222
268,267
268,269
268,291
269,270
269,292
270,271
270,293
271,272
271,294
272,273
272,968
273,274
273,296
274,275
274,579
773,750
773,774
773,796
254,255
279,280
279,302
519,1319
367,500
367,496
281,280
281,500
435,609
676,347
676,569
676,830
611,918
611,657
611,721
415,1070
415,1134
499,456
499,697
285,264
285,284
285,394
781,780
437,526
437,1049
437,479
1069,438
1069,962
1069,1068
305,306
305,328
305,849
264,287
264,482
287,286
287,288
287,310
482,459
482,483
482,505
288,289
288,311
267,290
289,290
289,312
290,291
290,313
291,292
291,314
292,293
292,315
293,294
293,316
294,317
968,969
968,991
275,276
579,556
579,602
579,819
1384,584
280,1557
302,325
302,387
1557,364
1557,1555
1557,1556
764,481
764,786
478,567
477,609
284,1026
1026,393
1026,1025
1026,1158
394,371
394,417
394,893
286,307
307,306
307,393
310,309
310,311
310,333
311,312
311,334
312,313
312,335
313,314
313,336
314,315
314,337
315,316
315,338
316,317
317,383
512,489
512,511
512,753
299,475
299,1363
475,456
475,1342
1363,690
1363,757
300,563
300,1447
563,737
563,1518
1447,1445
1447,1467
1472,605
1472,630
325,326
387,407
387,1516
304,564
304,546
304,476
564,566
546,656
546,831
476,1385
306,329
306,981
328,327
328,329
328,873
329,308
329,330
981,526
981,678
393,416
393,852
308,309
308,331
308,1306
309,332
309,1416
331,330
331,332
331,354
1306,1305
1306,1307
1306,1329
332,333
332,355
1416,1393
1416,1417
333,334
333,356
334,335
334,357
335,336
335,358
336,337
336,359
337,338
337,360
338,361
383,382
383,384
383,1080
318,426
318,1166
318,580
426,407
426,513
426,1168
1166,408
1166,558
1166,1146
580,623
580,1233
580,1147
1123,362
1123,559
1123,1122
320,1233
1233,470
1233,516
1189,1190
1189,1212
517,1318
517,539
1494,474
1494,649
1494,671
1449,560
1449,604
326,327
326,783
327,350
327,458
783,542
350,349
350,351
350,373
458,787
873,524
873,872
873,874
330,351
330,353
351,1197
351,1241
353,352
353,354
353,376
354,355
354,377
355,356
355,378
356,357
356,379
357,358
357,380
358,359
358,381
359,360
359,578
360,491
360,710
361,362
361,381
361,881
340,537
340,1231
537,363
537,516
537,1034
1231,408
1231,514
341,1272
341,1320
1272,1271
1320,1319
1320,1343
495,516
1122,427
1122,1121
630,850
498,716
1537,496
720,722
347,717
347,851
717,609
717,759
851,610
851,874
349,372
349,566
371,895
372,373
372,1003
566,677
566,743
373,352
373,374
1197,1153
1197,1220
1241,1218
1241,1242
1241,1264
352,375
352,1000
375,376
375,398
375,1089
1000,977
1000,999
1000,1001
376,377
376,399
377,378
377,400
378,379
378,401
379,380
379,402
380,381
380,403
381,404
578,555
578,776
578,1038
491,405
491,490
491,602
710,733
710,755
710,1060
362,1035
881,882
881,904
1035,493
1035,1034
1035,1036
363,1142
363,1298
1142,1141
1142,1143
1298,712
1298,1299
1298,1300
364,1276
364,1340
1276,497
1276,1255
1340,560
1210,452
1210,538
451,428
451,1365
451,584
738,1541
738,1453
738,824
370,503
370,939
370,785
503,525
503,526
503,872
939,916
939,938
939,962
785,568
785,1046
895,635
895,894
895,896
1003,569
1003,613
1003,1002
374,397
374,484
397,398
397,420
484,485
484,505
484,507
398,399
398,421
1089,438
1089,1112
1089,1088
399,400
399,422
400,401
400,423
401,402
401,424
402,403
402,425
403,404
403,708
404,687
382,1102
1102,536
1102,1103
1102,1104
384,1036
384,1318
1080,559
1080,646
1080,756
1036,731
1036,1034
407,1230
1516,454
412,565
412,1536
740,762
740,825
740,1046
392,610
392,1068
392,1047
1068,1025
1047,1048
1047,1049
1047,1070
416,438
416,439
852,461
852,609
852,875
417,418
417,1025
893,870
893,894
396,419
396,1221
396,1350
419,418
419,420
419,442
1221,1220
1221,1222
1221,1244
1350,1349
1350,1373
420,421
420,443
421,422
421,444
422,423
422,445
423,424
423,446
424,425
424,447
425,601
708,685
708,707
708,709
687,598
687,624
687,820
405,406
405,1079
405,471
406,1190
406,1037
1079,1057
1079,1078
1079,1081
471,1256
471,1169
471,1125
1190,625
1190,1192
1037,494
1037,1014
1037,1060
1230,1228
1230,1232
409,538
409,648
409,1296
538,712
648,559
1296,1319
542,653
542,605
1536,429
1536,586
1536,1556
762,784
675,631
675,982
590,502
1070,479
1070,654
1134,636
1134,1113
438,548
439,418
439,440
439,1179
418,441
1025,1002
441,442
441,464
442,443
442,465
443,444
443,466
444,445
444,467
445,446
445,468
446,447
446,683
447,711
447,994
601,1014
601,1039
601,1061
513,600
513,948
513,1082
1168,645
1168,1149
1168,1167
427,1081
1081,645
1081,800
428,583
429,602
429,1211
602,625
1211,623
1211,690
1211,692
430,559
430,539
539,454
539,560
432,1491
1491,1490
784,742
436,459
436,829
436,763
459,635
829,766
829,830
763,808
763,917
526,549
1049,657
1049,700
479,678
479,632
548,525
548,571
548,701
440,463
440,1112
440,1375
1179,570
1179,1156
1179,1178
463,462
463,464
463,486
1112,786
1112,1135
1375,1352
1375,1374
1375,1376
464,465
464,487
465,466
465,488
466,467
466,489
467,468
467,490
468,469
468,794
683,660
683,706
711,492
711,733
711,1344
994,993
994,995
994,1017
448,492
448,643
448,665
448,469
492,969
492,1082
643,576
643,600
643,1124
665,535
665,642
665,798
469,1167
449,971
449,1143
449,603
971,515
971,970
971,972
1143,1141
1143,1163
603,1254
603,1342
603,1145
450,731
450,1319
450,1299
450,644
731,730
731,754
1299,645
1299,1280
644,599
644,709
644,1170
1365,646
1365,1364
1365,1385
584,758
452,1232
452,626
452,581
1232,515
1232,558
626,472
626,1126
626,714
581,1015
581,1147
581,1104
456,589
589,960
589,1048
589,809
787,788
787,897
787,1268
635,658
635,1114
460,654
460,960
460,1198
460,984
654,632
654,850
960,766
960,959
984,741
984,961
984,1007
461,1091
461,1133
461,1155
1091,788
1091,808
1091,1072
1133,612
1133,1156
1155,1156
1155,1113
462,483
462,485
462,1242
485,486
485,508
1242,549
1242,1265
486,487
486,509
487,488
487,510
488,489
488,511
489,490
490,772
794,771
794,795
794,817
1167,514
1167,600
470,667
470,1146
470,1100
667,646
667,1234
667,712
1146,1147
1146,1148
1100,1098
1100,1099
1256,649
1256,758
1169,670
1169,1150
1169,1170
1125,1124
1125,1126
1125,1127
472,668
472,1145
668,647
668,713
668,1014
1145,536
1145,1124
473,1343
473,1321
1343,1366
1321,733
1321,1322
1321,1323
474,585
585,670
1342,691
1385,1364
567,961
567,959
678,1201
678,875
632,982
632,634
547,612
547,914
547,743
481,937
481,1092
481,1046
937,524
937,914
937,938
1092,699
1092,1090
1092,1093
1046,765
505,702
505,1245
507,506
507,508
507,530
508,509
508,531
509,510
509,532
510,511
510,533
511,534
772,749
772,771
772,795
969,970
969,992
1082,558
1082,1105
493,1275
493,1059
1275,582
1275,1254
1059,514
1059,534
1059,688
494,732
732,709
732,755
732,1191
516,558
497,737
697,588
697,938
697,742
588,742
502,1004
502,853
502,1090
1004,983
1004,1005
1004,1006
853,655
853,700
853,854
1090,698
1090,1088
525,850
872,613
504,983
504,1159
504,1114
504,1177
983,1005
983,1006
1159,1157
1159,1160
1159,1161
1114,634
1114,741
1177,1176
1177,1178
1177,1157
702,679
702,725
702,857
1245,1222
1245,1244
1245,1246
506,527
506,529
506,1333
527,528
527,1243
527,1418
529,528
529,530
529,552
1333,723
1333,1310
1333,1506
530,531
530,553
531,532
531,554
532,555
532,1549
533,556
533,620
534,599
753,730
753,776
753,1017
600,820
948,925
948,947
948,949
514,1212
1212,714
1212,1192
515,646
1364,1366
982,699
741,634
524,723
524,807
723,746
723,1224
807,591
807,721
850,655
549,550
528,551
528,1311
1243,1220
1243,1244
1243,1266
1418,1417
1418,1419
1418,1394
551,550
551,552
551,574
1311,1288
1311,1310
1311,1334
552,553
552,575
553,554
553,576
554,555
554,577
555,556
1549,620
1549,1526
1549,1548
556,973
620,619
620,621
599,576
599,622
535,797
535,995
535,624
797,774
797,796
797,820
995,972
995,1018
624,623
624,625
536,1148
536,688
1148,1127
1148,1149
688,1255
688,1038
712,1278
653,896
653,698
916,810
656,679
656,789
831,812
831,830
831,832
612,959
612,1202
743,942
743,963
571,550
571,572
571,1417
701,724
701,856
701,1156
550,573
573,572
573,574
573,596
574,575
574,597
575,576
577,622
577,642
577,775
973,950
973,972
973,996
557,729
557,1234
557,625
557,690
729,706
729,728
729,752
1234,734
1234,1257
1451,692
1451,1409
1387,1407
1387,1408
1518,1541
1518,1562
677,591
677,742
677,985
961,938
568,1028
568,1136
568,1201
1028,1027
1028,1029
1028,1030
1136,1113
1136,1115
1136,1137
1201,1181
1201,1202
569,570
569,592
570,1200
570,1332
592,591
592,593
592,615
1200,657
1200,680
1332,1309
1332,1331
572,593
572,595
1417,596
593,594
593,833
595,594
595,618
595,835
596,597
596,619
597,598
622,621
622,623
642,619
642,641
775,752
775,754
775,798
776,777
776,799
1038,1015
1038,1061
819,796
819,818
819,842
1147,1127
1015,798
1015,992
1104,1103
1104,1106
582,1344
582,604
582,670
1344,689
1344,1367
670,758
758,1409
1048,591
1048,698
809,634
809,1312
809,1116
615,594
615,616
594,617
833,613
833,832
617,616
617,618
617,640
618,619
618,641
835,640
835,814
598,621
598,793
621,730
793,770
793,792
793,816
820,843
1014,991
1039,1016
1039,1062
1061,1084
1254,755
1254,1191
692,1407
918,898
918,919
657,1334
721,898
721,1116
1202,722
1202,1203
613,614
614,637
614,744
614,941
637,616
637,638
744,877
744,1051
744,1160
941,765
941,940
941,942
616,639
639,638
639,662
639,1398
640,641
640,663
641,664
730,707
1126,801
1126,1124
714,1407
627,800
627,1454
627,1279
627,824
800,689
1454,1455
1454,1477
1279,689
1279,734
1279,1277
824,846
824,1042
628,1453
628,673
628,1322
1453,734
1453,778
673,759
673,825
1322,759
1322,1302
658,659
658,681
658,746
636,659
636,1135
636,1377
659,638
659,660
1135,786
1135,1246
1377,682
1377,1354
1377,1400
638,661
661,660
661,662
661,684
662,663
662,685
1398,1379
1398,1399
1398,1400
663,664
663,1528
664,685
664,752
1170,1345
1170,1150
645,1191
1191,1062
647,802
802,779
802,825
802,868
896,810
896,919
655,766
655,894
766,767
894,917
679,680
679,1071
789,788
789,790
789,1423
1334,855
1334,1336
681,660
681,680
681,682
746,769
684,685
684,707
1528,1483
1528,1527
1528,1529
752,751
798,821
666,774
666,974
666,1016
666,1017
774,751
974,951
974,975
974,997
1016,689
1016,993
713,1541
713,1019
713,1301
669,845
669,1105
669,996
845,822
845,844
845,846
1105,1128
1105,1103
996,997
996,1019
671,1432
1432,778
1432,1433
1432,1455
672,890
890,867
890,889
759,1411
830,808
985,962
985,986
985,964
875,874
875,876
1071,1050
1071,1072
1071,1073
682,705
682,1462
705,704
705,706
705,728
1462,1461
1462,1551
1462,1440
706,707
1255,1277
1255,1278
691,1388
691,1562
691,1103
1388,777
1388,1389
1388,1411
1562,1541
1407,1408
699,1027
699,962
1027,788
1027,811
700,1289
700,1203
1289,1266
1289,1288
1289,1312
1203,765
1203,786
724,725
724,1355
856,855
856,857
856,1053
725,704
725,726
704,727
727,726
727,728
727,750
728,751
733,756
755,1171
1060,799
1060,1083
1278,1277
1278,1280
1019,1018
1019,1020
1301,1194
1301,1302
1301,1324
722,897
898,854
1116,1115
1116,1117
897,874
897,920
1224,1223
1224,1225
1224,1205
1355,745
1355,1354
726,749
749,748
749,750
750,751
754,1018
754,1083
756,779
756,1257
734,821
821,822
821,844
868,867
1171,757
1171,1172
780,779
780,1408
942,940
942,943
963,940
963,986
963,944
877,876
1051,811
1051,1032
1051,1050
1160,1161
745,768
745,1158
745,1244
768,767
768,769
768,791
1158,765
1158,1138
769,748
769,770
748,771
748,924
771,770
924,925
924,947
1018,1041
1083,801
1083,1106
779,778
1257,1151
1257,1238
757,1367
1367,1368
1367,1390
1409,1408
1411,1412
1411,1434
808,917
917,940
767,790
767,1008
790,791
1008,988
1008,1006
1008,1009
791,770
791,792
795,796
795,818
777,778
777,1345
799,822
799,1366
1345,1368
1345,1326
1268,1267
1268,1269
1268,1270
1423,1422
792,815
815,814
815,816
815,838
816,817
816,839
817,818
817,840
818,841
1366,1389
801,1237
801,1300
1237,1235
1237,1236
1300,1280
1300,1302
1312,1139
810,919
919,920
811,1095
811,1465
1095,1093
1095,1094
1095,1096
1465,1441
1465,1464
1465,1466
812,921
812,1073
921,920
921,922
1073,1053
1073,1072
814,837
814,1464
837,838
837,860
1464,1441
1464,1444
838,839
838,861
839,840
839,862
840,841
840,863
841,842
841,864
842,843
842,865
843,844
843,866
844,867
832,854
832,876
859,860
859,882
860,861
860,883
861,862
861,884
862,863
862,885
863,864
863,886
864,865
864,887
865,866
865,888
866,867
866,889
854,855
882,883
882,905
883,884
883,906
884,885
884,907
885,886
885,908
886,887
886,909
887,888
887,910
888,889
888,911
889,912
876,1246
1246,1247
903,904
903,926
904,905
904,927
905,906
905,928
906,907
906,929
907,908
907,930
908,909
908,931
909,910
909,932
910,911
910,933
911,912
911,934
912,935
920,943
925,926
1551,1552
1551,1553
922,1400
926,927
926,949
927,928
927,950
928,929
928,951
929,930
929,952
930,931
930,953
931,932
931,954
932,933
932,955
933,934
933,956
934,935
934,957
943,966
943,944
1400,1399
947,970
949,950
949,972
950,951
951,952
952,953
952,975
953,954
953,976
954,955
954,977
955,956
955,978
956,957
956,979
966,1485
970,993
975,976
975,998
976,977
976,999
977,978
978,979
978,1001
979,1002
986,1009
1485,1484
1485,1466
1485,1486
991,992
992,993
997,998
997,1020
998,999
999,1022
1001,1002
1007,1030
1007,988
1007,1005
1009,1029
1020,1043
1030,1031
1030,1029
1041,1042
1043,1042
1031,1032
1031,1029
1031,1050
1062,1258
1042,1065
1065,1240
1087,1086
1084,1086
1258,1238
1240,1217
1240,1263
1240,1346
1106,1086
1128,1129
1128,1151
1128,1109
1129,1152
1129,1239
1129,1109
1151,1109
1152,1304
1239,1216
1239,1262
1239,1238
1153,1176
1153,1172
1139,1119
1139,1137
1304,1281
1304,1303
1304,1305
1176,1309
1172,1150
1309,1308
1309,1310
1178,1157
1178,1180
1193,1216
1193,1192
1193,1195
1216,1217
1216,1214
1194,1217
1194,1192
1217,1218
1195,1218
1195,1214
1195,1215
1328,1305
1328,1327
1328,1329
1222,1223
1223,1204
1223,1247
1225,1205
1262,1263
1262,1285
1262,1261
1263,1264
1263,1286
1346,1327
1346,1347
1346,1348
1264,1265
1264,1287
1265,1266
1265,1288
1266,1267
1247,1248
1247,1267
1248,1228
1248,1267
1285,1284
1285,1286
1285,1308
1286,1287
1286,1505
1287,1288
1287,1310
1280,1281
1281,1282
1281,1519
1282,1305
1282,1261
1284,1307
1284,1261
1307,1308
1307,1330
1308,1331
1505,1482
1505,1504
1505,1506
1302,1303
1324,1323
1324,1325
1324,1347
1303,1326
1303,1323
1326,1325
1326,1327
1329,1330
1329,1352
1330,1331
1330,1353
1331,1354
1323,1325
1325,1348
1347,1370
1347,1327
1348,1349
1348,1371
1352,1353
1353,1354
1353,1376
1506,1507
1506,1486
1358,1337
1368,1391
1370,1371
1370,1393
1349,1371
1349,1372
1373,1372
1373,1374
1373,1396
1374,1397
1376,1378
1376,1395
1389,1390
1389,1412
1390,1391
1390,1413
1391,1392
1391,1414
1392,1393
1392,1394
1371,1372
1393,1394
1372,1395
1395,1394
1395,1396
1396,1419
1397,1420
1397,1378
1412,1413
1412,1435
1413,1414
1413,1436
1414,1437
1419,1420
1434,1433
1434,1435
1434,1457
1435,1436
1435,1458
1436,1437
1436,1459
1437,1438
1437,1460
1438,1461
1433,1456
1455,1456
1455,1478
1456,1457
1456,1479
1457,1458
1457,1480
1458,1459
1458,1481
1459,1460
1459,1482
1460,1461
1460,1483
1461,1484
1440,1441
1477,1478
1477,1500
1478,1479
1478,1501
1479,1480
1479,1502
1480,1481
1480,1503
1481,1482
1481,1504
1482,1483
1483,1484
1499,1500
1499,1522
1500,1501
1500,1523
1501,1502
1501,1524
1502,1503
1502,1525
1503,1504
1503,1526
1504,1527
1521,1522
1521,1544
1522,1523
1522,1545
1523,1524
1523,1546
1524,1525
1524,1547
1525,1526
1525,1548
1526,1527
1507,1487
1543,1544
1544,1545
1545,1546
1546,1547
1547,1548
944,945
944,964
945,964
945,988
1005,1006
1056,1057
1056,1077
1056,1078
1057,1077
1057,1078
1077,1078
1086,1088
1088,1109
1093,1094
1094,1096
1096,1097
1096,1098
1097,1098
1097,1099
1097,1117
1098,1099
1113,1115
1115,1117
1117,1118
1118,1119
1118,1137
1119,1121
1119,1138
1121,1141
1127,1149
1137,1138
1149,1150
1157,1180
1161,1163
1180,1181
1180,1182
1181,1182
1181,1183
1182,1183
1182,1184
1183,1184
1184,1204
1204,1205
1213,1214
1213,1215
1213,1235
1213,1236
1214,1215
1215,1235
1228,1270
1235,1236
1236,1238
1269,1270
1269,1271
1269,1290
1270,1271
1271,1291
1290,1291
1290,1313
1291,1293
1293,1313
1293,1314
1313,1314
1313,1315
1314,1315
1336,1337
1360,1382
1378,1379
1379,1399
1382,1401
1399,1401
1444,1445
1466,1467
1466,1468
1467,1468
1486,1487
1490,1510
1510,1529
1529,1531
1531,1532
1552,1553
1552,1572
1553,1555
1555,1556
1572,1574
