0,803
0,1410
0,1497
0,608
803,804
803,1432
803,1473
1410,757
1410,1387
1410,1409
1497,735
1497,1518
1497,1541
608,151
608,304
608,806
1,24
1,131
1,823
1,1040
24,47
24,1063
24,1085
131,110
131,262
131,1023
823,87
823,822
823,1280
1040,733
1040,1017
1040,1041
2,3
2,25
2,1064
2,1563
3,4
3,26
3,1564
25,48
25,1174
25,1563
1064,1041
1064,1065
1064,1087
1563,1152
1563,1564
4,5
4,27
4,1565
26,49
26,1173
26,1219
1564,45
1564,1565
5,28
5,1351
5,1566
27,28
27,50
27,1196
1565,1542
1565,1566
28,29
28,51
1351,1350
1351,1352
1351,1374
1566,1543
1566,1567
6,7
6,29
6,1439
6,1567
7,8
7,30
7,1568
29,30
29,52
1439,549
1439,1438
1439,1440
1567,1544
1567,1568
8,9
8,31
8,1569
30,31
30,53
1568,1545
1568,1569
9,10
9,32
9,1570
31,54
31,703
1569,1546
1569,1570
10,11
10,1550
10,1571
32,55
32,165
32,879
1570,575
1570,1547
11,747
11,923
11,989
1550,1332
1550,1527
1550,1573
1571,1396
1571,1507
1571,1548
747,724
747,726
747,746
923,230
923,900
923,922
989,34
989,987
989,988
12,836
12,901
12,1442
12,1573
836,837
836,857
836,859
901,58
901,880
901,925
1442,33
1442,637
1442,1419
1573,122
1573,1397
13,1054
13,102
13,1444
13,1575
1054,1052
1054,1053
1054,1074
102,79
102,1445
102,1226
1444,1443
1444,1445
1444,1446
1575,1556
1575,1574
1575,1576
14,1360
14,1446
14,1249
14,1075
1360,454
1360,1380
1360,1381
1446,1445
1446,1447
1249,1226
1249,1250
1249,1247
1075,15
1075,1074
1075,1076
15,1251
15,1357
15,1164
1251,57
1251,166
1251,1250
1357,100
1357,789
1357,1356
1164,165
1164,1162
1164,1163
16,1337
16,344
16,1423
16,1296
1337,1336
1337,1338
1337,1356
344,1340
344,1362
344,1320
1423,1422
1423,1424
1423,1425
1296,494
1296,1273
1296,1319
17,171
17,1559
17,433
17,234
171,125
171,1578
171,675
1559,452
1559,454
1559,474
433,235
433,1581
433,584
234,211
234,1273
234,1186
18,1538
18,215
18,474
18,456
1538,86
1538,238
1538,282
215,632
215,719
215,544
474,104
474,1408
456,40
456,541
456,784
19,499
19,1537
19,1517
19,761
499,193
499,674
499,697
1537,38
1537,42
1537,409
1517,367
1517,582
1517,758
761,65
761,523
761,607
20,780
20,260
20,1539
20,565
780,779
780,781
780,1366
260,477
260,520
260,719
1539,41
1539,194
1539,540
565,413
565,432
565,1580
21,629
21,411
21,412
21,1364
629,391
629,410
629,544
411,39
411,81
411,1361
412,237
412,281
412,783
1364,602
1364,716
1364,1342
22,783
22,848
22,1023
22,1498
783,782
783,804
848,263
848,847
848,849
1023,1022
1023,1024
1498,1475
1498,1499
1498,1521
23,46
23,1021
23,1107
23,1260
46,45
46,47
46,69
1021,998
1021,1020
1021,1022
1107,1084
1107,1106
1107,1259
1260,1237
1260,1283
1260,1259
47,48
47,70
1063,735
1063,1061
1063,1042
1085,1062
1085,1108
1085,1130
48,49
48,71
1174,286
1174,1151
1174,1197
49,50
49,72
1173,1172
1173,1196
1173,1193
1219,286
1219,1218
1219,1220
50,51
50,73
1196,156
1196,1328
51,52
51,74
52,53
52,75
53,54
53,76
54,55
54,77
703,680
703,683
703,704
55,56
55,251
165,142
165,188
879,684
879,858
879,878
33,858
33,1033
33,1463
858,317
858,859
1033,145
1033,296
1033,1032
1463,441
1463,1440
1463,1484
34,946
34,1356
34,1293
946,382
946,947
946,967
1356,1355
1293,1291
1293,1292
1293,1294
35,80
35,1185
35,1400
35,1443
80,1163
80,1228
80,1534
1185,191
1185,235
1185,1165
1400,79
1400,900
1400,1377
1443,1420
1443,1441
36,1143
36,60
36,1469
36,1535
1143,1123
1143,1141
1143,1142
60,1427
60,1469
60,1183
1469,189
1469,190
1535,189
1535,255
1535,541
37,278
37,1555
37,256
37,1468
278,277
278,279
278,497
1555,1553
1555,1556
1555,1574
256,254
256,258
256,279
1468,1448
1468,1466
1468,1470
38,1424
38,1361
38,1359
1424,123
1424,1425
1361,236
1361,299
1359,81
1359,321
1359,342
39,365
39,237
39,1557
365,124
365,1471
365,1579
237,214
237,238
1557,148
1557,150
1557,366
40,1472
40,367
40,389
1472,149
1472,453
1472,607
367,150
367,1514
389,475
389,563
389,564
41,1406
41,1407
41,259
1406,321
1406,324
1406,559
1407,559
1407,737
1407,1365
259,150
259,850
259,760
42,500
42,238
42,695
500,149
500,478
500,589
238,239
695,1581
695,1518
695,739
43,717
43,782
43,627
43,649
717,65
717,108
717,391
782,781
782,1561
627,408
627,519
627,1516
649,1494
649,1495
649,669
44,936
44,801
44,1582
44,195
936,242
936,913
936,935
801,1237
801,1323
801,1476
1582,216
1582,564
1582,693
195,130
195,520
195,521
45,68
45,1475
68,67
68,69
68,91
1475,86
1475,800
69,70
69,92
70,71
70,93
71,72
71,94
72,73
72,95
73,74
73,96
74,75
74,97
75,76
75,98
76,77
76,99
77,100
77,1509
56,57
56,79
56,1076
251,250
251,252
251,274
57,1208
57,1508
79,1012
1076,211
1076,275
1208,166
1208,167
1208,275
1508,615
1508,1507
1508,1509
58,81
58,1491
58,297
81,82
1491,83
1491,430
1491,1490
297,296
297,1229
297,1317
59,1248
59,1492
59,1510
59,1184
1248,811
1248,1247
1248,1250
1492,322
1492,517
1492,1512
1510,145
1510,1509
1510,1511
1184,1165
1184,1182
1184,1183
1427,276
1427,368
1427,517
1183,1182
1183,1203
61,1514
61,106
61,103
61,1426
1514,192
1514,343
106,107
106,126
106,368
103,1384
103,1470
103,105
1426,191
1426,1405
1426,1425
62,282
62,1578
62,1383
62,1561
282,543
282,804
1578,431
1578,1558
1383,1382
1383,1385
1383,1402
1561,693
1561,736
63,453
63,606
63,737
63,1516
453,476
453,1363
606,129
606,409
606,1516
737,1495
737,1429
1516,430
64,1536
64,652
64,410
64,1474
1536,429
1536,1534
1536,1556
652,65
652,174
652,698
410,257
410,1447
1474,604
1474,651
1474,671
65,1408
1408,498
1408,519
66,67
66,89
66,153
66,824
67,90
67,1108
89,88
89,90
89,112
153,132
153,152
153,805
824,585
824,846
824,1454
90,91
90,113
1108,157
1108,1131
91,92
91,114
92,93
92,115
93,94
93,116
94,95
94,117
95,96
95,118
96,97
96,119
97,98
97,120
98,99
98,121
99,100
99,900
100,123
1509,1511
78,1467
78,1120
78,944
78,1338
1467,168
1467,898
1467,1466
1120,233
1120,966
1120,1121
944,902
944,942
944,945
1338,1318
1338,1340
1012,385
1012,404
1012,1011
1163,209
1163,1162
1228,298
1228,300
1228,1227
1534,1533
1534,1554
82,1580
82,496
82,324
1580,107
1580,672
496,127
496,1515
496,539
324,236
324,694
83,194
83,563
83,369
194,391
194,475
563,1452
563,760
369,85
369,283
369,827
84,718
84,476
84,169
84,435
718,303
718,545
718,632
476,519
476,653
169,1581
169,190
169,1385
435,129
435,807
435,587
85,108
85,1562
85,390
108,107
108,109
1562,739
1562,759
1562,1542
390,109
390,414
390,542
86,391
86,544
544,611
87,825
87,1541
87,868
825,173
825,802
825,826
1541,713
1541,1518
868,802
868,867
868,869
88,109
88,805
88,847
109,891
805,370
805,371
847,846
847,870
112,111
112,113
112,135
113,114
113,136
114,115
114,137
115,116
115,138
116,117
116,139
117,118
117,140
118,119
118,141
119,120
119,142
120,121
120,143
121,122
121,232
900,877
123,122
123,146
101,1422
101,319
101,1140
101,253
1422,1399
1422,1421
319,1121
319,493
319,1188
1140,1138
1140,1141
1140,1142
253,252
253,254
253,1210
1445,1447
1226,1225
1226,1227
1384,277
1384,584
1384,1295
1470,301
1470,1448
105,107
105,1494
105,151
104,1489
104,346
104,192
1489,1487
1489,1488
1489,1490
346,520
346,432
346,653
192,1493
192,1449
1494,236
1494,322
151,152
151,170
126,125
126,345
126,562
368,261
368,497
891,890
891,892
891,914
110,111
110,133
110,1131
111,134
111,1283
133,132
133,134
133,156
1131,267
1131,1154
134,135
134,157
1283,1282
1283,1284
135,136
135,158
136,137
136,159
137,138
137,160
138,139
138,161
139,140
139,162
140,141
140,163
141,142
141,164
142,143
143,990
143,1100
122,164
232,231
232,233
232,1207
164,163
164,187
146,145
146,147
146,1404
124,125
124,1336
124,1362
125,1297
1336,1315
1336,1334
1362,1321
1362,1342
1297,388
1297,581
1297,1295
345,1471
345,588
345,1513
562,495
562,560
562,1471
127,673
127,696
127,1449
673,543
673,740
673,1540
696,567
696,631
696,739
1449,212
1449,301
128,566
128,129
128,388
128,455
566,676
566,1047
566,588
129,304
388,303
388,605
455,605
455,1515
455,607
304,302
304,938
130,806
130,913
130,348
806,459
806,807
913,912
913,914
348,325
348,349
348,371
262,173
262,263
262,437
132,892
132,1045
892,416
892,893
1045,176
1045,1022
1045,1044
156,179
156,1067
157,180
157,1259
158,159
158,181
158,1130
159,160
159,182
160,161
160,183
161,162
161,184
162,163
162,185
163,186
990,991
990,1011
990,1013
1100,144
1100,167
1100,298
144,987
144,1227
144,167
987,832
987,986
1227,1229
167,209
145,1358
1358,877
1358,1335
1358,1381
147,170
147,343
147,454
1404,255
1404,1381
1404,1403
170,193
170,1272
343,254
343,1363
454,477
148,212
148,431
148,1274
212,258
212,1403
431,498
431,452
1274,428
1274,475
1274,515
149,299
149,323
299,1230
299,1276
323,168
323,342
323,1560
150,697
697,436
697,982
152,172
152,716
172,414
172,607
172,1540
716,196
716,564
154,155
154,177
154,1154
154,1175
155,178
155,1369
155,1415
177,176
177,178
177,200
1154,483
1154,1155
1175,1152
1175,1176
1175,1198
178,179
178,201
1369,1368
1369,1370
1369,1392
1415,1414
1415,1416
1415,1438
179,180
179,202
1067,1066
1067,1068
1067,1198
180,181
180,203
1259,1258
181,182
181,204
1130,199
1130,1153
182,183
182,205
183,184
183,206
184,185
184,207
185,186
185,208
186,187
186,686
187,210
187,1097
188,166
188,211
188,1013
166,1250
209,208
209,210
168,1493
168,1532
1493,280
1493,542
1532,1530
1532,1531
1532,1533
1581,239
190,322
190,452
1385,1365
1385,1386
193,216
193,564
1272,386
1272,1253
1272,1270
675,217
675,632
675,741
414,762
414,651
1540,670
1540,713
173,694
173,217
694,630
694,758
217,216
217,218
174,175
174,197
174,240
175,828
175,1024
175,1520
197,176
197,827
197,1066
240,239
240,241
240,826
828,698
828,829
828,851
1024,525
1024,1001
1520,1519
1520,1521
1520,1543
176,958
958,935
958,957
958,959
200,199
200,201
200,223
201,202
201,224
202,203
202,225
203,204
203,226
204,205
204,227
205,206
205,228
206,207
206,229
207,208
207,967
208,339
686,533
686,597
686,709
210,233
210,1317
1097,1077
1097,1095
1097,1096
211,320
1013,425
1013,534
189,1057
189,1316
1057,515
1057,1058
1057,1059
1316,430
1316,1314
1316,1315
322,301
452,473
191,214
191,1295
214,213
214,434
1295,1294
216,826
475,1318
520,326
521,764
521,763
521,676
196,585
196,522
196,1583
585,387
585,1473
522,653
522,610
522,1004
1583,587
1583,651
1583,739
827,630
827,804
1066,1043
1066,1065
198,199
198,219
198,980
198,1111
199,1110
219,218
219,261
219,915
980,957
980,979
980,981
1111,220
1111,483
1111,1110
1110,1087
1110,1133
223,222
223,224
223,246
224,225
224,247
225,226
225,248
226,227
226,249
227,228
227,250
228,229
228,880
229,230
229,252
967,966
967,968
339,316
339,338
339,340
233,1229
1317,340
1317,386
320,1210
320,1340
320,364
258,281
258,1513
1403,1401
1403,1402
213,235
213,1341
213,1252
235,1273
1341,540
1341,584
1341,1253
1252,254
1252,1253
1252,1275
434,325
434,784
434,477
632,1048
719,478
719,982
826,849
218,869
218,916
869,284
869,870
916,743
916,915
916,939
261,781
261,654
915,591
915,656
220,221
220,241
220,243
221,222
221,265
221,1044
241,871
241,1132
243,242
243,244
243,266
222,244
222,245
265,264
265,266
265,288
1044,1043
1044,1087
244,245
244,1199
245,246
245,268
246,247
246,269
247,248
247,270
248,249
248,271
249,250
249,272
250,273
880,881
880,924
230,231
230,535
252,773
231,295
231,902
535,797
535,995
535,536
295,294
295,296
295,512
902,903
902,922
1207,1139
1207,1187
1207,1205
1229,1230
1273,340
1186,1187
1186,1188
1186,1206
236,1429
1429,560
1429,758
239,543
543,760
871,546
871,870
871,872
1132,307
1132,397
1132,439
242,263
242,395
263,305
395,372
395,374
395,396
266,267
266,289
1199,1198
1199,1200
1199,1222
268,267
268,269
268,291
269,270
269,292
270,271
270,293
271,272
271,294
272,273
272,968
273,274
273,296
274,275
274,579
773,750
773,774
773,796
1210,427
1210,514
255,1340
255,1230
1230,318
279,280
279,302
257,1512
257,1339
257,1294
1512,1511
1512,1513
1339,280
1339,407
1339,430
1294,1292
281,280
281,283
1513,1511
850,479
850,525
850,655
760,650
477,366
781,693
654,478
654,764
654,809
437,526
437,1005
437,764
305,306
305,328
305,849
264,285
264,287
264,482
285,284
285,394
285,1087
287,286
287,288
287,310
482,459
482,483
482,505
288,289
288,311
267,290
289,290
289,312
290,291
290,313
291,292
291,314
292,293
292,315
293,294
293,316
294,317
968,969
968,991
275,276
579,556
579,602
579,819
276,277
276,1056
277,1078
1056,426
1056,449
1056,450
1078,361
1078,408
1078,469
497,408
497,539
302,325
302,387
283,849
283,650
650,648
650,674
284,981
284,1026
981,306
981,526
1026,393
1026,1025
1026,1158
394,371
394,417
394,893
286,307
307,306
307,393
310,309
310,311
310,333
311,312
311,334
312,313
312,335
313,314
313,336
314,315
314,337
315,316
315,338
316,317
317,383
512,489
512,511
512,753
298,1428
298,321
1428,364
1428,451
1428,672
321,518
1276,494
1276,691
1276,1256
300,1560
300,495
300,1490
1560,583
1560,759
495,471
495,1405
1490,1488
301,498
498,1448
325,326
387,386
387,432
303,784
303,1515
784,347
1515,628
938,937
938,939
938,961
306,329
328,327
328,329
328,960
329,308
329,330
393,416
393,852
308,309
308,331
308,1306
309,332
309,1416
331,330
331,332
331,354
1306,1305
1306,1307
1306,1329
332,333
332,355
1416,1393
1416,1417
333,334
333,356
334,335
334,357
335,336
335,358
336,337
336,359
337,338
337,360
338,361
383,382
383,384
383,1080
318,1187
318,1166
318,1035
1187,1189
1166,384
1166,557
1166,1165
1035,971
1035,1036
1035,1055
1121,342
1121,1122
493,625
493,1146
493,1101
1188,427
1188,603
364,561
364,1254
518,539
518,586
518,603
342,1122
326,327
326,523
327,350
327,458
523,547
523,940
350,349
350,351
350,373
458,436
458,787
458,918
960,723
960,741
960,959
330,351
330,353
351,1197
351,1241
353,352
353,354
353,376
354,355
354,377
355,356
355,378
356,357
356,379
357,358
357,380
358,359
358,381
359,360
359,578
360,491
360,710
361,381
361,881
340,428
428,1209
428,561
341,516
341,537
341,408
341,494
516,1145
516,1125
516,1231
537,1211
537,1168
537,1059
494,1209
1122,363
1122,1103
1363,559
1363,736
1320,669
1320,1319
1320,1343
1471,1451
588,698
588,611
432,519
653,674
347,415
347,720
347,586
415,763
415,677
415,1113
720,460
720,631
720,633
586,479
586,501
349,372
349,830
371,895
372,373
372,1003
830,829
830,831
830,1046
373,352
373,374
1197,1153
1197,1220
1241,1218
1241,1242
1241,1264
352,375
352,1000
375,376
375,398
375,1089
1000,977
1000,999
1000,1001
376,377
376,399
377,378
377,400
378,379
378,401
379,380
379,402
380,381
380,403
381,404
578,555
578,776
578,1038
491,490
491,602
491,645
710,733
710,755
710,1060
881,882
881,904
362,449
362,1232
362,470
362,1055
449,1233
449,1125
1232,1212
1232,1231
1232,1234
470,1233
470,1211
470,1034
1055,427
1055,1053
363,558
363,514
363,1102
558,407
558,1081
558,1256
514,1101
514,1126
1102,406
1102,688
1102,1103
561,409
561,1298
1254,539
1254,1191
1254,1275
1579,1558
1579,1577
366,1319
366,1209
1319,604
1209,1189
370,698
370,479
370,501
479,699
501,502
501,1047
895,635
895,894
895,896
1003,569
1003,613
1003,1002
374,397
374,484
397,398
397,420
484,485
484,505
484,507
398,399
398,421
1089,438
1089,481
1089,1112
399,400
399,422
400,401
400,423
401,402
401,424
402,403
402,425
403,404
403,708
404,687
382,1034
382,623
1034,406
1034,971
623,622
623,624
623,1103
384,385
384,1036
1080,756
1080,1079
1080,1081
385,386
385,1298
1036,426
1036,667
1298,1300
1298,1318
605,542
605,1451
542,1495
392,1068
392,874
392,504
392,1091
1068,1025
1068,1069
874,851
874,897
874,1134
504,808
504,1090
504,546
1091,676
1091,1072
1091,1092
416,438
416,439
852,743
852,875
852,1181
417,418
417,1025
417,1090
893,870
893,894
396,419
396,1221
396,1350
419,418
419,420
419,442
1221,1220
1221,1222
1221,1244
1350,1349
1350,1373
420,421
420,443
421,422
421,444
422,423
422,445
423,424
423,446
424,425
424,447
425,601
708,685
708,707
708,709
687,598
687,624
687,820
405,1231
405,600
405,492
405,1211
1231,1253
600,513
600,643
600,820
492,969
492,1082
492,1125
1211,688
406,451
406,1146
451,1275
451,1145
1146,517
1146,1147
407,472
407,1145
472,1318
472,1278
472,645
1145,731
409,538
538,557
538,1148
538,1081
1447,1405
413,741
413,457
413,589
741,610
457,609
457,785
457,740
589,721
589,961
762,674
762,742
762,873
651,1452
763,740
763,961
677,1136
677,1115
677,1180
1113,481
1113,700
1113,1092
438,548
438,894
439,418
439,440
418,441
1025,1002
1090,785
1090,1071
441,442
441,464
442,443
442,465
443,444
443,466
444,445
444,467
445,446
445,468
446,447
446,683
447,711
447,994
601,1014
601,1039
601,1061
426,1037
426,1167
1037,734
1037,1014
1037,1060
1167,646
1167,711
1167,1168
427,667
667,1079
667,1234
429,1144
429,1165
429,1386
1144,471
1144,1124
1144,1142
1386,1365
1386,1387
584,1430
807,524
807,591
587,851
587,609
436,459
436,829
459,635
829,766
526,503
526,549
1005,480
1005,832
1005,983
764,1048
548,525
548,571
548,701
894,655
440,463
440,1112
440,1375
463,462
463,464
463,486
1112,634
1112,1135
1375,1352
1375,1374
1375,1376
464,465
464,487
465,466
465,488
466,467
466,489
467,468
467,490
468,469
468,794
683,660
683,706
711,733
711,1344
994,993
994,995
994,1017
448,643
448,665
448,732
448,515
643,576
643,731
665,469
665,642
665,798
732,709
732,755
732,778
515,1255
1233,517
1233,603
1125,1123
450,471
450,626
450,1124
471,1104
626,1257
626,1148
626,1169
1124,1123
1124,1126
1275,582
473,560
473,1277
473,1212
541,738
541,628
609,785
609,630
785,631
740,786
787,610
787,788
787,810
918,744
918,917
918,920
635,658
635,744
460,1070
460,636
460,1157
1070,545
1070,678
1070,898
636,659
636,1135
636,1289
1157,568
1157,765
1157,872
461,524
461,678
461,1134
461,1201
524,723
524,937
678,810
678,1093
1134,722
1134,1088
1201,634
1201,1202
1201,1203
462,483
462,485
462,1242
485,486
485,508
1242,549
1242,1265
486,487
486,509
487,488
487,510
488,489
488,511
489,490
490,772
469,1079
794,771
794,795
794,817
1079,1058
1104,645
1104,668
1104,691
1278,540
1278,1277
1278,1279
645,1147
560,1213
1277,691
1277,1279
1212,1213
1212,1214
478,545
545,1047
699,811
699,1290
699,1069
480,568
480,940
480,502
568,1093
568,611
940,917
940,941
502,809
502,808
481,1180
481,1049
1180,1178
1180,1181
1049,633
1049,1029
1049,1051
505,702
505,1245
507,506
507,508
507,530
508,509
508,531
509,510
509,532
510,511
510,533
511,534
772,749
772,771
772,795
602,625
969,970
969,992
1082,513
1082,1105
1082,1081
625,557
625,624
1101,580
1101,1099
1405,1425
1448,1450
1047,743
809,721
809,1223
808,569
808,917
503,525
503,872
503,959
872,613
959,612
546,656
546,831
702,679
702,725
702,857
1245,1222
1245,1244
1245,1246
506,527
506,529
506,1333
527,528
527,1243
527,1418
529,528
529,530
529,552
1333,722
1333,1310
1333,1506
530,531
530,553
531,532
531,554
532,555
532,1549
533,556
533,620
534,599
534,903
753,730
753,776
753,1017
513,948
513,581
948,925
948,947
948,949
581,646
581,1015
1126,712
1126,1127
1255,648
1255,671
1255,692
603,714
676,1004
610,786
1004,982
1004,983
547,612
547,914
547,633
723,590
723,746
937,873
937,914
549,550
528,551
528,1246
1243,1220
1243,1244
1243,1266
1418,1417
1418,1419
1418,1394
551,550
551,552
551,574
1246,876
1246,1135
552,553
552,575
553,554
553,576
554,555
554,577
555,556
1549,620
1549,1526
1549,1548
556,973
620,619
620,621
599,576
599,622
599,644
903,904
903,926
797,774
797,796
797,820
995,972
995,1018
536,1148
536,1213
536,1169
1148,734
1213,799
1169,1149
1169,1150
1168,648
1168,1149
1059,1039
1059,1058
557,729
540,1496
1496,846
1496,1495
1496,1519
738,759
738,1452
738,1473
628,1299
628,715
611,917
656,679
656,789
831,832
831,963
612,1202
612,1027
633,1046
571,550
571,572
571,1417
701,724
701,856
701,1156
550,573
573,572
573,574
573,596
574,575
574,597
575,576
577,622
577,642
577,775
973,950
973,972
973,996
729,706
729,728
729,752
1256,670
1256,1236
559,580
580,1123
580,1192
1452,1451
567,873
567,1071
567,1048
873,1050
1071,1072
1071,1073
1048,570
1093,590
1093,811
569,570
569,592
570,1200
570,1332
592,591
592,593
592,615
1200,657
1200,680
1332,1309
1332,1331
572,593
572,595
1417,596
593,594
593,833
595,594
595,618
595,835
596,597
596,619
597,598
622,621
642,619
642,641
775,752
775,754
775,798
776,777
776,799
1038,644
1038,1015
1038,1061
819,796
819,818
819,842
1192,1172
1192,1190
1192,1194
646,996
646,692
1015,798
1015,992
582,1344
582,1431
1344,689
1344,1367
1431,1194
1431,1430
1431,1454
583,714
583,1235
583,1366
714,1193
714,1299
1235,688
1235,1215
1235,1234
1366,1343
1366,1389
1430,693
1430,759
1473,670
851,939
721,898
721,1223
961,984
590,853
590,1046
853,655
853,854
853,1268
1046,1069
591,788
788,634
788,789
615,594
615,616
594,617
833,613
833,834
833,1008
617,616
617,618
617,640
618,619
618,641
835,640
835,814
835,834
598,621
598,793
621,730
793,770
793,792
793,816
644,709
644,1170
820,843
1014,668
1014,991
1039,1016
1039,1062
1061,1084
604,1300
604,1190
1300,1280
1300,1301
1190,1189
1190,1191
1451,1409
630,715
786,1028
786,1160
1202,1203
1202,1204
1027,742
1027,1006
1027,1028
613,614
614,637
614,1135
614,1133
637,616
637,638
1133,1156
1133,1088
616,639
639,638
639,662
639,1398
640,641
640,663
641,664
730,707
730,731
624,800
1103,1105
800,689
800,690
1257,756
1257,1151
1257,1234
1299,647
1299,715
715,736
634,1158
1158,679
1158,745
658,659
658,681
658,746
744,986
744,1161
659,638
659,660
1289,1266
1289,1288
1289,1312
638,661
661,660
661,662
661,684
662,663
662,685
1398,1379
1398,1399
1398,1421
663,664
663,1528
664,685
664,752
731,754
1170,688
1170,689
1170,1345
1147,735
1147,1127
996,997
996,1019
692,1518
692,734
647,802
647,1322
647,668
802,779
1322,1302
1322,1321
1322,1342
668,713
648,1453
1453,690
1453,713
1453,1433
669,845
669,690
655,766
766,767
766,1182
679,680
789,790
657,1178
657,1376
657,1114
1178,1177
1178,1179
1376,1353
1376,1378
1114,765
1114,1092
1114,1115
681,660
681,680
681,682
746,769
684,685
684,707
1528,1483
1528,1527
1528,1529
752,751
798,821
666,774
666,974
666,1016
666,1017
774,751
974,951
974,975
974,997
1016,689
1016,993
845,822
845,844
845,846
690,1301
670,1450
1450,672
1450,1409
671,1388
671,1279
1388,777
1388,1389
1388,1411
1279,1280
672,890
890,867
890,889
1136,810
1136,1116
1136,1117
1115,700
1115,1095
810,1335
682,705
682,1377
682,1462
705,704
705,706
705,728
1377,811
1377,1354
1462,813
1462,1461
1462,1551
706,707
1301,1194
1301,1302
691,1214
1214,1195
1214,1215
734,1346
758,1323
982,983
1290,1270
1290,1291
1290,1292
1069,962
700,1051
700,899
1051,1032
1051,1052
899,1074
899,1271
899,1094
724,725
724,1355
856,855
856,857
856,878
1156,1155
1156,1179
725,704
725,726
857,834
704,727
727,726
727,728
727,750
728,751
733,756
755,1171
755,1019
1060,799
1060,1083
712,1171
712,1345
712,1058
1171,1172
1171,1150
1345,777
1345,1368
1193,1216
1193,1172
736,1343
898,1465
1223,1222
1223,1224
722,1203
722,1073
1073,896
1073,1053
1355,745
1355,1354
726,749
749,748
749,750
750,751
754,1018
754,1083
778,777
778,779
778,1432
756,779
1346,1240
1346,1326
1346,1327
735,1258
1258,1062
1258,1238
1343,1321
742,1050
742,1072
1050,1029
1050,1031
1072,1074
743,919
919,896
919,897
919,920
986,985
986,1009
1161,875
1161,1141
1161,1159
745,768
745,1244
768,767
768,769
768,791
769,748
769,770
748,771
748,924
771,770
924,925
924,947
1018,1019
1018,1041
1083,1106
1083,1084
1019,1020
757,1367
757,1476
757,1128
1367,1368
1367,1390
1476,1477
1476,1499
1128,1105
1128,1129
1128,1151
1323,1324
1323,1303
765,963
765,1225
963,962
963,964
1225,1224
1225,1206
767,790
767,1311
1182,1181
790,791
790,813
1311,1288
1311,1310
1311,1334
791,770
791,792
795,796
795,818
799,822
1432,1433
1432,1455
1028,1006
1028,1029
1160,1159
1160,1162
1160,1179
813,792
813,1485
792,815
815,814
815,816
815,838
816,817
816,839
817,818
817,840
818,841
821,822
821,844
821,1411
1237,1236
1237,1238
1335,812
1335,1312
812,1554
812,1529
812,1030
1554,1552
1554,1553
1529,1530
1529,1531
1030,1007
1030,1031
1030,1010
1485,966
1485,1484
1485,1441
814,837
814,1551
837,838
837,860
1551,1530
1551,1552
838,839
838,861
839,840
839,862
840,841
840,863
841,842
841,864
842,843
842,865
843,844
843,866
844,867
1411,1412
1411,1434
1280,1281
1454,1455
1454,1477
832,834
1008,1006
1008,1009
1008,1010
859,860
859,882
860,861
860,883
861,862
861,884
862,863
862,885
863,864
863,886
864,865
864,887
865,866
865,888
866,867
866,889
939,962
875,876
875,1420
1181,1162
854,855
854,1314
854,1421
1268,1247
1268,1267
1268,1269
855,878
855,1334
1314,1313
1314,1315
1421,1399
878,877
1334,1313
882,883
882,905
883,884
883,906
884,885
884,907
885,886
885,908
886,887
886,909
887,888
887,910
888,889
888,911
889,912
897,943
897,984
876,877
876,1007
1420,1397
1420,1419
1007,984
1007,988
904,905
904,927
905,906
905,928
906,907
906,929
907,908
907,930
908,909
908,931
909,910
909,932
910,911
910,933
911,912
911,934
912,935
896,985
985,962
985,965
943,966
943,941
943,942
984,964
1465,1441
1465,1464
1465,1466
1271,1269
1271,1270
1271,1291
1094,1092
1094,1095
1094,1096
925,926
922,921
922,920
926,927
926,949
927,928
927,950
928,929
928,951
929,930
929,952
930,931
930,953
931,932
931,954
932,933
932,955
933,934
933,956
934,935
934,957
920,921
921,941
921,942
947,970
949,950
949,972
950,951
951,952
952,953
952,975
953,954
953,976
954,955
954,977
955,956
955,978
956,957
956,979
970,971
970,993
972,971
975,976
975,998
976,977
976,999
977,978
978,979
978,1001
979,1002
991,992
992,993
997,998
997,1020
998,999
999,1022
1001,1002
1009,1010
1009,1011
1011,1010
1020,1043
1041,1042
1043,1042
1031,1032
1031,1029
1032,1052
1062,1191
1042,1065
1065,1240
1084,1086
1191,1189
1240,1217
1240,1263
1198,1261
1105,1106
1106,1086
1129,1152
1129,1239
1129,1109
1151,1109
1152,1304
1239,1216
1239,1262
1239,1238
1153,1176
1153,1155
1139,1312
1139,1137
1139,1138
1312,1313
1304,1281
1304,1305
1304,1302
1176,1177
1176,1309
1155,1177
1179,1177
1309,1308
1309,1310
1216,1217
1216,1195
1194,1217
1217,1218
1195,1218
1195,1215
1328,1305
1328,1327
1328,1329
1224,1204
1224,1205
1262,1263
1262,1285
1262,1261
1263,1264
1263,1286
1264,1265
1264,1287
1265,1266
1265,1288
1266,1267
1285,1284
1285,1286
1285,1308
1286,1287
1286,1505
1287,1288
1287,1310
1267,1247
1267,1269
1281,1282
1281,1519
1282,1305
1282,1261
1519,1542
1284,1307
1284,1261
1307,1308
1307,1330
1308,1331
1505,1482
1505,1504
1505,1506
1302,1303
1303,1326
1303,1324
1326,1325
1326,1327
1329,1330
1329,1352
1330,1331
1330,1353
1331,1354
1324,1325
1324,1347
1325,1348
1325,1327
1347,1370
1347,1348
1347,1349
1348,1349
1348,1371
1352,1353
1353,1354
1506,1507
1506,1486
1368,1391
1370,1371
1370,1393
1349,1371
1373,1372
1373,1374
1373,1396
1374,1397
1381,1379
1389,1390
1389,1412
1390,1391
1390,1413
1391,1392
1391,1414
1392,1393
1392,1372
1371,1372
1393,1394
1372,1395
1395,1394
1395,1396
1395,1440
1396,1419
1397,1378
1412,1413
1412,1435
1413,1414
1413,1436
1414,1437
1394,1440
1434,1433
1434,1435
1434,1457
1435,1436
1435,1458
1436,1437
1436,1459
1437,1438
1437,1460
1438,1461
1433,1456
1455,1456
1455,1478
1456,1457
1456,1479
1457,1458
1457,1480
1458,1459
1458,1481
1459,1460
1459,1482
1460,1461
1460,1483
1461,1484
1477,1478
1477,1500
1478,1479
1478,1501
1479,1480
1479,1502
1480,1481
1480,1503
1481,1482
1481,1504
1482,1483
1483,1484
1499,1500
1499,1522
1500,1501
1500,1523
1501,1502
1501,1524
1502,1503
1502,1525
1503,1504
1503,1526
1504,1527
1521,1522
1521,1544
1522,1523
1522,1545
1523,1524
1523,1546
1524,1525
1524,1547
1525,1526
1525,1548
1526,1527
1507,1487
1542,1543
1543,1544
1544,1545
1545,1546
1546,1547
1547,1548
941,942
945,964
945,965
945,988
964,965
965,988
983,1006
1052,1053
1077,1096
1077,1098
1077,1099
1086,1088
1086,1109
1088,1109
1095,1096
1098,1099
1098,1118
1098,1119
1099,1119
1116,1117
1116,1118
1116,1137
1117,1118
1117,1119
1118,1119
1127,1149
1127,1150
1137,1138
1137,1159
1138,1159
1141,1142
1149,1150
1204,1205
1204,1206
1205,1206
1215,1236
1236,1238
1269,1270
1291,1292
1313,1315
1321,1342
1365,1387
1378,1379
1378,1380
1379,1380
1380,1382
1382,1401
1382,1402
1387,1409
1399,1401
1401,1402
1441,1464
1464,1466
1464,1486
1486,1487
1486,1488
1487,1488
1530,1531
1531,1533
1533,1553
1552,1553
1552,1572
1556,1558
1558,1577
1572,1574
1574,1576
1576,1577
