0,803
0,1410
0,21
0,627
803,65
803,737
803,804
1410,712
1410,1408
1410,1409
21,519
21,85
21,129
627,43
627,1190
627,1516
1,24
1,131
1,1040
1,823
24,47
24,1063
24,1085
131,110
131,262
131,1023
1040,1017
1040,1041
1040,1038
823,758
823,822
823,824
2,3
2,25
2,1064
2,1563
3,4
3,26
3,1564
25,48
25,1174
25,1563
1064,1041
1064,1065
1064,1087
1563,1152
1563,1564
4,5
4,27
4,1565
26,49
26,1173
26,1219
1564,45
1564,1565
5,28
5,1351
5,1566
27,28
27,50
27,1196
1565,1542
1565,1566
28,29
28,51
1351,1350
1351,1352
1351,1374
1566,1543
1566,1567
6,7
6,29
6,1439
6,1567
7,8
7,30
7,1568
29,30
29,52
1439,1438
1439,1440
1439,1394
1567,1544
1567,1568
8,9
8,31
8,1569
30,31
30,53
1568,1545
1568,1569
9,10
9,32
9,1570
31,54
31,703
1569,1546
1569,1570
10,11
10,1550
10,1571
32,55
32,878
32,879
1570,575
1570,1547
11,747
11,989
11,1032
1550,1332
1550,1527
1550,1573
1571,1396
1571,1507
1571,1548
747,724
747,726
747,746
989,34
989,143
989,987
1032,210
1032,1031
1032,1033
12,836
12,1442
12,1573
12,1401
836,837
836,857
836,859
1442,33
1442,1419
1442,1441
1573,122
1573,1397
1401,14
1401,35
1401,1399
13,965
13,945
13,1096
13,1030
965,80
965,945
965,964
945,944
945,964
1096,188
1096,1077
1096,1094
1030,744
1030,1007
1030,1031
14,1335
14,1206
14,1552
1335,1312
1335,1358
1335,1334
1206,60
1206,1186
1206,1204
1552,165
1552,1532
1552,1551
15,1118
15,1491
15,299
15,1161
1118,1116
1118,1117
1118,1119
1491,16
1491,498
1491,1490
299,126
299,276
299,1363
1161,1160
1161,1162
1161,1163
16,168
16,1488
16,1053
168,233
168,1184
168,1187
1488,1486
1488,1487
1488,1489
1053,856
1053,1051
1053,1052
17,236
17,169
17,477
17,84
236,127
236,431
236,586
169,1207
169,455
169,235
477,300
477,695
477,565
84,388
84,1450
84,431
18,474
18,563
18,38
18,1582
474,105
474,1473
474,1580
563,239
563,1581
563,1579
38,1578
38,1314
38,237
1582,40
1582,42
1582,518
19,455
19,715
19,628
19,365
455,543
455,740
715,670
715,671
715,758
628,301
628,346
628,1366
365,1210
365,583
365,1251
20,541
20,456
20,1515
20,391
541,172
541,1428
541,1363
456,323
456,738
456,1537
1515,128
1515,215
1515,518
391,171
391,589
391,763
519,498
519,692
519,1516
85,83
85,607
85,653
129,650
129,500
129,414
22,1498
22,173
22,1542
22,1086
1498,1475
1498,1499
1498,1521
173,783
173,652
173,283
1542,1519
1542,1543
1086,1084
1086,1087
1086,1088
23,46
23,1021
23,1107
23,1260
46,45
46,47
46,69
1021,998
1021,1020
1021,1022
1107,1084
1107,1106
1107,1259
1260,1237
1260,1283
1260,1259
47,48
47,70
1063,66
1063,1061
1063,1214
1085,1062
1085,1108
1085,1130
48,49
48,71
1174,286
1174,1151
1174,1197
49,50
49,72
1173,1172
1173,1196
1173,1171
1219,286
1219,1218
1219,1220
50,51
50,73
1196,156
1196,1328
51,52
51,74
52,53
52,75
53,54
53,76
54,55
54,77
703,680
703,683
703,704
55,56
55,251
878,855
878,877
878,879
879,684
879,858
33,858
33,1033
33,1463
858,317
858,859
1033,296
1033,1010
1463,441
1463,1440
1463,1484
34,1356
34,1098
34,1533
1356,1355
1356,1357
1356,1336
1098,165
1098,1097
1098,1099
1533,78
1533,145
1533,1532
35,1075
35,1445
35,1207
1075,1073
1075,1074
1075,1077
1445,1426
1445,1444
1445,1446
1207,232
1207,1139
36,212
36,1361
36,1117
36,1534
212,211
212,213
212,1428
1361,167
1361,428
1361,498
1117,1116
1117,1119
1534,82
1534,190
1534,345
37,1141
37,321
37,1468
37,1208
1141,58
1141,231
1141,1142
321,59
321,1165
321,1557
1468,126
1468,1467
1468,1469
1208,275
1208,320
1208,406
1578,106
1578,1559
1578,1577
1314,1313
1314,1315
1314,1316
237,214
237,238
237,1470
39,1385
39,475
39,1425
39,587
1385,538
1385,562
1385,669
475,1275
475,1430
475,497
1425,1424
1425,1426
1425,1427
587,370
587,476
587,1537
40,518
40,367
40,717
518,716
367,82
367,608
367,1406
717,1497
717,1537
717,1562
41,630
41,1494
41,1583
41,760
630,586
630,1539
630,696
1494,322
1494,561
1494,649
1583,128
1583,648
1583,652
760,109
760,761
760,1561
42,454
42,410
42,1516
454,235
454,1451
454,1339
410,193
410,1470
410,1253
1516,369
43,824
43,714
43,1517
824,825
824,801
714,64
714,691
714,1322
1517,87
1517,195
1517,670
44,718
44,1433
44,694
44,1518
718,326
718,784
718,914
1433,1432
1433,1434
1433,1456
694,152
694,369
694,1386
1518,761
1518,1497
1518,1539
45,68
45,1475
68,67
68,69
68,91
1475,1476
1475,1496
69,70
69,92
70,71
70,93
71,72
71,94
72,73
72,95
73,74
73,96
74,75
74,97
75,76
75,98
76,77
76,99
77,100
77,1509
56,57
56,79
56,1076
251,250
251,252
251,274
57,1508
57,1228
57,102
79,102
79,1012
79,1248
1076,101
1076,211
1076,275
1508,1507
1508,1509
1508,1510
1228,61
1228,1209
1228,1227
102,1185
102,1251
58,81
58,1139
58,209
81,82
81,1185
81,1339
1139,1312
1139,1137
209,167
209,208
209,210
59,1184
59,1536
59,255
1184,103
1184,1164
1536,148
1536,411
1536,542
255,254
255,256
255,1099
60,1511
60,430
60,1227
1511,190
1511,1509
1511,1510
430,62
430,1579
430,1364
1227,1226
1227,1229
61,1273
61,215
61,390
1273,235
1273,340
1273,1296
215,347
215,697
390,127
390,389
390,476
62,1362
62,412
62,324
1362,1342
1362,1360
1362,1364
412,1535
412,1558
412,1472
324,1472
324,609
324,1383
63,453
63,433
63,674
63,476
453,629
453,1365
453,1406
433,104
433,1473
433,1472
674,128
674,737
674,739
476,1407
64,83
64,1538
64,478
83,106
83,126
1538,301
1538,432
1538,540
478,150
478,304
478,368
65,739
65,695
65,1560
739,696
739,763
695,106
695,258
1560,105
1560,260
1560,736
66,67
66,89
66,153
67,90
67,1108
89,88
89,90
89,112
153,132
153,152
153,805
90,91
90,113
1108,157
1108,1131
91,92
91,114
92,93
92,115
93,94
93,116
94,95
94,117
95,96
95,118
96,97
96,119
97,98
97,120
98,99
98,121
99,100
99,900
100,123
100,900
1509,1510
78,1553
78,1292
78,1165
1553,1554
1553,1555
1553,1572
1292,1272
1292,1290
1292,1291
1165,319
1165,341
1012,404
1012,1011
1012,1035
1248,1247
1248,1249
1248,1250
80,1054
80,1510
80,1489
1054,319
1054,1034
1054,1052
1489,167
1489,1487
82,1580
1185,343
1185,1140
1339,320
1339,496
1580,192
1580,672
106,107
126,125
388,257
388,542
388,1448
1450,693
1450,1429
1450,1449
431,429
431,1427
607,108
607,544
607,848
653,86
653,524
653,697
86,736
86,522
86,1581
736,804
736,782
522,127
522,782
522,608
1581,369
1581,564
87,304
87,827
87,1476
304,303
304,850
827,195
827,608
827,804
1476,1477
1476,1499
88,109
88,805
88,847
109,108
109,128
805,371
805,629
847,846
847,848
847,870
112,111
112,113
112,135
113,114
113,136
114,115
114,137
115,116
115,138
116,117
116,139
117,118
117,140
118,119
118,141
119,120
119,142
120,121
120,143
121,122
121,232
900,877
900,923
123,122
123,146
123,1055
101,254
101,1531
101,1313
254,253
254,1140
1531,1512
1531,1529
1531,1530
1313,1315
1313,1334
1251,1250
1251,1270
103,1183
103,1554
103,1558
1183,1164
1183,1181
1183,1182
1554,189
1554,1555
1558,323
1558,521
104,1382
104,432
104,1448
1382,170
1382,300
1382,1380
432,366
432,649
1448,281
1448,562
105,1514
105,565
1514,147
1514,278
1514,368
565,411
565,544
107,108
107,213
107,520
108,825
213,214
213,235
520,258
520,409
520,631
825,802
825,826
110,111
110,133
110,1131
111,134
111,1283
133,132
133,134
133,156
1131,267
1131,1154
134,135
134,157
1283,1282
1283,1284
135,136
135,158
136,137
136,159
137,138
137,160
138,139
138,161
139,140
139,162
140,141
140,163
141,142
141,164
142,143
142,165
143,990
122,164
232,231
232,233
164,163
164,187
146,145
146,147
146,1404
1055,187
1055,428
1055,946
124,125
124,1252
124,1357
124,1293
125,1576
125,409
1252,322
1252,1253
1252,1275
1357,1336
1357,1337
1293,145
1293,1272
1293,1294
1576,1556
1576,1574
1576,1577
409,604
409,1363
127,1561
1561,196
1561,1541
650,1495
650,1428
650,672
500,171
500,677
500,589
414,217
414,479
414,609
130,806
130,913
130,238
130,716
806,458
806,459
806,807
913,912
913,914
913,936
238,239
238,807
716,692
716,1541
262,218
262,263
262,1069
1023,1022
1023,1024
1023,1042
132,892
132,1045
892,696
892,891
892,893
1045,176
1045,1022
1045,1044
156,179
156,1067
157,180
157,1259
158,159
158,181
158,1130
159,160
159,182
160,161
160,183
161,162
161,184
162,163
162,185
163,186
165,188
990,991
990,1011
990,1013
144,145
144,1575
144,987
144,902
1575,189
1575,1556
1575,1574
987,986
987,1443
902,903
902,922
902,1011
147,170
147,1142
1404,364
1404,1381
1404,1383
170,151
170,193
1142,1122
1142,1143
148,192
148,1253
148,1555
192,1294
192,1577
1253,1341
1555,1535
149,214
149,1473
149,387
149,540
214,191
1473,651
387,302
387,345
387,386
540,1234
540,1277
150,413
150,171
150,303
413,172
413,301
413,742
171,1513
303,280
303,326
151,152
151,784
151,1540
152,588
784,434
784,763
1540,586
1540,605
1540,1539
588,959
588,740
588,982
154,155
154,175
154,177
154,1175
155,178
155,1369
155,1415
175,174
175,1024
175,1520
177,176
177,178
177,200
1175,1152
1175,1176
1175,1198
178,179
178,201
1369,1368
1369,1370
1369,1392
1415,1414
1415,1416
1415,1438
179,180
179,202
1067,1066
1067,1068
1067,1198
180,181
180,203
1259,1258
181,182
181,204
1130,199
1130,1153
182,183
182,205
183,184
183,206
184,185
184,207
185,186
185,208
186,187
186,686
187,210
188,211
188,1359
166,233
166,1120
166,384
166,1402
233,210
1120,966
1120,1100
1120,1119
384,383
384,385
384,1057
1402,1383
1402,1403
1402,1422
167,1579
1579,1559
1187,408
1187,1186
1187,1189
193,216
193,499
1513,191
1513,1492
1513,1512
172,584
172,738
584,1384
584,1430
584,648
738,1474
738,1539
783,346
783,564
783,782
652,345
652,741
283,260
283,281
283,677
174,197
174,240
174,936
197,176
197,826
197,1066
240,239
240,241
240,916
936,242
936,935
1024,568
1024,1001
1520,1519
1520,1521
1520,1543
176,958
958,935
958,957
958,959
200,199
200,201
200,223
201,202
201,224
202,203
202,225
203,204
203,226
204,205
204,227
205,206
205,228
206,207
206,229
207,208
207,230
208,339
686,663
686,685
686,709
211,234
1359,1358
1359,1360
1359,1379
189,1447
189,1057
1447,1446
1447,1449
1447,1467
1057,449
1057,580
190,191
190,322
191,1319
322,452
1319,300
1319,1296
1319,1320
1294,1295
1294,1296
216,217
216,651
216,915
499,301
499,497
499,675
194,629
194,741
194,737
194,1493
629,196
741,501
741,543
737,759
1493,323
1493,408
1493,585
195,392
195,606
392,785
392,764
392,1090
606,259
606,561
606,1453
196,567
196,846
567,523
567,654
567,1091
846,845
846,868
826,761
826,849
1066,1043
1066,1065
198,199
198,219
198,980
198,437
199,1110
219,218
219,915
219,1089
980,957
980,979
980,981
437,218
437,526
437,938
1110,1087
1110,1111
1110,1133
223,222
223,224
223,246
224,225
224,247
225,226
225,248
226,227
226,249
227,228
227,250
228,229
228,880
229,230
229,252
230,231
230,253
339,316
339,338
339,340
234,363
234,1490
234,1405
1428,451
347,261
347,762
347,521
697,547
697,762
217,218
217,564
651,544
651,740
915,284
915,916
564,585
1089,375
1089,438
1089,1112
220,221
220,241
220,243
220,1111
221,222
221,265
221,1044
241,871
241,1132
243,242
243,244
243,266
1111,483
1111,1088
222,244
222,245
265,264
265,266
265,288
1044,1043
1044,1087
244,245
244,1199
245,246
245,268
246,247
246,269
247,248
247,270
248,249
248,271
249,250
249,272
250,273
880,881
880,903
880,924
252,253
252,773
231,295
253,276
295,294
295,296
295,512
363,341
363,1122
363,472
1490,1471
1490,1492
1405,257
1405,343
1405,585
586,521
1470,1469
1470,1471
239,631
807,591
807,676
631,566
631,740
916,568
916,939
871,546
871,870
871,872
1132,307
1132,397
1132,481
242,263
242,395
263,305
263,848
395,372
395,374
395,396
266,267
266,289
1199,1198
1199,1200
1199,1222
268,267
268,269
268,291
269,270
269,292
270,271
270,293
271,272
271,294
272,273
272,968
273,274
273,296
274,275
274,579
773,750
773,774
773,796
276,275
276,277
1140,1466
1140,1121
256,257
256,258
256,279
1099,1079
1099,1097
257,280
258,281
279,278
279,280
279,302
280,281
259,566
259,672
259,501
566,436
566,981
672,890
501,480
501,960
260,632
260,457
632,523
632,742
632,765
457,673
457,543
457,610
261,285
261,368
261,781
285,264
285,284
285,394
368,1557
781,780
781,782
781,869
1069,438
1069,962
1069,1068
305,306
305,328
305,849
848,849
264,287
264,482
287,286
287,288
287,310
482,459
482,483
482,505
288,289
288,311
267,290
289,290
289,312
290,291
290,313
291,292
291,314
292,293
292,315
293,294
293,316
294,317
968,967
968,969
968,991
296,297
579,556
579,602
579,819
277,278
277,366
277,1316
278,1406
366,605
366,1231
1316,1315
1316,1317
1406,411
302,325
302,389
282,369
282,345
282,610
282,719
610,481
610,808
719,435
719,523
719,721
677,657
677,1028
284,869
284,1026
869,868
869,870
1026,393
1026,1025
1026,1158
394,371
394,417
394,893
286,307
307,306
307,393
310,309
310,311
310,333
311,312
311,334
312,313
312,335
313,314
313,336
314,315
314,337
315,316
315,338
316,317
317,383
512,489
512,511
512,513
297,1229
297,1317
297,1056
1229,344
1229,1209
1317,298
1317,1315
1056,469
1056,1077
1056,1078
298,1097
298,1384
298,494
1097,1095
1384,323
1384,1295
494,1104
494,1340
494,1188
1363,344
300,1295
1295,385
325,326
325,348
325,434
389,673
389,434
326,327
850,525
850,655
850,851
306,329
306,981
328,327
328,329
328,873
849,546
329,308
329,330
981,526
393,416
393,852
308,309
308,331
308,1306
309,332
309,1416
331,330
331,332
331,354
1306,1305
1306,1307
1306,1329
332,333
332,355
1416,1393
1416,1417
333,334
333,356
334,335
334,357
335,336
335,358
336,337
336,359
337,338
337,360
338,361
383,382
383,1080
318,514
318,493
318,948
318,1059
514,1167
514,1166
514,1145
493,495
493,1102
493,1034
948,925
948,947
948,949
1059,558
1059,1078
1059,1079
319,427
319,1079
427,320
427,1122
427,1297
1079,450
320,386
386,385
386,1166
1557,1556
1557,1559
452,428
452,582
452,1298
1472,451
609,542
609,543
1383,1403
348,349
348,371
348,765
434,435
327,350
327,611
350,349
350,351
350,373
611,461
611,700
611,675
873,699
873,872
873,874
330,351
330,353
351,1197
351,1241
353,352
353,354
353,376
354,355
354,377
355,356
355,378
356,357
356,379
357,358
357,380
358,359
358,381
359,360
359,578
360,491
360,710
361,362
361,381
361,881
340,385
340,1144
1144,342
1144,1143
1144,1146
341,473
341,342
473,1452
473,1211
473,562
342,344
342,495
344,1338
495,516
495,1188
343,1318
343,1341
1318,408
1318,451
1318,582
1341,671
1341,1340
1338,1336
1338,1337
1338,1340
346,498
346,1449
1449,1429
762,479
762,698
521,1559
349,372
349,480
371,808
765,480
765,1028
372,373
372,1003
480,1134
373,352
373,374
1197,1153
1197,1220
1241,1218
1241,1242
1241,1264
352,375
352,1000
375,376
375,398
1000,977
1000,999
1000,1001
376,377
376,399
377,378
377,400
378,379
378,401
379,380
379,402
380,381
380,403
381,404
578,513
578,555
578,601
491,405
491,490
491,602
710,733
710,1060
710,1125
362,1058
362,1124
362,364
881,882
881,904
1058,407
1058,538
1058,1081
1124,382
1124,647
1124,778
364,1340
364,1123
1122,1121
472,407
472,1210
472,1451
1123,449
1123,471
1123,646
1210,583
1210,690
583,1300
583,1497
605,757
605,1212
1231,429
1231,604
1231,1230
608,804
370,830
370,544
370,982
830,829
830,831
830,853
982,983
982,984
808,461
808,696
1003,569
1003,613
1003,1002
374,397
374,484
397,398
397,420
484,485
484,505
484,507
398,399
398,421
399,400
399,422
400,401
400,423
401,402
401,424
402,403
402,425
403,404
403,708
404,405
382,946
382,1167
946,947
946,967
1167,448
1167,1148
1080,537
1080,623
1080,646
1166,496
1166,1168
542,1535
673,759
673,675
589,415
589,1113
763,721
785,545
785,654
785,678
764,460
764,720
764,786
1090,634
1090,700
1090,743
416,415
416,438
416,439
852,851
852,853
852,875
417,418
417,1025
417,828
893,870
893,894
396,419
396,1221
396,1350
419,418
419,420
419,442
1221,1220
1221,1222
1221,1244
1350,1349
1350,1373
420,421
420,443
421,422
421,444
422,423
422,445
423,424
423,446
424,425
424,447
425,601
425,1013
708,685
708,707
708,709
405,406
405,971
406,580
406,1298
971,712
971,970
971,972
580,537
580,1145
1298,538
1298,734
407,1078
407,1342
1078,1077
1342,1323
1342,1364
408,1492
1492,1512
604,429
604,1190
411,1471
1471,1469
1535,1556
742,744
742,1048
479,524
479,699
415,546
415,1114
546,656
1114,766
1114,1094
1114,1113
438,548
439,418
439,440
439,1198
418,441
1025,1002
1025,1068
828,545
828,829
828,851
441,442
441,464
442,443
442,465
443,444
443,466
444,445
444,467
445,446
445,468
446,447
446,683
447,711
447,1081
601,1039
601,1061
1013,426
1013,534
426,645
426,1103
426,1101
645,777
645,1189
645,1301
1103,558
1103,600
1103,626
1101,515
1101,536
1101,1100
1297,559
1297,626
1297,1276
428,536
536,1233
536,1145
429,559
559,1321
559,1343
1364,1365
1427,1426
1427,1429
649,496
649,1495
435,676
435,1047
676,525
676,1046
1047,502
1047,698
1047,1046
436,459
436,829
436,1070
459,635
829,634
1070,1071
1070,1072
1070,1091
526,503
526,549
938,937
938,939
938,961
548,525
548,571
548,701
440,463
440,1135
440,1375
463,462
463,464
463,486
1135,636
1135,1112
1135,1246
1375,1352
1375,1374
1375,1376
464,465
464,487
465,466
465,488
466,467
466,489
467,468
467,490
468,469
468,794
683,660
683,706
711,492
711,733
711,1344
1081,600
1081,1104
448,492
448,643
448,689
492,969
492,1082
643,576
643,642
643,644
689,450
689,644
689,1036
449,1014
449,1233
1014,668
1014,991
1014,1037
1233,647
1233,667
450,1016
450,603
1016,666
1016,993
1016,1039
603,451
603,1211
603,1105
582,1277
582,1344
1365,626
1365,1366
1451,497
1451,734
1537,497
458,787
458,569
458,937
787,568
787,633
787,788
569,570
569,592
937,524
937,914
635,658
635,895
635,961
460,1201
460,590
460,960
1201,481
1201,1181
1201,1202
590,831
590,1092
590,1180
960,959
960,961
461,1177
461,1200
1177,1176
1177,1178
1177,1157
1200,570
1200,1223
462,483
462,485
462,1242
483,1154
485,486
485,508
1242,549
1242,1265
486,487
486,509
487,488
487,510
488,489
488,511
489,490
490,772
469,513
469,1037
794,771
794,795
794,817
513,600
1037,557
1037,1060
470,1143
470,1168
470,1017
470,1082
1143,1163
1168,1169
1168,1170
1017,666
1017,994
1082,644
1082,1105
471,1169
471,1320
471,1036
1169,1170
1169,1171
1320,648
1320,1343
1036,690
1036,1034
1452,539
1452,585
1452,1429
1211,561
1211,1212
562,1407
1275,581
1275,1254
1430,692
1430,1431
1407,515
1407,560
524,983
699,786
699,811
1134,633
1134,1133
1134,1136
481,810
810,788
810,809
810,811
505,1418
505,1245
1154,1155
1154,1133
507,506
507,508
507,530
508,509
508,531
509,510
509,532
510,511
510,533
511,534
772,749
772,771
772,795
602,625
602,798
969,970
969,992
1102,646
1102,667
1102,1100
1034,1015
1104,667
1104,1127
1188,539
1188,1186
516,1277
516,1274
516,517
496,1321
1321,1299
1321,1322
675,786
502,722
502,547
502,545
722,637
722,1049
722,1178
547,1092
547,1115
545,1046
503,872
503,962
503,1092
872,613
962,939
962,985
1092,1071
504,1091
504,1223
504,918
504,1158
1091,612
1223,1222
1223,1224
918,898
918,899
918,940
1158,745
1158,1138
1418,527
1418,1417
1418,1419
1245,1222
1245,1244
1245,1246
506,527
506,529
506,1333
527,528
527,1243
529,528
529,530
529,552
1333,723
1333,1310
1333,1506
530,531
530,553
531,532
531,554
532,533
532,555
533,534
533,556
534,557
600,820
1145,1125
515,648
515,1343
1343,1366
1277,1254
1274,561
1274,1272
1274,1276
517,1474
517,1386
517,735
1474,693
1474,1453
1386,560
1386,759
735,1127
735,757
735,1279
692,800
523,678
678,1027
678,1180
983,723
983,985
525,786
549,550
549,1398
528,551
528,1311
1243,1220
1243,1244
1243,1266
551,550
551,552
551,574
1311,1288
1311,1310
1311,1334
552,553
552,575
553,554
553,576
554,555
554,577
555,556
556,973
557,974
557,1234
535,599
535,665
535,797
535,995
599,576
599,622
599,1035
665,642
665,664
665,798
797,774
797,796
797,820
995,972
995,994
995,1018
537,1278
537,669
1278,754
1278,758
1278,1255
669,539
669,845
538,1409
1409,1387
1409,1408
539,758
1234,1257
1234,1232
1046,1048
656,612
656,679
656,789
1115,657
1115,700
1115,1095
571,550
571,572
571,1417
701,724
701,1156
701,1420
550,573
1398,639
1398,1399
1398,1400
573,572
573,574
573,596
574,575
574,597
575,576
577,622
577,731
577,775
973,950
973,972
973,996
974,951
974,975
974,997
558,668
558,1035
668,625
668,713
1035,1015
560,1190
560,1256
1190,776
1256,646
1256,1255
1256,1258
654,896
654,917
568,591
591,592
591,1048
570,1289
570,1155
592,593
592,615
1289,1266
1289,1288
1289,1312
1155,1156
1155,1157
572,593
572,595
1417,596
593,594
593,833
595,594
595,618
595,835
596,597
596,619
597,598
597,1572
622,621
622,623
731,709
731,730
731,732
775,752
775,754
775,798
819,796
819,818
819,842
581,688
581,1257
581,666
688,1083
688,690
688,1235
1257,1151
1257,1238
666,774
1344,1367
1344,1323
1300,671
1300,1279
1300,1299
1497,1496
959,655
1113,745
1113,1112
831,720
831,832
1180,1178
1180,1179
1048,1029
615,594
615,614
615,616
594,617
833,613
833,832
833,834
617,616
617,618
617,640
618,619
618,641
835,640
835,814
835,834
619,620
619,642
598,621
598,687
598,793
1572,1574
621,620
621,644
687,624
687,994
687,820
793,770
793,792
793,816
820,843
1039,756
1039,1062
1061,1038
1061,1084
625,624
625,712
798,821
1105,1128
1105,1214
757,1454
757,1106
1212,734
1212,1213
1453,759
1453,1432
700,1332
612,1181
612,1116
1181,1182
1116,1095
613,614
614,637
614,1441
637,616
637,638
1441,1440
1441,1443
616,639
639,638
639,662
640,641
640,663
641,642
641,664
620,1549
620,753
1549,1485
1549,1526
1549,1548
753,730
753,776
753,1146
623,624
623,1083
624,755
1083,1060
1083,1106
755,732
755,1149
755,1171
712,800
626,799
799,776
799,822
799,1060
1366,1389
633,1068
633,1093
1093,721
1093,1074
1093,1094
634,984
634,1027
984,961
984,1007
1027,720
1027,1004
658,659
658,681
658,746
895,657
895,894
895,896
636,659
636,789
636,1377
659,638
659,660
789,788
789,790
1377,682
1377,1354
1377,1400
638,661
661,660
661,662
661,684
662,663
662,685
663,664
664,752
777,776
777,778
777,1189
1189,647
1301,1194
1301,1302
1301,1324
647,1125
1125,1126
1495,780
1495,1496
896,698
896,919
917,679
917,894
917,940
655,766
655,894
766,767
766,939
679,680
679,702
657,1355
1355,724
1355,1354
681,660
681,680
681,682
746,723
746,769
684,685
684,707
752,729
752,751
774,751
667,1127
1127,1150
713,1541
713,1235
713,1213
845,822
845,844
670,1280
670,778
1280,1281
1280,1279
1280,1299
778,779
671,1432
1432,1455
890,867
890,889
890,891
1028,1004
1028,1006
680,919
702,725
702,853
702,857
919,920
919,899
682,705
682,1462
705,704
705,706
705,728
1462,1461
1462,1551
1462,1464
706,707
706,729
707,730
709,732
994,993
690,1302
1235,1215
1235,1236
1302,1303
1302,1322
691,1562
691,1019
691,693
1562,1541
1019,996
1019,1018
1019,1020
693,868
800,801
800,802
868,867
698,720
811,809
811,812
1332,1309
1332,1331
724,725
1156,1133
1156,1179
1420,1397
1420,1419
1420,1443
725,704
725,726
853,854
857,834
857,856
704,727
727,726
727,728
727,750
728,729
728,751
729,730
732,733
733,756
1213,1214
1213,1215
1322,780
914,891
721,1005
1005,1004
1005,1006
1005,1007
1049,1029
1049,1050
1049,1051
1178,1179
723,898
898,767
898,899
726,749
749,748
749,750
750,751
756,779
756,1170
734,1346
1346,1240
1346,1327
1346,1345
1279,1299
744,1225
744,941
743,1136
743,1159
743,1291
1136,1137
1136,1138
1159,1138
1159,1157
1159,1160
1291,1271
1291,1290
1225,1224
1225,1226
1225,1205
941,940
941,942
941,943
745,768
745,1244
768,767
768,769
768,791
769,748
769,770
748,771
748,924
771,770
924,925
924,947
1146,1126
1146,1147
754,1126
754,1018
1126,1147
1018,1041
1149,1147
1149,1148
1149,1150
1171,1172
779,780
779,802
1170,1345
1454,1431
1454,1455
1454,1477
1106,1084
761,891
767,790
790,791
790,813
791,770
791,792
795,796
795,818
802,801
788,809
813,792
813,814
813,812
792,815
815,814
815,816
815,838
816,817
816,839
817,818
817,840
818,841
821,822
821,844
821,801
814,837
837,838
837,860
838,839
838,861
839,840
839,862
840,841
840,863
841,842
841,864
842,843
842,865
843,844
843,866
844,867
851,874
832,809
832,812
834,812
859,860
859,882
860,861
860,883
861,862
861,884
862,863
862,885
863,864
863,886
864,865
864,887
865,866
865,888
866,867
866,889
874,875
874,897
875,876
875,854
854,855
854,856
855,856
855,1334
882,883
882,905
883,884
883,906
884,885
884,907
885,886
885,908
886,887
886,909
887,888
887,910
888,889
888,911
889,912
897,920
897,876
897,877
876,877
876,1246
1246,1247
903,904
903,926
904,905
904,927
905,906
905,928
906,907
906,929
907,908
907,930
908,909
908,931
909,910
909,932
910,911
910,933
911,912
911,934
912,935
920,921
920,943
923,922
923,921
923,943
901,925
901,1551
901,899
901,921
925,926
1551,1529
922,921
922,1400
1011,1010
926,927
926,949
927,928
927,950
928,929
928,951
929,930
929,952
930,931
930,953
931,932
931,954
932,933
932,955
933,934
933,956
934,935
934,957
940,963
943,966
1400,1399
947,970
949,950
949,972
950,951
951,952
952,953
952,975
953,954
953,976
954,955
954,977
955,956
955,978
956,957
956,979
963,986
963,942
963,944
966,967
966,1485
967,988
970,993
975,976
975,998
976,977
976,999
977,978
978,979
978,1001
979,1002
985,986
985,1008
986,1009
1485,1484
1485,1486
991,992
992,993
992,1015
996,997
996,1038
997,998
997,1020
998,999
999,1022
1001,1002
1007,988
1008,1031
1008,988
1008,1006
1009,1010
1009,988
1009,1029
1443,1466
1015,1038
1020,1043
1031,1010
1041,1042
1043,1042
1062,1191
1062,1258
1042,1065
1065,1240
1191,1254
1191,1192
1191,1193
1258,1238
1214,1195
1240,1217
1240,1263
1112,1088
1128,1129
1128,1151
1128,1109
1150,1151
1150,1148
1129,1152
1129,1239
1129,1109
1152,1304
1239,1216
1239,1262
1239,1237
1153,1176
1153,1109
1312,1290
1466,1464
1466,1465
1304,1281
1304,1303
1304,1305
1176,1309
1179,1160
1345,1368
1345,1326
1172,1192
1172,1193
1309,1308
1309,1310
1254,1232
1193,1216
1193,1192
1216,1217
1216,1195
1194,1217
1194,1431
1194,1192
1217,1218
1431,1411
1195,1218
1195,1215
1328,1305
1328,1327
1328,1329
1224,1205
1224,1226
1226,1249
1249,1250
1249,1247
1237,1236
1237,1238
1262,1263
1262,1285
1262,1261
1263,1264
1263,1286
1264,1265
1264,1287
1265,1266
1265,1288
1266,1267
1247,1267
1250,1230
1285,1284
1285,1286
1285,1308
1286,1287
1286,1505
1287,1288
1287,1310
1267,1268
1267,1269
1296,1276
1281,1282
1281,1519
1282,1305
1282,1261
1519,1496
1284,1307
1284,1261
1307,1308
1307,1330
1308,1331
1505,1482
1505,1504
1505,1506
1324,1323
1324,1325
1324,1347
1303,1326
1303,1261
1326,1325
1326,1327
1329,1330
1329,1352
1330,1331
1330,1353
1331,1354
1323,1325
1325,1348
1347,1348
1347,1370
1347,1327
1348,1349
1348,1371
1352,1353
1353,1354
1353,1376
1506,1507
1506,1486
1358,1381
1358,1337
1367,1368
1367,1390
1367,1387
1368,1391
1370,1371
1370,1393
1349,1371
1349,1372
1373,1372
1373,1374
1373,1396
1374,1397
1376,1378
1376,1395
1381,1360
1381,1379
1389,1388
1389,1390
1389,1412
1390,1391
1390,1413
1391,1392
1391,1414
1392,1393
1392,1394
1371,1372
1393,1394
1372,1395
1395,1394
1395,1396
1396,1419
1397,1378
1388,1411
1388,1387
1388,1408
1411,1412
1411,1434
1412,1413
1412,1435
1413,1414
1413,1436
1414,1437
1434,1435
1434,1457
1435,1436
1435,1458
1436,1437
1436,1459
1437,1438
1437,1460
1438,1461
1455,1456
1455,1478
1456,1457
1456,1479
1457,1458
1457,1480
1458,1459
1458,1481
1459,1460
1459,1482
1460,1461
1460,1483
1461,1484
1440,1421
1477,1478
1477,1500
1478,1479
1478,1501
1479,1480
1479,1502
1480,1481
1480,1503
1481,1482
1481,1504
1482,1483
1483,1484
1483,1528
1499,1500
1499,1522
1500,1501
1500,1523
1501,1502
1501,1524
1502,1503
1502,1525
1503,1504
1503,1526
1504,1527
1528,1527
1528,1529
1528,1530
1521,1522
1521,1544
1522,1523
1522,1545
1523,1524
1523,1546
1524,1525
1524,1547
1525,1526
1525,1548
1526,1527
1507,1487
1543,1544
1544,1545
1545,1546
1546,1547
1547,1548
942,944
942,964
944,964
1004,1006
1029,1050
1050,1051
1050,1052
1051,1052
1071,1072
1071,1073
1072,1073
1072,1074
1073,1074
1088,1109
1094,1095
1100,1121
1119,1121
1137,1138
1137,1157
1147,1148
1160,1162
1162,1163
1162,1164
1163,1164
1182,1202
1182,1203
1186,1209
1202,1203
1202,1204
1203,1204
1203,1205
1204,1205
1209,1230
1215,1236
1230,1232
1232,1255
1236,1238
1255,1276
1268,1269
1268,1270
1268,1290
1269,1270
1269,1271
1270,1271
1271,1272
1336,1337
1360,1380
1378,1379
1378,1380
1379,1380
1387,1408
1399,1421
1403,1423
1403,1424
1421,1422
1421,1423
1422,1423
1422,1424
1423,1424
1426,1446
1444,1446
1444,1464
1444,1465
1464,1465
1465,1467
1467,1469
1486,1487
1512,1532
1529,1530
1530,1532
