0,892
0,1365
0,805
0,1474
892,132
892,891
892,893
1365,494
1365,647
1365,734
805,21
805,545
805,781
1474,736
1474,738
1474,757
1,24
1,131
1,823
1,1040
24,47
24,1063
24,1324
131,110
131,262
131,1023
823,87
823,822
823,1280
1040,996
1040,1017
1040,1041
2,3
2,25
2,1064
2,1563
3,4
3,26
3,1564
25,48
25,1174
25,1563
1064,1041
1064,1065
1064,1087
1563,1152
1563,1564
4,5
4,27
4,1565
26,49
26,1173
26,1219
1564,45
1564,1565
5,28
5,1351
5,1566
27,28
27,50
27,1196
1565,1542
1565,1566
28,29
28,51
1351,1350
1351,1352
1351,1374
1566,1543
1566,1567
6,7
6,29
6,1439
6,1567
7,8
7,30
7,1568
29,30
29,52
1439,549
1439,1438
1439,1440
1567,1544
1567,1568
8,9
8,31
8,1569
30,31
30,53
1568,1545
1568,1569
9,10
9,32
9,1570
31,54
31,703
1569,1546
1569,1570
10,11
10,1550
10,1571
32,55
32,165
32,879
1570,575
1570,1547
11,747
11,923
11,989
1550,1332
1550,1527
1550,1573
1571,1396
1571,1507
1571,1548
747,724
747,726
747,746
923,143
923,230
923,900
989,167
989,900
989,987
12,836
12,901
12,1442
12,1573
836,837
836,857
836,859
901,880
901,925
901,1485
1442,33
1442,637
1442,1419
1573,99
1573,1397
13,1338
13,1576
13,1553
13,1552
1338,78
1338,1336
1338,1337
1576,1574
1576,1577
1576,1578
1553,1552
1553,1554
1553,1572
1552,1551
1552,1554
14,80
14,1443
14,920
14,1401
80,1120
80,1467
80,148
1443,35
1443,1420
1443,1441
920,921
920,984
920,1225
1401,145
1401,964
1401,1399
15,1251
15,1335
15,1357
15,1185
1251,57
1251,145
1251,147
1335,988
1335,1312
1335,1358
1357,855
1357,1359
1357,1378
1185,145
1185,209
1185,365
16,1253
16,1336
16,168
16,1358
1253,1035
1253,1272
1253,1274
1336,875
1336,1337
168,386
168,1271
168,322
1358,1381
1358,1339
17,148
17,123
17,1340
17,1186
148,1537
148,1297
123,100
123,122
123,1229
1340,61
1340,189
1340,475
1186,1034
1186,1165
1186,1184
18,478
18,259
18,282
18,1451
478,84
478,782
478,1581
259,651
259,587
259,454
282,763
282,391
282,611
1451,1450
1451,1471
1451,1472
19,607
19,1560
19,475
19,1535
607,126
607,474
607,629
1560,1518
1560,1579
1560,1583
475,412
475,628
1535,366
1535,1534
1535,1556
20,474
20,1453
20,737
20,518
474,1188
474,1360
1453,539
1453,693
1453,1432
737,152
737,197
737,542
518,693
518,1430
518,1254
21,651
21,41
21,735
651,501
651,803
41,300
41,1580
41,1538
735,605
735,628
735,1105
22,783
22,848
22,1023
22,1498
783,42
783,717
783,781
848,263
848,847
848,849
1023,1022
1023,1024
1498,1475
1498,1499
1498,1521
23,46
23,1153
23,1347
23,1389
46,45
46,47
46,69
1153,1130
1153,1176
1153,1197
1347,1324
1347,1370
1347,1346
1389,1388
1389,1390
1389,1412
47,48
47,70
1063,1061
1063,1082
1063,1084
1324,1323
1324,1325
48,49
48,71
1174,307
1174,1151
1174,1197
49,50
49,72
1173,1172
1173,1196
1173,1171
1219,461
1219,1218
1219,1220
50,51
50,73
1196,156
1196,1328
51,52
51,74
52,53
52,75
53,54
53,76
54,55
54,77
703,680
703,683
703,704
55,56
55,251
165,142
165,187
165,188
879,684
879,858
879,878
33,858
33,1033
33,1463
858,317
858,859
1033,211
1033,296
1033,1009
1463,441
1463,1440
1463,1484
34,946
34,1356
34,1312
34,1464
946,382
946,947
946,967
1356,767
1356,810
1356,1355
1312,966
1312,1289
1464,965
1464,1441
1464,1444
35,102
35,1400
35,1227
102,56
102,1008
102,1488
1400,744
1400,1008
1400,1377
1227,1226
1227,1228
1227,1247
36,1360
36,1269
36,1274
36,1509
1360,189
1360,1339
1269,853
1269,1248
1269,1270
1274,1294
1274,1297
1509,77
1509,919
1509,921
37,1469
37,1403
37,1250
37,1424
1469,39
1469,101
1469,388
1403,149
1403,1383
1403,1402
1250,81
1250,146
1250,235
1424,1422
1424,1423
1424,1425
38,411
38,1341
38,323
38,1337
411,81
411,105
411,738
1341,170
1341,341
1341,472
323,1363
323,1557
323,500
1337,1032
39,124
39,1577
39,1512
124,101
124,1162
124,1075
1577,365
1577,1578
1512,298
1512,1492
1512,1510
40,585
40,1582
40,561
40,1558
585,64
585,1496
585,1471
1582,65
1582,258
1582,696
561,343
561,364
561,388
1558,234
1558,256
1558,1559
300,542
300,1513
300,1295
1580,82
1580,108
1580,672
1538,65
1538,476
1538,691
42,1386
42,1539
42,1493
1386,583
1386,602
1386,1366
1539,608
1539,716
1539,760
1493,299
1493,1491
1493,1492
43,1561
43,1540
43,1452
43,631
1561,152
1561,456
1561,627
1540,108
1540,673
1540,716
1452,65
1452,86
1452,626
631,524
631,633
631,697
44,88
44,824
44,825
44,1433
88,89
88,109
88,1541
824,66
824,846
824,1454
825,87
825,802
825,826
1433,1432
1433,1434
1433,1456
45,68
45,1475
68,67
68,69
68,91
1475,778
1475,800
69,70
69,92
70,71
70,93
71,72
71,94
72,73
72,95
73,74
73,96
74,75
74,97
75,76
75,98
76,77
76,99
77,100
56,57
56,1076
251,250
251,252
251,274
57,1208
57,1508
1076,59
1076,275
1076,1056
1208,166
1208,167
1208,275
1508,615
1508,1507
1508,1510
58,81
58,1293
58,1292
58,1531
81,82
1293,144
1293,1271
1293,1313
1292,899
1292,965
1292,1271
1531,898
1531,945
1531,964
59,170
59,1296
59,1314
170,1404
170,1556
1296,236
1296,407
1296,496
1314,985
1314,1313
1314,1315
60,1252
60,344
60,1316
60,1470
1252,254
1252,366
1252,1275
344,1363
344,364
344,388
1316,105
1316,144
1316,192
1470,410
1470,1450
1470,1468
61,1405
61,563
61,1557
1405,190
1405,234
1405,454
563,281
563,497
563,782
1557,171
1557,1556
62,1516
62,565
62,519
62,522
1516,173
1516,299
1516,345
565,150
565,238
565,720
519,151
519,476
519,604
522,303
522,542
522,677
63,216
63,1448
63,324
63,347
216,193
216,217
216,826
1448,105
1448,125
1448,389
324,108
324,520
324,343
347,676
347,741
347,873
64,194
64,370
64,1562
194,479
194,739
194,542
370,740
370,939
370,564
1562,109
1562,130
1562,1518
65,433
433,83
433,387
433,588
66,67
66,89
66,738
67,90
67,1108
89,90
89,112
738,675
90,91
90,113
1108,157
1108,1085
1108,1131
91,92
91,114
92,93
92,115
93,94
93,116
94,95
94,117
95,96
95,118
96,97
96,119
97,98
97,120
98,99
98,121
99,100
100,1010
78,1575
78,1294
78,1052
1575,188
1575,963
1575,1574
1294,103
1294,988
1052,1053
1052,1054
1052,1072
79,1554
79,1031
79,1164
79,1446
1554,1534
1031,1247
1031,1290
1031,1073
1164,342
1164,1144
1164,1162
1446,169
1446,322
1446,1426
1120,103
1120,1118
1120,1119
1467,189
1467,190
1467,963
82,1468
82,280
1468,125
1468,146
280,1514
280,520
280,1513
83,107
83,279
83,1449
107,126
107,453
107,238
279,278
279,302
279,1450
1449,345
1449,1429
1449,1447
84,1515
84,195
84,606
1515,128
1515,278
1515,517
195,149
195,520
195,391
606,1473
606,1497
606,1518
85,761
85,652
85,693
85,803
761,673
761,715
761,827
652,392
652,608
652,739
693,586
803,714
803,758
86,1583
86,302
86,457
1583,540
1583,649
302,304
302,1581
457,304
457,389
457,587
87,868
87,1541
868,867
868,869
868,1042
1541,713
1541,847
109,218
109,695
112,111
112,113
112,135
113,114
113,136
114,115
114,137
115,116
115,138
116,117
116,139
117,118
117,140
118,119
118,141
119,120
119,142
120,121
120,143
121,122
121,145
1010,1009
1010,1011
1010,1249
101,902
101,1012
902,231
902,903
902,922
1012,404
1012,1011
1012,1054
1008,1290
1008,1466
1488,1486
1488,1487
1488,1489
103,409
103,1053
409,190
409,342
409,410
1053,1030
1053,1054
104,255
104,1381
104,1315
104,1559
255,213
255,1555
255,1276
1381,212
1381,321
1315,1009
1315,1313
1559,521
1559,608
105,171
171,501
171,762
106,345
106,343
106,499
106,649
345,301
343,540
499,215
499,257
499,649
649,758
126,256
126,366
453,692
453,1230
453,670
238,196
238,562
108,1581
1581,193
218,217
218,219
218,869
695,414
695,562
695,1495
110,111
110,133
110,1131
111,134
111,1283
133,132
133,134
133,156
1131,267
1131,1154
134,135
134,157
1283,1260
1283,1282
1283,1284
135,136
135,158
136,137
136,159
137,138
137,160
138,139
138,161
139,140
139,162
140,141
140,163
141,142
141,164
142,143
143,990
122,164
122,166
164,163
164,187
166,945
166,234
1229,169
1229,232
1229,253
1162,1160
1162,1163
1075,1055
1075,1074
1075,1077
125,1384
125,1489
1384,455
1384,584
1384,1295
1489,1487
1489,1490
256,254
256,258
366,1297
127,325
127,588
127,521
127,1578
325,326
325,389
325,432
588,481
588,609
521,610
521,632
128,301
128,367
128,368
301,281
301,1273
367,1537
367,629
367,517
368,283
368,1427
368,694
129,676
129,566
129,736
129,260
676,874
676,808
566,346
566,456
566,477
736,152
736,1407
260,741
260,523
260,650
130,782
130,239
130,804
782,784
239,916
239,502
239,760
804,173
804,717
804,719
262,263
262,437
262,827
132,1045
132,1110
1045,176
1045,1022
1045,1044
1110,199
1110,1087
1110,1133
156,179
156,1067
157,180
157,1259
158,159
158,181
158,1130
159,160
159,182
160,161
160,183
161,162
161,184
162,163
162,185
163,186
990,991
990,1011
990,1013
144,363
144,1272
363,495
363,559
363,1385
1272,299
1272,321
146,1231
146,1555
1231,407
1231,470
1231,494
1555,921
1555,945
147,193
147,1532
147,1536
193,412
1532,964
1532,1530
1532,1533
1536,192
1536,434
1536,452
1537,455
1537,671
1297,169
149,172
149,629
172,675
172,304
172,564
629,1385
150,151
150,1427
150,609
151,153
151,261
1427,215
1427,276
609,501
609,654
153,175
153,393
153,675
261,219
261,416
261,391
152,434
434,214
434,784
175,174
175,828
175,1520
393,416
393,678
393,1026
675,873
154,155
154,177
154,1154
154,1175
155,178
155,1132
155,1415
177,176
177,178
177,200
1154,483
1154,1155
1175,1152
1175,1176
1175,1198
178,179
178,201
1132,241
1132,307
1132,397
1415,1414
1415,1416
1415,1438
179,180
179,202
1067,328
1067,1066
1067,1198
180,181
180,203
1259,801
1259,1107
1259,1258
181,182
181,204
1130,1085
1130,1088
182,183
182,205
183,184
183,206
184,185
184,207
185,186
185,208
186,187
186,686
187,210
188,233
188,1317
945,1380
234,496
167,209
167,1339
209,208
209,210
1339,1359
386,385
386,432
386,1189
1271,1291
322,1556
322,1533
169,189
1404,212
1404,410
1404,454
501,674
762,304
762,326
762,785
564,544
564,1517
173,763
173,780
763,390
763,413
780,757
780,1343
780,1279
174,197
174,240
174,849
197,176
197,1066
240,241
240,718
240,826
849,305
849,826
828,765
828,829
828,851
1520,1519
1520,1521
1520,1543
176,958
958,935
958,957
958,959
200,199
200,201
200,223
201,202
201,224
202,203
202,225
203,204
203,226
204,205
204,227
205,206
205,228
206,207
206,229
207,208
207,967
208,339
686,533
686,597
686,709
210,233
210,1317
233,232
233,1078
1317,297
1317,340
190,1362
1362,428
1362,648
1362,1342
191,214
191,1295
191,1533
191,1207
214,213
214,237
1295,320
1533,944
1207,1205
1207,1206
1207,1209
192,1425
192,1361
1425,211
1425,1383
1361,498
1361,1359
1361,1382
412,196
412,369
479,764
479,808
479,1024
739,237
739,673
520,543
391,413
196,543
196,630
543,455
543,784
630,497
630,545
630,628
1066,1043
1066,1065
198,199
198,219
198,980
198,1111
199,1284
219,915
980,957
980,979
980,981
1111,220
1111,483
1111,936
1284,1285
1284,1307
223,222
223,224
223,246
224,225
224,247
225,226
225,248
226,227
226,249
227,228
227,250
228,229
228,880
229,230
229,252
967,966
967,968
339,316
339,338
339,340
211,276
211,1100
276,275
276,277
1100,406
1100,971
1100,1099
212,385
212,1318
385,384
385,1472
1318,494
1318,495
1318,1319
213,235
213,237
235,1273
235,473
237,718
215,827
215,653
827,806
653,371
653,389
653,458
217,759
217,390
759,1322
759,1494
759,1321
390,414
390,650
869,284
869,870
915,285
915,656
915,916
220,221
220,241
220,243
221,222
221,265
221,1044
241,871
243,242
243,244
243,266
222,244
222,245
265,264
265,266
265,288
1044,1043
1044,1087
244,245
244,1199
245,246
245,268
246,247
246,269
247,248
247,270
248,249
248,271
249,250
249,272
250,273
880,881
880,924
230,231
230,535
252,253
252,773
231,232
231,295
535,382
535,797
535,995
232,1013
295,294
295,296
295,512
1013,297
1013,425
1078,558
1078,1077
1078,1079
496,692
496,603
1273,364
1273,430
473,384
473,451
473,713
236,387
236,456
236,1534
387,364
387,539
456,1579
1534,258
718,303
718,717
562,429
562,1514
916,962
916,960
502,897
502,1157
502,1069
760,369
760,605
871,546
871,870
871,872
242,263
242,395
242,936
263,305
395,372
395,374
395,396
936,913
936,935
266,267
266,289
1199,1198
1199,1200
1199,1222
268,267
268,269
268,291
269,270
269,292
270,271
270,293
271,272
271,294
272,273
272,968
273,274
273,296
274,275
274,579
253,254
253,361
773,750
773,774
773,796
254,1057
361,338
361,381
361,881
1057,320
1057,469
1057,1055
1276,427
1276,670
1276,690
258,281
257,321
257,303
257,1406
321,1142
303,741
1406,432
1406,541
1406,670
281,283
587,458
587,696
454,500
741,1071
523,392
523,940
523,1090
650,1497
650,715
416,439
416,633
437,392
437,526
437,1201
305,306
305,328
264,285
264,287
264,482
285,284
285,1087
287,286
287,288
287,310
482,459
482,483
482,505
288,289
288,311
267,290
289,290
289,312
290,291
290,313
291,292
291,314
292,293
292,315
293,294
293,316
294,317
968,969
968,991
296,297
579,556
579,602
579,819
277,278
277,342
277,1275
278,1143
342,539
1275,582
1275,648
1143,426
1143,1142
1143,1144
1450,538
1514,517
1514,541
1513,365
1513,1511
283,394
283,674
611,500
611,1178
611,696
394,371
394,417
394,893
674,672
674,697
284,981
284,1026
981,306
981,526
1026,1025
1026,1158
286,307
286,1198
286,1242
307,306
1242,462
1242,549
1242,1241
310,309
310,311
310,333
311,312
311,334
312,313
312,335
313,314
313,336
314,315
314,337
315,316
315,338
316,317
317,688
512,489
512,511
512,753
297,516
516,1210
516,1254
516,1407
298,1141
298,1428
298,1209
1141,299
1141,1121
1141,1140
1428,1426
1428,1429
1428,1447
1209,318
1209,1228
306,329
328,329
328,460
329,308
329,330
308,309
308,331
308,1306
309,332
309,1416
331,330
331,332
331,354
1306,1305
1306,1307
1306,1329
332,333
332,355
1416,1393
1416,1417
333,334
333,356
334,335
334,357
335,336
335,358
336,337
336,359
337,338
337,360
688,797
688,1039
688,1083
318,1080
318,1101
318,1098
1080,1079
1080,1081
1080,1082
1101,513
1101,1014
1101,1081
1098,319
1098,1097
1098,1099
319,1122
319,426
319,1099
1122,408
1122,1035
1122,1121
426,796
426,1125
1099,1032
320,1034
320,1142
1034,406
1034,992
1142,1140
1363,515
1363,647
500,414
326,327
326,586
432,455
327,350
327,436
327,829
586,346
586,784
350,349
350,351
350,373
436,459
436,524
436,983
829,348
829,766
460,938
460,1265
460,807
330,351
330,353
351,1197
351,1244
353,352
353,354
353,376
354,355
354,377
355,356
355,378
356,357
356,379
357,358
357,380
358,359
358,381
359,360
359,578
360,491
360,710
340,514
340,471
514,1298
514,1147
514,667
471,429
471,1254
471,472
341,430
341,1382
341,1230
430,1495
430,1494
1382,1380
1382,1383
1230,408
1230,451
539,714
540,497
540,1429
388,1407
346,1472
346,414
1472,716
873,720
873,1092
349,372
349,830
349,698
372,373
372,1003
830,832
830,1203
830,1311
698,413
698,435
698,939
373,352
373,374
1197,1220
1244,745
1244,1221
1244,1243
352,375
352,1000
375,376
375,398
375,1089
1000,977
1000,999
1000,1001
376,377
376,399
377,378
377,400
378,379
378,401
379,380
379,402
380,381
380,403
381,404
578,555
578,776
578,1038
491,490
491,602
491,667
710,666
710,733
710,755
881,882
881,904
362,1210
362,451
362,1187
362,1123
1210,383
1210,406
451,1147
1187,405
1187,558
1187,560
1123,668
1123,1124
1123,1125
495,1234
495,1343
559,452
559,1387
559,1319
1385,671
1385,1364
365,538
538,1322
538,1213
517,1298
694,476
694,477
694,1429
369,633
369,632
633,699
632,481
632,544
740,545
740,589
740,610
939,544
939,1071
371,851
371,895
851,874
851,852
895,635
895,894
895,896
1003,569
1003,613
1003,1002
374,397
374,484
397,398
397,420
484,485
484,505
484,507
398,399
398,421
1089,438
1089,526
1089,1112
399,400
399,422
400,401
400,423
401,402
401,424
402,403
402,425
403,404
403,708
404,687
382,383
382,994
383,384
383,1165
994,447
994,995
994,1017
384,1124
1165,1163
1165,1184
1124,800
1124,1125
1189,428
1189,449
1189,645
1407,734
413,677
392,458
458,477
678,811
678,1005
678,697
417,418
417,937
417,1025
893,870
893,894
396,419
396,1221
396,1350
419,418
419,420
419,442
1221,1220
1221,1222
1350,1349
1350,1373
420,421
420,443
421,422
421,444
422,423
422,445
423,424
423,446
424,425
424,447
425,601
708,685
708,707
708,709
687,598
687,624
687,820
405,1011
405,1015
405,1056
1015,601
1015,798
1015,1169
1056,1055
1056,1058
406,1035
1035,1081
407,537
407,1211
537,408
537,1232
537,1104
1211,1191
1211,1212
1211,1213
408,1166
1166,560
1166,689
1166,1146
410,1494
1494,692
677,1180
677,743
415,961
415,1114
415,1157
415,567
961,744
961,1049
961,1159
1114,982
1114,1113
1114,1135
1157,786
1157,917
567,435
567,1134
567,696
439,418
439,440
439,636
418,441
937,914
937,938
937,1048
1025,435
1025,1002
441,442
441,464
442,443
442,465
443,444
443,466
444,445
444,467
445,446
445,468
446,447
446,683
447,711
601,1039
601,1061
796,795
796,819
1125,1126
427,668
427,1036
427,536
668,1014
668,1388
1036,1232
1036,1079
1036,1058
536,603
536,1277
536,1148
428,558
428,1320
558,1278
1320,603
1320,1319
1320,1321
429,1121
429,1255
1121,1140
1255,515
1255,645
1255,1236
1495,627
1495,1496
431,1473
431,584
431,627
431,1579
1473,497
1473,498
584,1430
584,1431
627,1213
1579,452
435,544
459,635
459,806
524,723
524,894
983,807
983,1202
983,1068
526,549
1201,721
1201,786
1201,1047
438,548
438,1068
438,1158
548,525
548,571
548,701
1068,785
1068,1069
1158,679
1158,745
440,463
440,1112
440,1375
636,614
636,659
636,1289
463,462
463,464
463,486
1112,614
1112,1135
1375,1352
1375,1374
1375,1376
464,465
464,487
465,466
465,488
466,467
466,489
467,468
467,490
468,469
468,794
683,660
683,706
711,756
711,992
711,1062
448,580
448,643
448,665
448,732
580,1103
580,1299
580,1235
643,576
643,600
643,731
665,469
665,642
665,798
732,709
732,778
732,1280
449,1233
449,1188
449,1168
1233,472
1233,557
1233,1212
1188,1167
1188,1190
1168,493
1168,1149
1168,1167
450,515
450,470
450,1016
450,1191
515,1319
470,1060
470,1145
1016,492
1016,993
1016,1039
1191,1192
1191,1193
1147,604
1147,1127
452,1190
1190,690
1190,1167
692,1213
670,1517
477,476
635,503
635,658
806,850
806,913
938,809
938,896
1265,1264
1265,1266
1265,1288
807,590
807,1046
461,1133
461,1179
461,1223
1133,982
1133,1156
1179,613
1179,1156
1179,1178
1223,612
1223,811
1223,1222
462,483
462,485
485,486
485,508
486,487
486,509
487,488
487,510
488,489
488,511
489,490
490,772
469,1038
794,771
794,795
794,817
1038,667
1038,1061
1060,513
1060,689
1060,1058
1145,472
1145,1144
1145,1146
1254,604
713,715
713,1103
628,1471
764,589
764,654
764,1048
808,721
808,1050
1024,525
1024,1001
480,591
480,743
480,850
480,1113
591,547
591,592
591,723
743,610
743,1334
850,525
850,655
1113,1115
1113,1134
481,1091
481,719
1091,589
1091,788
1091,941
719,589
719,720
505,702
505,1245
507,506
507,508
507,530
508,509
508,531
509,510
509,532
510,511
510,533
511,534
772,749
772,771
772,795
602,625
667,690
492,969
492,1059
492,646
969,555
969,970
1059,800
1059,992
1059,1058
646,583
646,624
646,1322
493,1278
493,1102
493,1235
1278,1256
1278,1298
1102,1082
1102,1103
1102,1104
1235,1215
1235,1234
494,626
626,1257
626,712
1234,581
1234,1214
1343,582
1343,715
603,1232
498,671
498,583
671,714
583,1431
897,874
897,877
897,943
1069,810
1069,962
503,525
503,872
503,959
872,960
872,1070
959,612
959,960
504,852
504,590
504,1088
504,1047
852,1245
852,1180
590,1070
590,1092
1088,1086
1088,1109
1047,720
1047,917
702,679
702,725
702,857
1245,547
1245,1222
506,527
506,529
506,1333
527,528
527,1243
527,1418
529,528
529,530
529,552
1333,1030
1333,1310
1333,1506
530,531
530,553
531,532
531,554
532,555
532,1549
533,556
533,620
534,557
534,599
534,903
753,730
753,776
753,1017
513,600
513,948
600,556
600,820
948,925
948,947
948,949
1298,1299
1430,712
1430,1431
604,1277
610,1092
940,634
940,655
940,700
1090,568
1090,634
1090,917
723,746
723,960
894,569
549,550
528,551
528,1246
1243,1220
1243,1266
1418,1417
1418,1419
1418,1394
551,550
551,552
551,574
1246,876
1246,942
1246,1135
552,553
552,575
553,554
553,576
554,555
554,577
1549,620
1549,1526
1549,1548
556,973
620,619
620,621
557,625
557,729
599,576
599,622
599,644
903,904
903,926
797,774
797,820
995,972
995,1018
1277,993
1277,1037
1148,560
1148,581
1148,1127
1232,1212
1104,712
1104,1106
1322,1321
714,1476
541,1364
541,560
1364,1342
1364,1366
545,787
787,1182
787,1136
787,1204
546,656
546,831
546,874
656,679
656,789
831,812
831,832
831,1160
547,657
547,914
657,1178
657,1200
657,1376
914,891
914,913
571,550
571,572
571,1417
701,724
701,856
701,1156
550,573
573,572
573,574
573,596
574,575
574,597
575,576
577,622
577,642
577,775
973,950
973,972
973,996
625,624
625,731
729,706
729,728
729,752
1387,689
1387,1366
1387,1408
1517,647
1517,1497
1134,721
1134,1004
568,1028
568,875
568,788
1028,786
1028,1355
1028,1444
875,722
875,941
788,1399
788,1160
569,570
569,592
570,1200
570,1332
570,1397
592,593
592,615
1200,680
1332,1309
1332,1331
1397,1374
1397,1420
572,593
572,595
1417,596
593,594
593,833
595,594
595,618
595,835
596,597
596,619
597,598
622,621
622,623
642,619
642,641
775,752
775,754
775,798
776,777
776,799
819,818
819,842
1103,1014
1299,1300
1299,1301
581,1344
581,645
1344,582
1344,669
1344,1367
645,1321
582,779
779,778
779,802
779,1171
1431,1454
1496,846
1496,1519
1471,1490
1070,1004
1070,1092
615,594
615,616
594,617
833,613
833,834
833,1267
617,616
617,618
617,640
618,619
618,641
835,640
835,814
835,834
598,621
598,793
621,730
793,770
793,792
793,816
644,709
644,1105
644,1170
820,843
1039,1062
1061,1084
605,1409
605,1300
1409,691
1409,1408
1409,1410
1300,757
1300,1302
1497,1518
608,716
654,612
654,1071
1178,1177
612,1137
1137,744
1137,876
1137,1029
613,614
614,637
637,616
637,638
616,639
639,638
639,662
639,1398
640,641
640,663
641,664
730,707
730,731
623,624
623,971
623,1083
971,970
971,972
1083,754
1083,1106
731,754
1257,669
1257,951
1257,1151
712,1037
697,1046
699,809
699,722
699,1005
634,854
634,1116
854,853
854,1203
854,918
1116,984
1116,987
1116,1095
658,659
658,681
658,746
659,638
659,660
1289,1266
1289,1288
638,661
661,660
661,662
661,684
662,663
662,685
1398,790
1398,1049
1398,1050
663,664
663,1528
664,685
664,752
1105,755
1105,1128
1170,993
1170,1345
1170,1149
647,691
691,800
648,1432
648,756
1432,1455
756,733
756,802
758,690
758,1342
1071,1027
655,766
655,742
766,767
766,789
742,1027
742,1072
742,1224
679,680
789,790
789,1267
1376,900
1376,1353
681,660
681,680
681,682
746,769
684,685
684,707
1528,1483
1528,1527
1528,1529
752,751
798,821
666,774
666,974
666,1017
774,751
974,951
974,975
974,997
1014,991
1388,777
1388,1411
669,845
669,1342
845,822
845,844
845,846
672,890
672,717
890,867
890,889
890,891
673,781
781,1410
1180,786
1180,899
811,1334
811,1161
1005,810
1005,1225
682,705
682,1377
682,1462
705,704
705,706
705,728
1377,745
1377,1354
1462,813
1462,1461
1462,1551
706,707
689,1279
1279,1037
1279,1256
1046,917
1046,1027
809,1073
809,1072
722,1202
722,1115
700,810
700,785
700,982
785,1136
982,1135
724,725
724,1355
856,855
856,857
856,878
1156,1155
725,704
725,726
857,834
704,727
727,726
727,728
727,750
728,751
733,1079
733,1127
755,1019
755,1345
992,991
1062,1085
1062,1258
1037,1256
1476,801
1476,1477
1476,1499
721,1048
1048,1268
1202,942
1202,1181
1115,1004
1115,1095
1355,1354
726,749
749,748
749,750
750,751
754,1018
778,1084
1280,952
1280,1281
1127,1126
734,802
734,1126
1126,1146
1027,876
1072,963
1224,943
1224,1205
1224,1226
1334,855
1334,1311
744,1161
1161,898
1161,1159
745,768
768,767
768,769
768,791
769,748
769,770
748,771
748,924
771,770
924,925
924,947
1018,1019
1018,1041
1019,996
1019,1020
1345,1368
1345,1326
757,1128
1128,1129
1128,1151
765,832
765,984
765,1007
832,834
984,1268
1007,812
1007,1096
1007,1093
767,1267
1267,1266
791,770
791,790
791,792
795,818
777,1323
777,1367
799,822
799,1301
799,1410
1323,801
1323,1303
1367,1368
1367,1390
1084,1107
1171,1172
1171,1150
1410,1408
1136,918
1136,942
1182,1163
1182,1181
1182,1183
1204,1029
1204,1051
1204,1184
1399,1379
1399,1421
1160,1159
790,813
813,792
813,1485
792,815
815,814
815,816
815,838
816,817
816,839
817,818
817,840
818,841
821,822
821,844
821,1411
1301,1194
1301,1302
801,1237
1237,1260
1237,1236
1237,1238
913,912
1050,944
1050,1466
1073,965
1073,1074
812,962
812,1139
962,985
1139,1029
1139,1138
1139,1140
1485,1484
1485,1486
814,837
814,1551
837,838
837,860
1551,1529
838,839
838,861
839,840
839,862
840,841
840,863
841,842
841,864
842,843
842,865
843,844
843,866
844,867
1411,1412
1411,1434
846,847
1454,1455
1454,1477
1203,899
1203,1183
1311,1288
1311,1310
859,860
859,882
860,861
860,883
861,862
861,884
862,863
862,885
863,864
863,886
864,865
864,887
865,866
865,888
866,867
866,889
847,870
853,1291
853,1290
1291,918
1291,1030
1290,1313
918,1051
855,878
878,877
882,883
882,905
883,884
883,906
884,885
884,907
885,886
885,908
886,887
886,909
887,888
887,910
888,889
888,911
889,912
1042,1041
1042,1043
1042,1065
941,1138
941,1004
876,877
877,900
904,905
904,927
905,906
905,928
906,907
906,929
907,908
907,930
908,909
908,931
909,910
909,932
910,911
910,933
911,912
911,934
912,935
891,1542
1542,1519
1542,1543
896,919
896,985
919,1465
919,1006
985,986
943,966
943,1030
898,1093
898,963
1093,1074
1093,1094
899,1268
1268,942
925,926
922,921
922,966
922,1420
926,927
926,949
927,928
927,950
928,929
928,951
929,930
929,952
930,931
930,953
931,932
931,954
932,933
932,955
933,934
933,956
934,935
934,957
1051,1096
1051,1270
1465,1006
1465,1441
1465,1466
1006,1444
1006,1226
1225,1205
1225,1206
1420,1419
947,970
949,950
949,972
950,951
952,953
952,975
953,954
953,976
954,955
954,977
955,956
955,978
956,957
956,979
1138,1049
1138,1117
944,1163
944,1119
1119,1117
1119,1118
1380,1378
1380,1379
970,993
975,976
975,998
976,977
976,999
977,978
978,979
978,1001
979,1002
1049,1117
1159,1181
964,1118
1118,1117
965,1097
1097,1077
1097,1095
996,997
997,998
997,1020
998,999
998,1021
999,1022
1001,1002
986,987
986,1009
986,1270
987,1445
1270,1032
1445,1426
1445,1444
1445,1447
988,1466
988,1574
1574,1572
1020,1021
1020,1043
1021,1022
1021,1239
1226,1206
1096,1077
1096,1094
1249,1228
1249,1247
1249,1248
1054,1055
1169,1149
1169,1150
1169,1167
1239,1129
1239,1216
1239,1262
1029,1530
1530,1511
1530,1529
1247,1248
1032,1378
1378,1379
1081,1082
1256,1258
1065,1240
1085,1086
1258,1238
1240,1217
1240,1263
1240,1346
1106,1107
1106,1086
1107,1086
1129,1152
1129,1109
1151,1109
1152,1304
1304,1281
1304,1305
1304,1302
1176,1177
1176,1309
1155,1109
1155,1177
1172,1150
1172,1192
1177,1241
1309,1308
1309,1310
1193,1216
1193,1192
1193,1194
1216,1217
1216,1195
1194,1217
1194,1192
1217,1218
1195,1218
1195,1214
1195,1215
1218,1241
1328,1305
1328,1327
1328,1329
1241,1264
1260,1238
1260,1261
1262,1263
1262,1285
1262,1261
1263,1264
1263,1286
1346,1327
1346,1348
1264,1287
1285,1286
1285,1308
1286,1287
1286,1505
1287,1288
1287,1310
1281,1282
1281,1519
1282,1305
1282,1261
1307,1308
1307,1330
1308,1331
1505,1482
1505,1504
1505,1506
1302,1303
1303,1326
1303,1261
1326,1325
1326,1327
1329,1330
1329,1352
1330,1331
1330,1353
1331,1354
1325,1348
1325,1327
1348,1349
1348,1369
1352,1353
1353,1354
1506,1507
1506,1486
1368,1369
1368,1391
1370,1369
1370,1371
1370,1393
1349,1371
1349,1372
1373,1372
1373,1374
1373,1396
1390,1391
1390,1413
1369,1392
1391,1392
1391,1414
1392,1393
1392,1371
1371,1372
1393,1394
1372,1395
1395,1394
1395,1396
1395,1440
1396,1419
1412,1413
1412,1435
1413,1414
1413,1436
1414,1437
1394,1440
1434,1435
1434,1457
1435,1436
1435,1458
1436,1437
1436,1459
1437,1438
1437,1460
1438,1461
1455,1456
1455,1478
1456,1457
1456,1479
1457,1458
1457,1480
1458,1459
1458,1481
1459,1460
1459,1482
1460,1461
1460,1483
1461,1484
1477,1478
1477,1500
1478,1479
1478,1501
1479,1480
1479,1502
1480,1481
1480,1503
1481,1482
1481,1504
1482,1483
1483,1484
1499,1500
1499,1522
1500,1501
1500,1523
1501,1502
1501,1524
1502,1503
1502,1525
1503,1504
1503,1526
1504,1527
1521,1522
1521,1544
1522,1523
1522,1545
1523,1524
1523,1546
1524,1525
1524,1547
1525,1526
1525,1548
1526,1527
1507,1487
1543,1544
1544,1545
1545,1546
1546,1547
1547,1548
1074,1094
1094,1095
1144,1146
1149,1150
1181,1183
1183,1184
1205,1206
1212,1214
1214,1215
1215,1236
1228,1248
1236,1238
1359,1379
1366,1408
1383,1402
1402,1422
1402,1423
1421,1422
1421,1423
1421,1441
1422,1423
1426,1447
1486,1487
1490,1491
1490,1492
1491,1492
1491,1511
1510,1511
1510,1529
