0,803
0,1410
0,1562
0,671
803,804
803,1432
803,1365
1410,1409
1410,1452
1410,1453
1562,739
1562,1540
1562,1582
671,19
671,1494
671,1517
1,24
1,131
1,823
1,1040
24,47
24,1063
24,1085
131,110
131,262
131,1023
823,822
823,1280
823,1215
1040,733
1040,1017
1040,1041
2,3
2,25
2,1064
2,1563
3,4
3,26
3,1564
25,48
25,1174
25,1563
1064,1041
1064,1065
1064,1087
1563,1152
1563,1564
4,5
4,27
4,1565
26,49
26,1173
26,1219
1564,45
1564,1565
5,28
5,1351
5,1566
27,28
27,50
27,1196
1565,1542
1565,1566
28,29
28,51
1351,1350
1351,1352
1351,1374
1566,1543
1566,1567
6,7
6,29
6,1439
6,1567
7,8
7,30
7,1568
29,30
29,52
1439,549
1439,1438
1439,1440
1567,1544
1567,1568
8,9
8,31
8,1569
30,31
30,53
1568,1545
1568,1569
9,10
9,32
9,1570
31,54
31,703
1569,1546
1569,1570
10,11
10,1550
10,1571
32,55
32,165
32,879
1570,575
1570,1547
11,747
11,923
11,989
1550,1332
1550,1527
1550,1573
1571,1396
1571,1507
1571,1548
747,724
747,726
747,746
923,230
923,900
923,922
989,34
989,143
989,987
12,836
12,901
12,1442
12,1573
836,837
836,857
836,859
901,925
901,880
901,899
1442,33
1442,637
1442,1419
1573,122
1573,1397
13,189
13,1529
13,942
13,1055
189,1555
189,1187
189,1053
1529,1510
1529,1530
1529,1531
942,722
942,854
942,941
1055,187
1055,363
1055,1035
14,1097
14,944
14,1228
14,1012
1097,1077
1097,1095
1097,1096
944,943
944,945
944,963
1228,1227
1228,1248
1228,1250
1012,79
1012,404
1012,1011
15,1251
15,1357
15,1340
15,1249
1251,57
1251,166
1251,1250
1357,124
1357,1356
1357,1358
1340,39
1340,149
1340,388
1249,80
1249,1226
1249,1250
16,1555
16,192
16,1491
16,37
1555,1554
1555,1557
192,1362
192,1294
192,1316
1491,298
1491,324
1491,1489
37,83
37,1075
37,123
17,1581
17,345
17,1405
17,344
1581,127
1581,477
1581,716
345,1360
345,1535
345,521
1405,454
1405,539
1405,561
344,280
344,650
344,1580
18,1426
18,103
18,476
18,519
1426,1424
1426,1425
1426,1428
103,254
103,255
103,1054
476,391
476,1470
476,653
519,715
519,1383
519,1495
19,1448
19,21
19,1558
1448,281
1448,455
1448,1446
21,652
21,563
21,761
1558,517
1558,520
1558,1557
20,584
20,759
20,1428
20,564
584,1384
584,1430
584,651
759,44
759,1540
759,1517
1428,499
1428,1447
564,130
564,478
564,518
652,215
652,236
652,544
563,42
563,781
563,1583
761,87
761,238
761,588
22,783
22,848
22,1023
22,1498
783,586
783,782
783,804
848,263
848,847
848,849
1023,1022
1023,1024
1498,1475
1498,1499
1498,1521
23,46
23,1021
23,1107
23,1260
46,45
46,47
46,69
1021,998
1021,1020
1021,1022
1107,1084
1107,1106
1107,1259
1260,1237
1260,1283
1260,1238
47,48
47,70
1063,1061
1063,1019
1063,1084
1085,1062
1085,1108
1085,1130
48,49
48,71
1174,286
1174,1151
1174,1197
49,50
49,72
1173,1172
1173,1196
1173,1193
1219,286
1219,1218
1219,1220
50,51
50,73
1196,156
1196,1328
51,52
51,74
52,53
52,75
53,54
53,76
54,55
54,77
703,680
703,683
703,704
55,56
55,251
165,142
165,188
165,1162
879,684
879,858
879,878
33,858
33,1033
33,1463
858,317
858,859
1033,145
1033,296
1033,1032
1463,441
1463,1440
1463,1484
34,946
34,1356
34,1337
946,382
946,947
946,967
1356,700
1356,1355
1337,1336
1337,1338
1337,1339
35,80
35,1185
35,1400
35,1443
80,299
80,1556
1185,168
1185,340
1185,1183
1400,79
1400,1377
1400,1398
1443,723
1443,987
1443,1420
36,1487
36,1313
36,1163
36,1209
1487,1468
1487,1486
1487,1488
1313,1314
1313,1315
1313,1334
1163,1143
1163,1161
1163,1182
1209,38
1209,363
1209,450
83,106
83,126
83,1406
1075,78
1075,1073
1075,1074
123,100
123,122
123,146
38,1557
38,386
38,1577
1557,1536
386,385
386,387
386,1341
1577,61
1577,101
1577,300
39,85
39,299
39,453
85,433
85,542
85,431
299,1271
299,1164
453,408
453,1513
453,1449
40,42
40,347
40,235
40,193
42,542
42,475
347,237
347,741
347,1582
235,213
235,1273
235,1470
193,150
193,170
193,216
41,628
41,496
41,216
41,478
628,302
628,410
628,582
496,409
496,1561
496,1144
216,217
216,826
478,937
478,675
542,301
542,587
475,147
475,432
475,692
43,586
43,63
43,1473
43,1497
586,257
586,651
63,1492
63,608
63,196
1473,366
1473,1453
1473,1472
1497,44
1497,605
1497,1474
44,715
44,693
715,1363
715,1366
693,1516
693,1364
693,713
45,68
45,1475
68,67
68,69
68,91
1475,800
1475,824
69,70
69,92
70,71
70,93
71,72
71,94
72,73
72,95
73,74
73,96
74,75
74,97
75,76
75,98
76,77
76,99
77,100
77,1509
56,57
56,79
56,1076
251,250
251,252
251,274
57,1508
57,1208
79,102
1076,211
1076,275
1076,1056
1508,615
1508,1507
1508,1509
1208,166
1208,190
1208,275
58,81
58,1425
58,1098
58,922
81,82
81,1253
81,320
1425,78
1425,1424
1098,1077
1098,1099
1098,1100
922,902
922,921
59,1512
59,257
59,1338
59,1424
1512,60
1512,104
1512,321
257,587
257,368
1338,1336
1338,1339
1424,168
60,1165
60,237
60,1296
1165,191
1165,212
1165,430
237,214
237,238
1296,451
1296,1273
1296,1319
61,1294
61,1250
61,1339
1294,1274
1294,1293
1339,367
62,694
62,456
62,343
62,630
694,239
694,434
694,780
456,108
456,523
456,1538
343,562
343,1297
343,1188
630,479
630,606
630,738
1492,368
1492,430
1492,455
608,411
608,457
608,828
196,65
196,87
196,435
64,1539
64,717
64,1429
64,432
1539,174
1539,474
1539,560
717,106
717,413
717,891
1429,324
1429,451
1429,538
432,105
432,651
65,1538
65,1518
65,1561
1538,86
1538,629
1518,561
1518,649
1518,736
1561,499
1561,585
66,67
66,89
66,153
66,824
67,90
67,1108
89,88
89,90
89,112
153,132
153,152
153,805
824,846
824,1454
90,91
90,113
1108,157
1108,1131
91,92
91,114
92,93
92,115
93,94
93,116
94,95
94,117
95,96
95,118
96,97
96,119
97,98
97,120
98,99
98,121
99,100
99,900
100,900
1509,1489
1509,1507
78,211
78,1030
211,188
211,234
1030,812
1030,1007
1030,1031
102,1404
102,1556
102,1513
1556,1536
1556,1554
82,1580
82,1427
82,126
1253,1252
1253,1341
1253,1231
320,209
320,1141
320,515
1580,431
1580,672
1427,127
1427,276
1427,368
126,125
126,213
106,107
106,215
1406,364
1406,387
1406,408
84,127
84,716
84,1471
84,738
127,1535
716,304
716,1582
1471,497
1471,1449
1471,1472
738,760
738,804
433,498
433,607
433,653
431,1230
431,1407
86,172
86,457
86,1540
172,1579
172,543
172,850
457,721
457,520
1540,1542
87,825
87,1541
825,195
825,802
825,826
1541,670
1541,713
1541,780
88,109
88,805
88,847
109,108
109,827
109,719
805,371
805,763
847,846
847,870
112,111
112,113
112,135
113,114
113,136
114,115
114,137
115,116
115,138
116,117
116,139
117,118
117,140
118,119
118,141
119,120
119,142
120,121
120,143
121,122
121,232
900,877
101,1575
101,1553
101,1359
1575,144
1575,1574
1575,1576
1553,1551
1553,1552
1553,1554
1359,1358
1359,1360
1359,1361
1404,146
1404,323
1404,1381
1513,1490
1513,1511
254,253
254,255
254,1252
255,256
255,1297
1054,1034
1054,1052
1054,1053
104,1229
104,300
104,1469
1229,233
1229,297
1229,430
300,387
300,452
1469,1449
1469,1467
1469,1468
105,410
105,1362
105,411
410,583
410,1450
1362,341
1362,606
411,107
411,673
107,108
107,631
215,194
215,326
108,151
631,370
631,413
631,650
151,152
151,170
151,392
827,197
827,346
827,1046
719,412
719,544
719,1004
110,111
110,133
110,1131
111,134
111,1283
133,132
133,134
133,156
1131,267
1131,1154
134,135
134,157
1283,1282
1283,1284
135,136
135,158
136,137
136,159
137,138
137,160
138,139
138,161
139,140
139,162
140,141
140,163
141,142
141,164
142,143
143,990
122,164
232,231
232,233
232,1207
164,163
164,187
146,145
146,147
124,125
124,1252
124,1009
125,1534
125,169
1252,1275
1009,986
1009,1010
1009,988
1534,1532
1534,1533
1534,1535
169,1164
169,191
169,1537
213,214
213,1381
1535,1533
128,389
128,152
128,605
128,129
389,323
389,1472
389,1560
152,697
605,562
605,1516
129,674
129,370
129,258
674,150
674,301
674,1559
370,390
370,610
258,256
258,281
258,585
130,806
130,913
130,565
806,459
806,523
806,807
913,912
913,914
913,936
565,479
565,544
565,566
262,263
262,437
262,1133
132,892
132,1045
892,416
892,891
892,893
1045,176
1045,1022
1045,1044
156,179
156,1067
157,180
157,1259
158,159
158,181
158,1130
159,160
159,182
160,161
160,183
161,162
161,184
162,163
162,185
163,186
990,991
990,1011
990,1013
144,145
144,987
144,298
145,256
987,986
298,297
298,472
256,279
147,170
147,1493
170,499
1493,194
1493,324
1493,673
148,1361
148,323
148,1207
148,1578
1361,541
1361,1381
323,1514
1207,319
1207,1139
1578,409
1578,1559
1578,1576
149,346
149,695
149,1494
346,259
346,541
695,171
695,782
695,936
1494,322
1494,649
150,282
150,522
282,194
282,632
282,697
522,785
522,654
522,718
392,217
392,675
392,784
697,675
697,1069
154,155
154,177
154,1154
154,1175
155,178
155,1369
155,1415
177,176
177,178
177,200
1154,483
1154,1155
1175,1152
1175,1176
1175,1198
178,179
178,201
1369,1368
1369,1370
1369,1392
1415,1414
1415,1416
1415,1438
179,180
179,202
1067,1066
1067,1068
1067,1198
180,181
180,203
1259,1258
1259,1238
181,182
181,204
1130,199
1130,1153
182,183
182,205
183,184
183,206
184,185
184,207
185,186
185,208
186,187
186,686
187,210
188,166
188,1013
1162,166
1162,1142
1162,1161
167,209
167,1273
167,1270
167,1318
209,208
209,210
1273,340
1270,1268
1270,1269
1270,1271
1318,342
1318,429
1318,472
168,234
168,253
234,1450
234,1447
253,252
253,405
1164,322
1164,342
191,214
191,1295
1537,390
1537,541
1537,629
499,784
171,696
171,366
171,762
696,173
696,369
696,760
366,429
366,1385
762,414
762,676
762,982
1579,452
1579,477
1579,1559
543,260
543,651
543,720
850,525
850,655
850,983
173,479
173,784
173,676
479,917
784,434
676,566
676,849
174,175
174,197
174,240
175,828
175,1024
175,1520
197,176
197,1066
240,239
240,241
240,826
828,829
828,851
1024,525
1024,1001
1520,1519
1520,1521
1520,1543
176,958
958,935
958,957
958,959
200,199
200,201
200,223
201,202
201,224
202,203
202,225
203,204
203,226
204,205
204,227
205,206
205,228
206,207
206,229
207,208
207,967
208,339
686,533
686,597
686,709
210,233
210,1317
1013,425
1013,534
1187,452
1187,471
1187,1186
1053,1051
1053,1052
190,322
190,1445
190,1360
322,1447
1445,1444
1445,1446
1445,1447
1360,236
214,434
1295,1384
1295,1274
1295,1293
1316,1314
1316,1315
1316,1336
194,541
195,587
195,502
195,500
587,1560
502,718
502,545
502,1134
500,412
500,545
500,1559
435,259
435,632
435,741
1066,1043
1066,1065
198,199
198,219
198,980
198,1111
199,1110
219,218
219,261
219,915
980,957
980,979
980,981
1111,220
1111,483
1111,1110
1110,1087
1110,1133
223,222
223,224
223,246
224,225
224,247
225,226
225,248
226,227
226,249
227,228
227,250
228,229
228,880
229,230
229,252
967,966
967,968
339,316
339,338
339,340
233,1120
1317,297
1317,340
1317,365
212,1230
212,364
212,1382
1230,429
1230,471
364,1272
364,1514
1382,367
1382,1380
1382,1383
1381,1358
434,325
326,325
326,327
326,851
217,218
217,718
826,849
218,869
218,391
718,477
869,284
869,868
869,870
391,259
391,804
261,368
261,781
261,807
915,284
915,656
915,916
220,221
220,241
220,243
221,222
221,265
221,1044
241,871
241,1132
243,242
243,244
243,266
222,244
222,245
265,264
265,266
265,288
1044,1043
1044,1087
244,245
244,1199
245,246
245,268
246,247
246,269
247,248
247,270
248,249
248,271
249,250
249,272
250,273
880,881
880,924
230,231
230,535
252,773
231,295
231,902
535,797
535,995
535,1102
295,294
295,296
295,512
902,319
902,903
1120,966
1120,1118
1120,1119
1450,495
1450,670
1470,236
1470,365
236,1403
1403,1401
1403,1402
1403,1423
238,239
238,629
239,785
629,1385
785,480
785,739
871,546
871,870
871,872
1132,307
1132,397
1132,461
242,263
242,395
242,936
263,305
395,372
395,374
395,396
936,935
266,267
266,289
1199,1198
1199,1200
1199,1222
268,267
268,269
268,291
269,270
269,292
270,271
270,293
271,272
271,294
272,273
272,968
273,274
273,296
274,275
274,579
773,750
773,774
773,796
405,491
405,668
405,1190
1297,384
1297,406
279,278
279,280
279,302
281,280
281,283
585,1452
585,1409
259,523
523,521
260,675
260,673
260,567
673,868
567,741
567,1070
567,897
781,780
781,782
807,524
807,591
437,526
437,1178
437,1114
1133,1156
1133,1088
305,306
305,328
305,849
264,285
264,287
264,482
285,284
285,394
285,1155
287,286
287,288
287,310
482,459
482,483
482,505
288,289
288,311
267,290
289,290
289,312
290,291
290,313
291,292
291,314
292,293
292,315
293,294
293,316
294,317
968,969
968,991
296,297
275,276
579,556
579,602
579,819
276,277
276,494
277,278
277,1384
277,1078
494,1104
494,1034
494,1145
278,1121
278,1231
1384,627
1078,361
1078,469
1078,538
1121,1119
1121,1122
1121,1140
1231,537
1231,1255
280,303
302,325
302,387
303,304
303,415
303,455
283,764
283,851
283,653
632,981
632,983
764,654
764,810
764,1048
851,874
653,480
284,1026
1026,393
1026,1025
1026,1158
394,371
394,417
394,893
1155,1156
1155,1157
286,307
307,306
307,393
310,309
310,311
310,333
311,312
311,334
312,313
312,335
313,314
313,336
314,315
314,337
315,316
315,338
316,317
317,383
512,489
512,511
512,753
472,451
472,1099
1271,1269
1271,1272
452,1451
301,455
301,1516
1516,454
325,348
304,698
304,611
415,568
415,742
415,633
698,765
698,1092
698,1115
611,460
611,588
611,1049
306,329
306,981
328,327
328,329
328,873
329,308
329,330
981,526
393,416
393,852
308,309
308,331
308,1306
309,332
309,1416
331,330
331,332
331,354
1306,1305
1306,1307
1306,1329
332,333
332,355
1416,1393
1416,1417
333,334
333,356
334,335
334,357
335,336
335,358
336,337
336,359
337,338
337,360
338,361
383,382
383,384
383,1080
318,536
318,1210
318,643
318,1035
536,382
536,407
536,1148
1210,645
1210,1189
1210,1212
643,448
643,576
643,600
1035,1034
1035,1036
319,1101
319,1233
1101,341
1101,1100
1101,1102
1233,427
1233,474
1233,735
1141,1140
1141,1142
1141,1143
515,342
515,1104
515,583
321,1472
321,1186
321,1385
1186,1184
1186,1206
1385,603
1514,409
1514,1515
324,518
518,1517
518,1515
348,349
348,371
348,852
327,350
327,458
350,349
350,351
350,373
458,787
458,1091
458,742
873,720
873,874
873,1006
330,351
330,353
351,1197
351,1241
353,352
353,354
353,376
354,355
354,377
355,356
355,378
356,357
356,379
357,358
357,380
358,359
358,381
359,360
359,578
360,491
360,710
361,381
361,881
341,1211
341,1102
1211,385
1211,473
1211,1192
1102,690
342,1363
1363,473
1363,583
562,473
562,1341
1188,426
1188,451
1188,514
650,369
650,517
521,388
521,498
741,1046
349,372
349,830
371,895
852,875
852,1180
372,373
372,1003
830,829
830,831
830,1090
373,352
373,374
1197,1153
1197,1220
1241,1218
1241,1242
1241,1264
352,375
352,1000
375,376
375,398
375,1089
1000,977
1000,999
1000,1001
376,377
376,399
377,378
377,400
378,379
378,401
379,380
379,402
380,381
380,403
381,404
578,555
578,776
578,1038
491,490
491,602
710,733
710,755
710,1060
881,882
881,904
362,1124
362,580
362,469
362,516
1124,385
1124,513
1124,1123
580,600
580,1322
580,800
469,468
469,624
516,497
516,645
516,1276
363,539
363,557
539,1452
539,1451
557,625
557,729
557,1125
1272,1274
1272,1292
365,1274
365,1320
1320,560
1320,1319
1320,1343
429,558
367,544
367,1383
1383,498
369,388
369,740
388,1560
740,546
740,720
740,982
390,498
390,606
610,1046
610,634
610,1005
895,635
895,894
895,896
1003,569
1003,613
1003,1002
374,397
374,484
397,398
397,420
484,485
484,505
484,507
398,399
398,421
1089,438
1089,590
1089,1112
399,400
399,422
400,401
400,423
401,402
401,424
402,403
402,425
403,404
403,708
404,687
382,558
558,1144
558,691
384,385
384,1145
1080,406
1080,428
1080,756
1145,426
1145,712
1341,540
1560,520
606,627
416,438
416,439
417,418
417,1025
417,961
893,870
893,894
396,419
396,1221
396,1350
419,418
419,420
419,442
1221,1220
1221,1222
1221,1244
1350,1349
1350,1373
420,421
420,443
421,422
421,444
422,423
422,445
423,424
423,446
424,425
424,447
425,601
708,685
708,707
708,709
687,598
687,624
687,820
668,426
668,713
668,1014
1190,495
1190,514
1190,692
406,623
406,1232
623,622
623,624
623,1234
1232,408
1232,540
1232,1212
407,1254
407,1077
407,1143
1254,648
1254,1191
1254,1275
1077,1096
1143,1142
408,583
409,1536
1536,477
412,720
412,1449
413,633
413,566
633,481
633,1027
566,739
414,677
414,1047
414,609
677,588
677,657
677,721
1047,461
1047,504
1047,1049
609,501
609,786
609,982
568,1090
568,1027
568,984
742,501
742,504
438,548
438,983
439,418
439,440
439,1179
418,441
1025,1002
1025,1068
961,635
961,938
961,984
441,442
441,464
442,443
442,465
443,444
443,466
444,445
444,467
445,446
445,468
446,447
446,683
447,711
447,994
601,1014
601,1039
601,1061
426,1125
1125,604
1125,1106
427,493
427,1057
427,1036
493,1144
493,1321
493,1123
1057,667
1057,1056
1057,1058
1036,537
1036,1034
428,561
428,1298
428,1146
561,736
1298,735
1298,1279
1298,1299
1146,604
1146,1126
1146,1166
430,1167
1167,495
1167,799
1167,1166
1407,581
1407,1386
1407,1387
607,501
607,1495
607,692
436,459
436,829
436,982
436,917
459,635
829,766
917,894
917,940
526,503
526,549
1178,721
1178,1177
1178,1179
1114,811
1114,1113
1114,1115
548,525
548,571
548,701
983,984
440,463
440,1112
440,1375
1179,678
1179,1156
463,462
463,464
463,486
1112,504
1112,1135
1375,1352
1375,1374
1375,1376
464,465
464,487
465,466
465,488
466,467
466,489
467,468
467,490
468,794
683,660
683,706
711,492
711,733
711,1344
994,993
994,995
994,1017
448,492
448,665
448,450
492,969
492,1082
665,642
665,798
665,1015
450,669
450,517
449,1038
449,1275
449,1059
449,644
1038,1015
1038,1061
1275,582
1059,470
1059,646
1059,1079
644,599
644,709
644,1170
669,845
669,1388
669,1386
517,497
1451,692
1451,760
454,672
454,1319
672,890
672,1515
1319,690
721,940
520,1515
787,788
787,896
787,1134
1091,589
1091,808
1091,1071
635,658
460,545
460,1092
460,461
545,678
1092,1093
1092,1094
461,1134
1134,570
462,483
462,485
462,1242
485,486
485,508
1242,549
1242,1265
486,487
486,509
487,488
487,510
488,489
488,511
489,490
490,772
794,771
794,795
794,817
624,625
470,1166
470,559
470,514
1166,603
559,971
559,1144
559,1169
514,1276
471,1169
471,1056
1169,1150
1169,1168
1056,1058
1099,1079
1099,1100
473,1189
1189,1168
1189,1191
474,1277
474,1408
1277,1256
1277,1278
1277,1279
1408,497
1408,581
1408,737
937,524
937,914
937,938
480,831
480,765
831,546
831,832
765,501
765,1157
481,896
481,809
481,960
896,919
809,743
809,1158
809,918
960,612
960,766
960,959
505,702
505,1245
507,506
507,508
507,530
508,509
508,531
509,510
509,532
510,511
510,533
511,534
772,749
772,771
772,795
602,495
602,625
969,970
969,992
1082,513
1082,667
1082,1105
1321,1322
1321,1323
1321,1342
1123,1103
1123,1122
1104,712
1104,713
503,525
503,872
503,959
872,613
872,1069
959,612
504,1267
1267,1266
1267,1247
1267,1268
702,679
702,725
702,857
1245,1222
1245,1244
1245,1246
506,527
506,529
506,1333
527,528
527,1243
527,1418
529,528
529,530
529,552
1333,723
1333,1310
1333,1506
530,531
530,553
531,532
531,554
532,555
532,1549
533,556
533,620
534,599
534,903
753,730
753,776
753,1017
513,600
513,948
600,820
948,925
948,947
948,949
1276,581
1276,1256
645,731
645,1213
1517,737
1495,649
1495,1496
654,1090
654,1046
524,723
524,1048
723,746
1048,808
1048,1029
549,550
528,551
528,744
1243,1220
1243,1244
1243,1266
1418,1417
1418,1419
1418,1394
551,550
551,552
551,574
744,614
744,877
744,1160
552,553
552,575
553,554
553,576
554,555
554,577
555,556
1549,620
1549,1526
1549,1548
556,973
620,619
620,621
599,576
599,622
903,904
903,926
797,774
797,796
797,820
995,972
995,1018
1148,735
1148,1126
1148,1127
537,1058
537,1300
1058,731
1300,712
1300,1301
1300,1302
538,1387
538,1081
1387,737
1387,1386
1081,688
1081,691
1081,800
1452,1453
540,1496
540,1278
1496,846
1496,1519
1278,1256
1278,1279
678,722
678,1138
546,656
656,679
656,789
547,612
547,914
547,939
547,1113
612,1202
914,891
939,916
939,938
939,962
1113,1115
1113,1136
571,550
571,572
571,1417
701,724
701,856
701,1156
550,573
573,572
573,574
573,596
574,575
574,597
575,576
577,622
577,642
577,775
973,950
973,972
973,996
625,1342
729,706
729,728
729,752
691,1257
691,1430
971,732
971,970
971,972
560,604
560,1409
604,755
1409,603
736,626
736,1299
1583,649
1583,739
1583,801
1070,589
1070,1071
1070,1072
897,634
897,874
897,920
1090,591
1027,1028
1027,1029
984,1007
569,570
569,592
569,1005
570,1200
570,1332
592,591
592,593
592,615
1005,722
1005,1004
1200,657
1200,680
1332,1309
1332,1331
572,593
572,595
1417,596
593,594
593,833
595,594
595,618
595,835
596,597
596,619
597,598
622,621
642,619
642,641
775,752
775,754
775,798
776,777
776,799
819,796
819,818
819,842
1322,737
1322,758
800,689
581,1079
1079,1100
582,1344
582,1122
1344,689
1344,1367
1122,1103
1430,646
1430,1431
588,782
589,634
589,763
634,763
763,743
590,788
590,1157
590,916
788,789
788,1248
1157,1159
916,699
591,898
898,876
898,899
898,918
615,594
615,616
594,617
833,613
833,834
833,1486
617,616
617,618
617,640
618,619
618,641
835,640
835,814
835,834
598,621
598,793
621,730
793,770
793,792
793,816
820,843
1014,991
1014,1037
1039,734
1039,1016
1039,1062
1061,1084
603,1343
1343,714
1343,1366
755,732
755,1171
627,1235
627,648
786,700
786,1202
786,941
1049,1029
1049,1050
1202,808
1202,1201
613,614
614,637
614,1135
637,616
637,638
1135,636
1135,1246
616,639
639,638
639,662
639,1398
640,641
640,663
641,664
730,707
730,731
1234,1257
1234,1235
1234,1255
1342,1364
1342,1365
626,1037
626,1191
626,648
1037,667
1037,1060
1191,1062
648,1236
1235,688
1235,1237
658,659
658,681
658,746
636,659
636,1289
636,1441
659,638
659,660
1289,1266
1289,1288
1289,1312
1441,832
1441,1440
1441,1462
638,661
661,660
661,662
661,684
662,663
662,685
1398,1379
1398,1399
663,664
663,1528
664,685
664,752
709,732
1170,1345
1170,1150
1170,1168
731,754
1213,1212
1213,1214
1213,1215
646,688
646,1147
688,1149
1147,647
1147,1126
1147,1127
647,802
647,1364
647,1474
802,779
802,868
1364,757
1474,1453
1474,1476
1236,690
1236,758
1236,1216
655,766
655,853
655,894
766,767
853,854
853,1201
853,1181
679,680
679,1158
789,790
789,941
657,940
657,1376
940,963
1376,1353
1376,1378
681,660
681,680
681,682
746,769
684,685
684,707
1528,1483
1528,1527
1528,1506
752,751
798,821
798,1015
1015,992
666,774
666,974
666,1016
666,1017
774,751
974,951
974,975
974,997
1016,689
1016,993
667,1255
1255,712
845,822
845,844
845,846
1388,777
1388,1389
1388,1411
1386,1365
670,1103
670,1149
1103,1105
1149,758
1149,1127
890,867
890,889
890,891
868,867
722,811
1138,743
1138,1137
1138,1139
1158,745
682,705
682,1377
682,1462
705,704
705,706
705,728
1377,812
1377,1354
1462,1461
1462,1551
706,707
689,1299
1299,1280
690,1258
1258,758
1258,1062
1257,756
1257,1151
780,779
760,714
1069,962
1069,1068
1115,810
699,1028
699,1068
699,1203
1028,811
1028,1008
1203,1201
1203,1204
1203,1205
700,1050
700,1180
1050,1029
1050,1051
1180,1181
1180,1182
724,725
724,1355
856,855
856,857
856,878
725,704
725,726
857,834
704,727
727,726
727,728
727,750
728,751
732,778
733,756
1060,799
1060,1083
714,1083
714,1256
1083,754
1083,1106
1366,1389
1366,1365
1004,985
1004,1006
811,810
1355,745
1355,1354
726,749
749,748
749,750
750,751
754,1018
778,777
778,779
778,1432
756,779
734,1433
734,1345
734,1168
1433,1432
1433,1434
1433,1456
1345,777
1345,1368
735,1171
1171,1172
1171,1150
743,1159
1159,1160
1159,1161
877,876
877,878
1160,1140
1160,1161
745,768
745,1244
768,767
768,769
768,791
769,748
769,770
748,771
748,924
771,770
924,925
924,947
1018,1019
1018,1041
757,1367
757,1476
757,1431
1367,1368
1367,1390
1476,1477
1476,1499
1431,1194
1431,1454
810,1465
767,790
767,1311
790,791
790,813
1311,1288
1311,1310
1311,1334
791,770
791,792
795,796
795,818
799,822
1432,1455
941,921
1248,1227
1248,1247
813,792
813,1485
813,1399
792,815
815,814
815,816
815,838
816,817
816,839
817,818
817,840
818,841
821,822
821,844
821,1411
801,1237
801,1105
801,1323
1237,1238
1105,1128
1323,1324
1323,1303
808,938
918,832
918,899
1465,1464
1465,1466
1465,1467
812,964
812,1464
964,875
964,945
964,965
1464,1444
1464,1466
1485,966
1485,1484
1485,1486
1399,1379
1399,1380
814,837
814,1551
837,838
837,860
1551,1552
838,839
838,861
839,840
839,862
840,841
840,863
841,842
841,864
842,843
842,865
843,844
843,866
844,867
1411,1412
1411,1434
1280,1281
1280,1279
1215,1195
1215,1214
1454,1455
1454,1477
832,834
1486,1488
859,860
859,882
860,861
860,883
861,862
861,884
862,863
862,885
863,864
863,886
864,865
864,887
865,866
865,888
866,867
866,889
874,875
875,876
854,855
854,1444
1201,1177
1181,1182
1181,1183
855,878
855,1334
1444,1446
1334,1314
882,883
882,905
883,884
883,906
884,885
884,907
885,886
885,908
886,887
886,909
887,888
887,910
888,889
888,911
889,912
1006,1007
1006,1008
876,1246
1246,1223
904,905
904,927
905,906
905,928
906,907
906,929
907,908
907,930
908,909
908,931
909,910
909,932
910,911
910,933
911,912
911,934
912,935
919,920
919,899
919,921
920,921
920,943
925,926
926,927
926,949
927,928
927,950
928,929
928,951
929,930
929,952
930,931
930,953
931,932
931,954
932,933
932,955
933,934
933,956
934,935
934,957
943,966
943,945
947,970
949,950
949,972
950,951
951,952
952,953
952,975
953,954
953,976
954,955
954,977
955,956
955,978
956,957
956,979
962,985
962,963
963,986
970,993
975,976
975,998
976,977
976,999
977,978
978,979
978,1001
979,1002
985,986
985,965
991,992
992,993
996,997
996,1019
996,1042
997,998
997,1020
998,999
999,1022
1001,1002
1007,988
1011,1010
1011,1031
1019,1020
1020,1043
1010,1008
1010,1031
1041,1042
1043,1042
1031,1032
1032,1051
1032,1052
1042,1065
1065,1240
1087,1086
1084,1086
1240,1217
1240,1263
1240,1346
1198,1177
1106,1086
1128,1129
1128,1151
1128,1109
1129,1152
1129,1239
1129,1109
1151,1109
1152,1304
1239,1216
1239,1262
1239,1238
1153,1176
1153,1088
1139,1312
1139,1137
1312,1335
1312,1291
1304,1281
1304,1305
1304,1302
1176,1177
1176,1309
1172,1150
1172,1192
1309,1308
1309,1310
1193,1216
1193,1192
1193,1195
1216,1217
1194,1217
1194,1301
1194,1192
1217,1218
1301,1302
1301,1324
1195,1218
1195,1214
1328,1305
1328,1327
1328,1329
1222,1223
1223,1224
1223,1225
1224,1225
1224,1226
1224,1247
1225,1226
1225,1206
1226,1227
1262,1263
1262,1285
1262,1261
1263,1264
1263,1286
1346,1326
1346,1327
1346,1347
1264,1265
1264,1287
1265,1266
1265,1288
1285,1284
1285,1286
1285,1308
1286,1287
1286,1505
1287,1288
1287,1310
1281,1282
1281,1519
1282,1305
1282,1261
1519,1542
1284,1307
1284,1261
1307,1308
1307,1330
1308,1331
1505,1482
1505,1504
1505,1506
1302,1303
1324,1325
1324,1347
1303,1326
1303,1261
1326,1325
1326,1327
1329,1330
1329,1352
1330,1331
1330,1353
1331,1354
1335,1358
1335,1315
1335,1336
1325,1348
1325,1327
1347,1370
1347,1348
1348,1349
1348,1371
1352,1353
1353,1354
1506,1507
1368,1391
1370,1371
1370,1393
1349,1371
1349,1372
1373,1372
1373,1374
1373,1396
1374,1397
1389,1390
1389,1412
1390,1391
1390,1413
1391,1392
1391,1414
1392,1393
1392,1394
1371,1372
1393,1394
1372,1395
1395,1394
1395,1396
1395,1440
1396,1419
1397,1420
1397,1378
1412,1413
1412,1435
1413,1414
1413,1436
1414,1437
1419,1420
1420,1421
1434,1435
1434,1457
1435,1436
1435,1458
1436,1437
1436,1459
1437,1438
1437,1460
1438,1461
1455,1456
1455,1478
1456,1457
1456,1479
1457,1458
1457,1480
1458,1459
1458,1481
1459,1460
1459,1482
1460,1461
1460,1483
1461,1484
1477,1478
1477,1500
1478,1479
1478,1501
1479,1480
1479,1502
1480,1481
1480,1503
1481,1482
1481,1504
1482,1483
1483,1484
1499,1500
1499,1522
1500,1501
1500,1523
1501,1502
1501,1524
1502,1503
1502,1525
1503,1504
1503,1526
1504,1527
1521,1522
1521,1544
1522,1523
1522,1545
1523,1524
1523,1546
1524,1525
1524,1547
1525,1526
1525,1548
1526,1527
1542,1543
1543,1544
1544,1545
1545,1546
1546,1547
1547,1548
945,965
965,988
988,1008
1051,1052
1071,1072
1071,1073
1072,1073
1072,1074
1073,1074
1074,1093
1086,1088
1088,1109
1093,1094
1093,1095
1094,1095
1094,1096
1095,1096
1116,1117
1116,1118
1116,1136
1116,1137
1117,1118
1117,1119
1117,1136
1118,1119
1126,1127
1136,1137
1140,1142
1182,1183
1183,1184
1184,1204
1184,1205
1204,1205
1204,1206
1205,1206
1212,1214
1227,1247
1268,1269
1268,1290
1269,1290
1290,1291
1290,1292
1291,1292
1291,1293
1292,1293
1314,1315
1378,1379
1378,1380
1379,1380
1401,1402
1401,1421
1401,1422
1402,1422
1402,1423
1421,1422
1421,1423
1422,1423
1446,1466
1466,1467
1467,1468
1468,1488
1488,1489
1489,1490
1490,1510
1490,1511
1510,1511
1510,1530
1511,1530
1530,1531
1531,1532
1531,1533
1532,1533
1532,1552
1552,1554
1572,1574
1574,1576
