0,892
0,1365
0,758
0,1473
892,132
892,891
892,893
1365,647
1365,759
1365,800
758,737
758,1538
758,1237
1473,21
1473,170
1473,585
1,24
1,131
1,823
1,1040
24,47
24,1063
24,1324
131,110
131,262
131,1023
823,87
823,822
823,1280
1040,996
1040,1017
1040,1041
2,3
2,25
2,1064
2,1563
3,4
3,26
3,1564
25,48
25,1174
25,1563
1064,1041
1064,1065
1064,1087
1563,1152
1563,1564
4,5
4,27
4,1565
26,49
26,1173
26,1219
1564,45
1564,1565
5,28
5,1351
5,1566
27,28
27,50
27,1196
1565,1542
1565,1566
28,29
28,51
1351,1350
1351,1352
1351,1374
1566,1543
1566,1567
6,7
6,29
6,1439
6,1567
7,8
7,30
7,1568
29,30
29,52
1439,549
1439,1438
1439,1440
1567,1544
1567,1568
8,9
8,31
8,1569
30,31
30,53
1568,1545
1568,1569
9,10
9,32
9,1570
31,54
31,703
1569,1546
1569,1570
10,11
10,1550
10,1571
32,55
32,165
32,879
1570,575
1570,1547
11,747
11,923
11,989
1550,1332
1550,1527
1550,1573
1571,1396
1571,1507
1571,1548
747,724
747,726
747,746
923,143
923,230
923,900
989,167
989,900
989,987
12,836
12,901
12,1442
12,1573
836,837
836,857
836,859
901,880
901,925
901,1485
1442,33
1442,637
1442,1419
1573,99
1573,1397
13,78
13,1250
13,1140
13,1422
78,1531
78,1511
78,1488
1250,169
1250,254
1250,1228
1140,963
1140,1029
1140,1121
1422,788
1422,964
1422,1421
14,80
14,1357
14,1443
14,58
80,34
80,1357
80,1249
1357,15
1357,855
1443,35
1443,1420
1443,1441
58,81
58,1120
58,1404
15,1251
15,1335
15,1272
1251,57
1251,147
1251,300
1335,1312
1335,1358
1335,1336
1272,36
1272,276
1272,1253
16,212
16,1296
16,1273
16,1226
212,1381
212,1491
212,1098
1296,472
1296,516
1296,1274
1273,235
1273,298
1273,340
1226,944
1226,1224
1226,1225
17,278
17,125
17,1339
17,1402
278,277
278,279
278,1470
125,1534
125,233
125,1339
1339,38
1339,167
1402,235
1402,1383
1402,1401
18,1517
18,651
18,282
18,1537
1517,41
1517,63
1517,583
651,41
651,149
651,671
282,43
282,239
282,1583
1537,172
1537,387
1537,542
19,586
19,1514
19,1583
19,1407
586,213
586,631
586,1428
1514,194
1514,236
1514,542
1583,543
1583,672
1407,497
1407,519
1407,734
20,627
20,324
20,1453
20,631
627,430
627,516
627,1189
324,521
324,1578
324,518
1453,108
1453,715
1453,779
631,152
631,172
21,649
21,106
21,1581
649,44
649,496
649,1321
106,343
106,561
106,239
1581,238
1581,737
22,783
22,848
22,1023
22,1498
783,42
783,456
783,804
848,263
848,847
848,849
1023,1022
1023,1024
1498,1475
1498,1499
1498,1521
23,46
23,1153
23,1347
23,1150
46,45
46,47
46,69
1153,1130
1153,1176
1153,1197
1347,1324
1347,1370
1347,1327
1150,1149
1150,1169
1150,1171
47,48
47,70
1063,1061
1063,1084
1063,1085
1324,1323
1324,1325
48,49
48,71
1174,307
1174,1151
1174,1197
49,50
49,72
1173,1172
1173,1196
1173,1171
1219,1218
1219,1220
1219,1241
50,51
50,73
1196,156
1196,1328
51,52
51,74
52,53
52,75
53,54
53,76
54,55
54,77
703,680
703,683
703,704
55,56
55,251
165,142
165,187
165,188
879,684
879,858
879,878
33,858
33,1033
33,1463
858,317
858,859
1033,211
1033,296
1033,1009
1463,441
1463,1440
1463,1484
34,946
34,1356
34,1099
946,382
946,947
946,967
1356,876
1356,1355
1356,1336
1099,363
1099,1034
1099,1097
35,102
35,1400
35,1186
102,79
102,1553
102,1185
1400,79
1400,1377
1400,1398
1186,1184
1186,1206
1186,1207
36,1182
36,1554
36,1252
1182,1180
1182,1183
1182,1184
1554,1533
1554,1552
1554,1553
1252,254
1252,340
1252,1275
37,322
37,1444
37,189
37,409
322,1319
322,540
322,1579
1444,1030
1444,1425
1444,1445
189,1294
189,1188
189,1076
409,1558
409,604
409,1470
38,83
38,476
38,1556
83,1491
83,562
83,542
476,410
476,1557
476,1451
1556,367
1556,1536
1556,1555
39,1493
39,1448
39,1578
39,301
1493,194
1493,390
1493,432
1448,40
1448,59
1448,344
1578,299
1578,345
301,1403
301,1405
301,1536
40,1558
40,171
40,195
1558,107
1558,540
171,104
171,1515
171,1450
195,85
195,303
195,694
41,63
41,499
63,673
63,303
499,257
499,520
499,544
42,1386
42,259
42,238
1386,517
1386,538
1386,602
259,650
259,1516
259,632
238,629
238,740
43,824
43,735
43,1560
824,66
824,846
824,1454
735,1387
735,1280
735,1451
1560,105
1560,126
1560,628
44,825
44,1433
44,716
825,87
825,802
825,826
1433,1432
1433,1434
1433,1456
716,561
716,670
716,694
45,68
45,1475
68,67
68,69
68,91
1475,778
1475,800
69,70
69,92
70,71
70,93
71,72
71,94
72,73
72,95
73,74
73,96
74,75
74,97
75,76
75,98
76,77
76,99
77,100
77,1509
56,57
56,79
56,1464
251,250
251,252
251,274
57,1208
57,1508
79,1143
1464,1441
1464,1465
1464,1466
1208,166
1208,167
1208,275
1508,615
1508,1507
1508,1488
81,82
81,1164
81,1295
1120,318
1120,1100
1120,1118
1404,105
1404,1405
1404,1424
59,1469
59,1382
59,1164
1469,320
1469,367
1469,1467
1382,170
1382,1380
1382,1383
1164,320
1164,407
60,61
60,474
60,1406
60,148
61,498
61,1472
61,564
474,1187
474,1166
474,1580
1406,280
1406,299
1406,367
148,1450
148,498
148,1446
498,500
498,1470
1472,387
1472,451
1472,452
564,126
564,455
564,763
62,1340
62,1449
62,169
62,565
1340,406
1340,1338
1340,1341
1449,1428
1449,1447
1449,1451
169,364
169,345
565,347
565,520
565,808
673,740
673,1516
673,1408
303,609
303,696
64,629
64,432
64,1474
64,587
629,1474
629,739
432,366
432,1579
1474,85
1474,1452
587,346
587,390
587,567
65,1409
65,544
65,85
65,695
1409,495
1409,1408
1409,1410
544,718
544,786
85,283
695,457
695,458
695,741
66,67
66,89
66,738
67,90
67,1108
89,88
89,90
89,112
738,411
738,1430
738,762
90,91
90,113
1108,157
1108,1085
1108,1131
91,92
91,114
92,93
92,115
93,94
93,116
94,95
94,117
95,96
95,118
96,97
96,119
97,98
97,120
98,99
98,121
99,100
100,123
100,1207
1509,919
1509,1507
1509,1510
1531,123
1531,985
1531,1529
1511,942
1511,1510
1511,1512
1488,1486
1488,1490
1143,1141
1143,1142
1143,1145
1249,812
1249,945
1249,1006
82,1580
82,1385
82,1490
1295,191
1295,431
1295,1384
1580,234
1580,672
1385,320
1385,519
1385,605
1490,366
1490,1471
1491,300
1491,367
562,540
562,1429
562,1299
542,260
84,235
84,323
84,304
84,127
235,213
323,456
323,477
323,386
304,302
304,873
304,721
127,1557
127,1450
127,1513
283,281
283,394
283,610
86,521
86,1562
86,389
86,737
521,236
521,718
1562,1561
389,453
389,1471
389,1492
737,650
87,868
87,1541
868,867
868,869
868,1042
1541,88
1541,713
1541,847
88,109
88,805
109,218
109,435
109,782
805,370
805,371
805,804
112,111
112,113
112,135
113,114
113,136
114,115
114,137
115,116
115,138
116,117
116,139
117,118
117,140
118,119
118,141
119,120
119,142
120,121
120,143
121,122
121,145
123,122
123,146
1207,988
1207,1209
101,902
101,1012
101,1096
101,1360
902,231
902,903
902,922
1012,363
1012,404
1012,1011
1096,921
1096,1077
1096,1094
1360,145
1360,1359
1360,1361
1553,1533
1553,1552
1185,144
1185,209
1185,1183
103,1575
103,1187
103,149
103,1315
1575,988
1575,1574
1575,1576
1187,342
1187,1167
149,256
149,1559
1315,104
1315,1313
1315,1314
104,1405
104,1163
1405,473
1163,188
1163,1162
1163,1165
105,411
105,1316
411,543
411,585
1316,144
1316,1314
1316,1318
343,299
343,1447
343,430
561,1431
561,1233
239,764
239,392
107,694
107,433
107,347
694,759
433,194
433,761
433,588
347,760
347,501
108,543
108,172
108,675
543,606
172,412
675,455
675,916
675,697
218,217
218,219
218,869
435,326
435,763
435,522
782,413
782,827
782,1518
110,111
110,133
110,1131
111,134
111,1283
133,132
133,134
133,156
1131,267
1131,1154
134,135
134,157
1283,1260
1283,1282
1283,1284
135,136
135,158
136,137
136,159
137,138
137,160
138,139
138,161
139,140
139,162
140,141
140,163
141,142
141,164
142,143
143,990
122,164
122,166
145,146
145,1294
164,163
164,187
166,1294
166,1227
146,147
146,1162
124,1206
124,234
124,1579
124,1052
1206,1031
1206,1205
234,211
234,1577
1579,126
1052,943
1052,1050
1052,1053
1534,321
1534,1515
1534,1532
233,188
233,210
233,232
126,1494
1494,563
1494,606
1494,717
1557,193
1557,237
1450,150
1513,236
1513,1492
1513,1512
128,431
128,280
128,607
128,236
431,255
431,1495
280,585
280,674
607,257
607,671
607,739
129,391
129,281
129,608
129,260
391,652
391,717
391,764
281,258
281,654
608,151
608,1582
608,760
260,523
260,589
130,719
130,217
130,759
130,522
719,477
719,566
719,720
217,216
217,827
759,604
522,261
522,345
262,263
262,437
262,827
132,1045
132,1518
1045,176
1045,1022
1045,1044
1518,650
1518,780
156,179
156,1067
157,180
157,1259
158,159
158,181
158,1130
159,160
159,182
160,161
160,183
161,162
161,184
162,163
162,185
163,186
990,991
990,1011
990,1013
144,1510
144,1358
1510,1512
1358,1381
1358,1337
1294,1274
147,193
147,1489
1162,1161
1162,1181
193,216
193,588
1489,920
1489,965
1489,1032
1446,1445
1446,1447
1446,1466
256,254
256,258
256,279
1559,630
1559,693
1559,1452
150,151
150,1427
150,414
151,153
151,152
1427,276
1427,368
1427,584
414,762
414,1024
414,873
153,175
153,393
153,369
152,652
152,1497
652,566
652,610
1497,585
1497,760
1497,803
175,174
175,828
175,1520
393,416
393,678
393,1026
369,170
369,478
369,785
154,155
154,177
154,1154
154,1175
155,178
155,1132
155,1415
177,176
177,178
177,200
1154,483
1154,1155
1175,1152
1175,1176
1175,1198
178,179
178,201
1132,241
1132,307
1132,397
1415,1414
1415,1416
1415,1438
179,180
179,202
1067,328
1067,1066
1067,1198
180,181
180,203
1259,801
1259,1107
1259,1258
181,182
181,204
1130,1085
1130,1088
182,183
182,205
183,184
183,206
184,185
184,207
185,186
185,208
186,187
186,686
187,210
188,211
1227,966
1227,1228
1227,1247
167,209
209,208
209,210
168,364
168,363
168,344
168,192
364,1536
364,1428
363,1363
344,1363
344,1318
192,454
192,456
192,1359
345,390
170,519
519,1362
1515,300
1515,1535
412,346
412,390
412,479
173,1539
173,827
173,762
173,632
1539,647
1539,691
1539,715
762,368
632,434
632,1046
174,197
174,240
174,849
197,176
197,1066
197,739
240,241
240,718
240,826
849,305
849,826
828,765
828,829
828,851
1520,1519
1520,1521
1520,1543
176,958
958,935
958,957
958,959
200,199
200,201
200,223
201,202
201,224
202,203
202,225
203,204
203,226
204,205
204,227
205,206
205,228
206,207
206,229
207,208
207,967
208,339
686,533
686,597
686,709
210,1317
211,430
1188,626
1188,1167
1188,1168
1076,275
1076,1074
1076,1075
190,1535
190,385
190,1100
190,1228
1535,477
1535,518
385,384
385,386
385,1080
1100,341
1100,1101
1228,1248
191,214
191,1297
191,255
214,213
214,237
214,434
1297,319
1297,388
1297,453
255,386
255,1097
454,539
454,628
454,1536
456,807
1359,1361
1359,1379
216,826
216,633
588,763
588,983
194,1561
1561,760
1561,1540
196,696
196,938
196,717
196,392
696,609
696,742
938,460
938,896
938,937
717,215
392,437
392,590
1066,1043
1066,1065
739,567
198,199
198,219
198,980
198,1111
199,1110
199,1284
219,261
219,915
980,957
980,979
980,981
1111,220
1111,483
1111,936
1110,1087
1110,1133
1110,1088
1284,1285
1284,1307
223,222
223,224
223,246
224,225
224,247
225,226
225,248
226,227
226,249
227,228
227,250
228,229
228,880
229,230
229,252
967,966
967,968
339,316
339,338
339,340
1317,297
1317,340
1317,518
430,1189
1381,1361
1381,1380
1098,298
1098,321
1098,1077
213,237
237,718
434,325
434,784
215,258
215,388
215,500
258,365
388,1538
388,497
500,545
500,677
633,611
633,940
633,653
869,284
869,870
261,368
261,781
915,285
915,656
915,916
220,221
220,241
220,243
221,222
221,265
221,1044
241,871
243,242
243,244
243,266
222,244
222,245
265,264
265,266
265,288
1044,1043
1044,1087
244,245
244,1199
245,246
245,268
246,247
246,269
247,248
247,270
248,249
248,271
249,250
249,272
250,273
880,881
880,924
230,231
230,535
252,253
252,773
231,232
231,295
535,797
535,995
535,1060
232,1013
232,1229
295,294
295,296
295,512
1013,297
1013,425
1229,253
1229,297
1229,429
1577,1576
740,589
740,610
764,591
764,809
871,546
871,870
871,872
242,263
242,395
242,936
263,305
395,372
395,374
395,396
936,913
936,935
266,267
266,289
1199,1198
1199,1200
1199,1222
268,267
268,269
268,291
269,270
269,292
270,271
270,293
271,272
271,294
272,273
272,968
273,274
273,296
274,275
274,579
253,254
253,341
773,750
773,774
773,796
341,1058
341,1145
386,387
1097,1077
1097,1095
279,302
279,1426
257,520
257,1362
520,457
1362,541
1362,1361
365,497
365,1144
365,1403
650,1582
1516,496
1516,605
523,807
523,852
523,763
589,722
589,939
368,518
781,326
781,780
781,1410
437,526
437,1068
305,306
305,328
264,285
264,287
264,482
285,284
285,1087
287,286
287,288
287,310
482,459
482,483
482,505
288,289
288,311
267,290
289,290
289,312
290,291
290,313
291,292
291,314
292,293
292,315
293,294
293,316
294,317
968,969
968,991
296,297
275,276
579,556
579,602
579,819
276,277
277,342
277,1275
342,539
342,560
1275,582
1275,648
1470,410
302,325
302,387
1426,475
1426,1424
1426,1425
674,630
674,806
674,807
654,1048
654,873
654,1091
394,371
394,417
394,893
610,1048
284,981
284,1026
981,306
981,526
1026,1025
1026,1158
286,307
286,1198
286,1242
307,306
1242,462
1242,549
1242,1241
310,309
310,311
310,333
311,312
311,334
312,313
312,335
313,314
313,336
314,315
314,337
315,316
315,338
316,317
317,688
512,489
512,511
512,753
298,408
298,321
408,362
408,1230
408,1383
321,1078
299,1271
1271,1269
1271,1270
1271,1291
300,1429
1429,475
1429,736
1403,1383
1403,1401
325,326
325,348
609,742
609,761
873,785
721,479
721,504
721,1090
306,329
328,329
328,460
329,308
329,330
308,309
308,331
308,1306
309,332
309,1416
331,330
331,332
331,354
1306,1305
1306,1307
1306,1329
332,333
332,355
1416,1393
1416,1417
333,334
333,356
334,335
334,357
335,336
335,358
336,337
336,359
337,338
337,360
338,361
688,645
688,1169
688,1145
318,1102
318,513
318,1230
1102,536
1102,537
1102,582
513,600
513,948
513,1082
1230,362
1230,1210
319,1036
319,1233
319,1232
1036,493
1036,1035
1036,1037
1233,470
1233,496
1232,670
1232,1231
1232,1234
320,1142
1142,1141
1142,1144
1078,1058
1078,1077
1078,1079
1319,428
1319,453
1319,515
540,472
477,1492
326,327
348,349
348,371
348,829
327,350
327,436
327,829
350,349
350,351
350,373
436,459
436,524
436,983
829,766
460,1265
460,874
330,351
330,353
351,1197
351,1244
353,352
353,354
353,376
354,355
354,377
355,356
355,378
356,357
356,379
357,358
357,380
358,359
358,381
359,360
359,578
360,491
360,710
361,381
361,881
361,1014
1058,451
1058,1057
1145,1165
539,475
539,714
560,515
560,538
560,558
1447,1428
1363,646
1363,1343
1318,583
1318,1338
346,697
346,761
697,653
697,983
761,784
501,457
501,939
501,677
349,372
349,830
371,895
372,373
372,1003
830,458
830,808
830,831
373,352
373,374
1197,1220
1244,745
1244,1221
1244,1243
352,375
352,1000
375,376
375,398
375,1089
1000,977
1000,999
1000,1001
376,377
376,399
377,378
377,400
378,379
378,401
379,380
379,402
380,381
380,403
381,404
578,555
578,776
578,1038
491,490
491,602
491,667
710,733
710,755
710,1060
881,882
881,904
1014,601
1014,668
1014,991
362,1079
362,427
1079,582
1079,1080
427,1056
427,428
427,1231
497,495
1144,493
1144,1015
366,1364
366,455
1364,407
1364,605
1364,1366
455,653
478,413
478,563
478,676
785,1070
785,917
370,784
370,917
370,566
784,1069
917,851
917,1160
566,1048
895,635
895,894
895,896
1003,569
1003,613
1003,1002
374,397
374,484
397,398
397,420
484,485
484,505
484,507
398,399
398,421
1089,438
1089,526
1089,1112
399,400
399,422
400,401
400,423
401,402
401,424
402,403
402,425
403,404
403,708
404,687
382,383
382,994
382,449
383,384
383,1210
383,515
994,447
994,995
994,1017
449,580
449,1147
449,1209
384,428
384,1080
1210,1211
1210,1212
515,1146
428,1124
1080,1081
1538,473
1538,693
453,410
1471,473
1471,606
1492,1512
590,786
590,1133
590,810
416,439
416,742
416,653
678,811
678,875
678,939
417,418
417,937
417,1025
893,870
893,894
396,419
396,1221
396,1350
419,418
419,420
419,442
1221,1220
1221,1222
1350,1349
1350,1373
420,421
420,443
421,422
421,444
422,423
422,445
423,424
423,446
424,425
424,447
425,601
708,685
708,707
708,709
687,598
687,624
687,820
405,667
405,993
405,1011
405,1015
667,1038
667,690
993,970
993,1016
993,1170
1011,1010
1015,558
1015,798
406,1254
406,516
406,1320
1254,692
1254,713
1254,1235
516,1321
1320,541
1320,646
1320,734
407,1384
407,1341
1384,563
1384,584
1341,583
1341,1342
604,1191
604,1342
410,1408
1408,1387
479,808
479,1048
413,804
413,630
804,803
630,563
1024,525
1024,1001
415,699
415,545
415,458
415,502
699,481
699,698
699,1202
545,809
545,853
458,1090
502,809
502,1069
502,568
439,418
439,440
439,636
742,1157
418,441
937,524
937,914
1025,1002
1025,1046
441,442
441,464
442,443
442,465
443,444
443,466
444,445
444,467
445,446
445,468
446,447
446,683
447,711
601,1039
601,1061
426,1055
426,1166
426,559
426,1122
1055,1054
1055,1057
1055,1075
1166,517
1166,1165
559,1279
559,1146
559,1342
1122,514
1122,1121
1122,1123
1056,945
1056,1034
1056,1054
1231,472
1231,1253
1124,517
1124,1104
1124,1123
429,605
429,647
429,452
647,693
452,581
452,494
1189,536
1189,1190
1495,692
1495,715
1495,1496
459,635
459,806
524,723
524,894
983,1202
526,549
1068,438
1068,481
1068,1069
438,548
438,1158
548,525
548,571
548,701
1158,679
1158,745
440,463
440,1112
440,1375
636,614
636,659
636,1289
463,462
463,464
463,486
1112,614
1112,1135
1375,1352
1375,1374
1375,1376
464,465
464,487
465,466
465,488
466,467
466,489
467,468
467,490
468,469
468,794
683,660
683,706
711,778
711,1062
711,800
448,580
448,643
448,665
448,732
580,471
580,1103
643,576
643,600
643,731
665,469
665,642
665,798
732,709
732,778
732,1280
1147,450
1147,1126
1147,1127
1209,473
1209,494
450,669
450,558
450,1059
669,624
669,845
669,1257
558,1343
1059,470
1059,800
1059,992
451,496
451,648
648,1432
648,1298
581,471
581,1234
581,1322
494,1081
494,1278
628,541
628,1299
807,853
457,720
720,962
720,787
1090,676
1090,765
635,503
635,658
806,850
806,913
1265,1264
1265,1266
1265,1288
874,546
874,851
874,897
461,1133
461,1179
461,1223
461,611
1133,1156
1179,765
1179,1156
1179,1178
1223,612
1223,811
1223,1222
611,1178
611,1092
462,483
462,485
485,486
485,508
486,487
486,509
487,488
487,510
488,489
488,511
489,490
490,772
469,645
469,1035
794,771
794,795
794,817
645,1105
645,1101
1035,1034
1035,1037
470,1255
470,536
1255,736
1255,1236
1255,1256
536,1190
471,1276
471,492
1276,517
1276,714
1276,1253
492,969
492,1016
492,1146
472,495
495,691
475,693
1451,1452
676,1070
676,1046
808,1134
480,591
480,743
480,850
480,897
591,547
591,592
743,1334
743,1201
743,1070
850,525
850,655
897,877
897,943
481,1180
481,1071
1180,943
1180,1181
1071,1050
1071,1072
1071,1073
505,702
505,1245
507,506
507,508
507,530
508,509
508,531
509,510
509,532
510,511
510,533
511,534
772,749
772,771
772,795
602,625
969,555
969,970
1016,666
1016,1039
1146,646
493,1034
493,1234
1234,514
1081,1101
1081,1104
1278,715
1278,1277
1278,1279
691,712
691,1540
677,1070
677,788
939,1202
809,613
1069,962
568,655
568,698
568,1134
503,525
503,872
503,959
872,634
872,700
959,612
959,960
504,1049
504,722
504,723
1049,744
1049,920
1049,1050
722,1047
722,854
723,746
723,960
702,679
702,725
702,857
1245,547
1245,899
1245,1222
506,527
506,529
506,1333
527,528
527,1243
527,1418
529,528
529,530
529,552
1333,965
1333,1310
1333,1506
530,531
530,553
531,532
531,554
532,555
532,1549
533,556
533,620
534,557
534,599
534,903
753,730
753,776
753,1017
600,556
600,820
948,925
948,947
948,949
1082,625
1082,757
1082,1105
514,537
514,1057
537,1298
537,557
1057,1037
1321,1300
1321,1322
852,787
852,1268
852,1136
894,569
549,550
528,551
528,1246
1243,1220
1243,1266
1418,1417
1418,1419
1418,1394
551,550
551,552
551,574
1246,876
1246,940
1246,1135
552,553
552,575
553,554
553,576
554,555
554,577
1549,620
1549,1526
1549,1548
556,973
620,619
620,621
557,625
557,729
599,576
599,622
599,644
903,904
903,926
797,774
797,796
797,820
995,972
995,1018
1060,538
1060,1083
1190,1191
1190,1192
1298,1274
1298,1277
538,1103
1103,670
1103,713
714,1476
714,1126
541,1582
1582,606
786,698
786,1113
853,1005
853,875
546,656
546,831
656,679
656,789
831,812
831,832
547,657
547,914
657,1178
657,1200
657,1376
914,891
914,913
571,550
571,572
571,1417
701,724
701,856
701,1156
550,573
573,572
573,574
573,596
574,575
574,597
575,576
577,622
577,642
577,775
973,950
973,972
973,996
625,624
729,706
729,728
729,752
1343,733
1343,1344
1279,1277
1279,1300
1342,689
1431,1194
1431,1430
1431,1454
1299,734
1299,1277
567,1004
567,1093
1004,787
1004,982
1004,1047
1093,744
1093,1074
1093,1091
655,766
655,1116
698,982
1134,1155
1134,1157
569,570
569,592
570,1200
570,1332
570,1397
592,593
592,615
1200,680
1332,1309
1332,1331
1397,1374
1397,1420
572,593
572,595
1417,596
593,594
593,833
595,594
595,618
595,835
596,597
596,619
597,598
622,621
622,623
642,619
642,641
775,752
775,754
775,798
776,777
776,799
1038,644
1038,1061
819,796
819,818
819,842
1322,670
1322,1300
582,1344
1344,690
1344,1367
583,1212
1212,1211
1212,1213
584,1430
584,671
1430,603
671,690
810,960
810,1270
810,1138
615,594
615,616
594,617
833,613
833,834
833,1267
617,616
617,618
617,640
618,619
618,641
835,640
835,814
835,834
598,621
598,793
621,730
793,770
793,792
793,816
644,709
644,1170
820,843
1039,1062
1039,1037
1061,1084
603,668
603,692
603,1191
668,713
668,1388
692,1256
1191,1171
1178,1177
1092,634
1092,1006
1092,1091
612,851
612,700
700,1135
700,1399
613,614
614,637
637,616
637,638
616,639
639,638
639,662
639,1398
640,641
640,663
641,664
730,707
730,731
623,624
623,971
623,1083
971,970
971,972
971,1211
1083,754
1083,1106
626,757
626,1496
626,1192
757,1214
757,1148
1496,846
1496,1519
1192,1172
1192,1193
1046,741
940,741
940,1091
634,919
634,1136
919,896
919,920
1136,899
1136,961
658,659
658,681
658,746
659,638
659,660
1289,1266
1289,1288
1289,1312
638,661
661,660
661,662
661,684
662,663
662,685
1398,1399
1398,1421
663,664
663,1528
664,685
664,752
731,754
731,1148
1170,689
1170,1345
1105,755
1105,1128
1101,992
646,1213
1213,1214
1213,1215
1432,803
1432,1455
766,767
766,789
1116,744
1116,1114
1116,1115
679,680
789,790
789,1267
1376,900
1376,1353
681,660
681,680
681,682
746,769
684,685
684,707
1528,1483
1528,1527
1528,1506
752,751
798,821
666,774
666,974
666,1017
774,751
974,951
974,975
974,997
690,756
1388,777
1388,1389
1388,1411
845,822
845,844
845,846
1257,1151
1257,1238
1257,1256
672,890
672,1366
890,867
890,889
890,891
1366,1387
1366,1389
916,962
916,960
788,1051
788,964
811,1334
811,1157
875,1181
875,1355
682,705
682,1377
682,1462
705,704
705,706
705,728
1377,745
1377,1354
1462,813
1462,1461
1462,1551
706,707
1169,1167
1169,1168
689,1345
689,992
1345,755
1345,1368
992,991
756,733
756,802
756,1301
712,1237
712,1258
712,1323
1540,780
1540,1452
1256,1236
741,1047
982,984
982,1201
1202,1201
1135,961
1399,941
1399,1401
724,725
724,1355
856,855
856,857
856,878
1156,1155
725,704
725,726
857,834
704,727
727,726
727,728
727,750
728,751
733,1125
755,1019
778,779
1062,1085
1062,1258
1237,801
1237,1260
1258,1238
1323,777
1323,801
1476,801
1476,1477
1476,1499
1126,1125
1126,1127
962,985
787,984
1047,961
854,1073
854,1378
854,1051
1355,1354
726,749
749,748
749,750
750,751
754,1018
1148,1127
1148,1149
1280,1281
1125,1123
1125,1127
734,1211
1387,736
736,1235
1235,1215
1235,1236
1157,1137
1334,855
1334,1311
1201,1177
744,1113
1113,1114
1113,1115
745,768
768,767
768,769
768,791
769,748
769,770
748,771
748,924
771,770
924,925
924,947
1018,1019
1018,1041
1019,996
1019,1020
802,779
802,1107
1301,799
1301,1194
1301,1302
1214,1195
1214,1215
765,832
832,834
832,918
767,1311
767,1006
1311,1288
1311,1310
1006,1314
791,770
791,790
791,792
795,796
795,818
777,1367
799,822
799,1410
1367,1368
1367,1390
779,780
1410,803
984,1117
984,1225
1051,918
1051,942
964,1095
964,1204
790,813
790,988
1267,876
1267,1266
813,792
813,1485
988,1379
792,815
815,814
815,816
815,838
816,817
816,839
817,818
817,840
818,841
821,822
821,844
821,1411
1107,1084
1107,1106
913,912
1270,1269
1270,1290
1138,942
1138,1119
1138,1137
812,1486
812,1247
1486,1441
1486,1467
1247,1248
1247,1268
1485,945
1485,1484
814,837
814,1551
837,838
837,860
1551,1529
1551,1530
838,839
838,861
839,840
839,862
840,841
840,863
841,842
841,864
842,843
842,865
843,844
843,866
844,867
1411,1412
1411,1434
846,847
1454,1455
1454,1477
918,961
918,1005
859,860
859,882
860,861
860,883
861,862
861,884
862,863
862,885
863,864
863,886
864,865
864,887
865,866
865,888
866,867
866,889
847,870
1268,1005
1268,1248
1005,1312
1073,1030
1073,1072
1378,1028
1378,1031
1378,1379
855,878
878,877
882,883
882,905
883,884
883,906
884,885
884,907
885,886
885,908
886,887
886,909
887,888
887,910
888,889
888,911
889,912
1042,1041
1042,1043
1042,1065
1181,1027
876,877
877,900
904,905
904,927
905,906
905,928
906,907
906,929
907,908
907,930
908,909
908,931
909,910
909,932
910,911
910,933
911,912
911,934
912,935
891,1542
1542,1519
1542,1543
896,985
985,986
943,966
898,1139
898,1183
898,1465
898,1094
1139,1137
1139,1141
1139,1159
1183,1184
1465,1007
1465,1441
1094,1027
1094,1095
899,1010
899,1160
1010,1008
1010,1009
1160,1159
1160,1161
925,926
922,921
922,1420
922,1312
926,927
926,949
927,928
927,950
928,929
928,951
929,930
929,952
930,931
930,953
931,932
931,954
932,933
932,955
933,934
933,956
934,935
934,957
920,921
921,1468
1468,965
1468,1467
1468,1487
1420,1419
947,970
949,950
949,972
950,951
951,952
952,953
952,975
953,954
953,976
954,955
954,977
955,956
955,978
956,957
956,979
941,1072
941,1292
941,1203
1072,1050
1292,1029
1292,1290
1292,1291
1203,1007
1203,1204
1203,1205
942,1225
1225,1224
966,1095
944,1423
944,963
944,1487
1423,1028
1423,1421
1423,1424
963,1466
963,1204
1487,1007
1487,1467
945,1555
1555,1533
1555,1574
975,976
975,998
976,977
976,999
977,978
978,979
978,1001
979,1002
1466,1032
1204,1205
965,1532
1532,1530
1532,1533
996,997
997,998
997,1020
998,999
998,1021
999,1022
1001,1002
1117,1115
1117,1118
1117,1119
986,987
986,1009
986,1293
987,1075
987,1161
1009,1576
1293,1031
1293,1291
1293,1313
1075,1074
1161,1159
1379,1380
1020,1021
1020,1043
1021,1022
1021,1239
1314,1313
1007,1445
1445,1425
1008,1053
1008,1159
1008,1030
1053,1032
1053,1054
1030,1337
1576,1574
1239,1129
1239,1216
1239,1262
1027,1224
1027,1114
1224,1028
1114,1115
1028,1313
1029,1205
1029,1380
1337,1336
1337,1338
1031,1421
1032,1401
1065,1240
1084,1086
1240,1217
1240,1263
1240,1346
1106,1086
1106,1104
1128,1129
1128,1151
1128,1109
1129,1152
1129,1109
1151,1149
1152,1304
1304,1281
1304,1305
1304,1302
1176,1177
1176,1309
1155,1177
1171,1172
1172,1193
1309,1308
1309,1310
1193,1216
1193,1194
1216,1217
1216,1195
1194,1217
1217,1218
1195,1218
1195,1215
1218,1241
1328,1305
1328,1327
1328,1329
1241,1264
1260,1238
1260,1261
1262,1263
1262,1285
1262,1261
1263,1264
1263,1286
1346,1326
1346,1327
1346,1348
1264,1287
1285,1286
1285,1308
1286,1287
1286,1505
1287,1288
1287,1310
1281,1282
1281,1519
1282,1305
1282,1261
1307,1308
1307,1330
1308,1331
1505,1482
1505,1504
1505,1506
1302,1303
1302,1300
1303,1326
1303,1261
1303,1325
1326,1325
1326,1327
1329,1330
1329,1352
1330,1331
1330,1353
1331,1354
1325,1348
1348,1349
1348,1369
1352,1353
1353,1354
1506,1507
1368,1369
1368,1391
1370,1369
1370,1371
1370,1393
1349,1371
1349,1372
1373,1372
1373,1374
1373,1396
1390,1389
1390,1391
1390,1413
1369,1392
1391,1392
1391,1414
1392,1393
1392,1371
1371,1372
1393,1394
1372,1395
1395,1394
1395,1396
1395,1440
1396,1419
1389,1412
1412,1413
1412,1435
1413,1414
1413,1436
1414,1437
1394,1440
1434,1435
1434,1457
1435,1436
1435,1458
1436,1437
1436,1459
1437,1438
1437,1460
1438,1461
1455,1456
1455,1478
1456,1457
1456,1479
1457,1458
1457,1480
1458,1459
1458,1481
1459,1460
1459,1482
1460,1461
1460,1483
1461,1484
1477,1478
1477,1500
1478,1479
1478,1501
1479,1480
1479,1502
1480,1481
1480,1503
1481,1482
1481,1504
1482,1483
1483,1484
1499,1500
1499,1522
1500,1501
1500,1523
1501,1502
1501,1524
1502,1503
1502,1525
1503,1504
1503,1526
1504,1527
1521,1522
1521,1544
1522,1523
1522,1545
1523,1524
1523,1546
1524,1525
1524,1547
1525,1526
1525,1548
1526,1527
1543,1544
1544,1545
1545,1546
1546,1547
1547,1548
1054,1074
1086,1088
1086,1109
1088,1109
1104,1123
1118,1119
1118,1137
1119,1121
1121,1141
1149,1168
1165,1184
1167,1168
1236,1238
1248,1269
1253,1274
1269,1290
1290,1291
1336,1338
1424,1425
1529,1530
1529,1552
1530,1552
1572,1574
