0,803
0,1410
0,718
0,1538
803,804
803,801
803,824
1410,1409
1410,1411
1410,1432
718,44
718,151
718,784
1538,84
1538,257
1538,760
1,24
1,131
1,1040
1,781
24,47
24,1063
24,1085
131,110
131,198
131,1023
1040,1017
1040,1041
1040,1018
781,261
781,780
781,782
2,3
2,25
2,1064
2,1563
3,4
3,26
3,1564
25,48
25,1174
25,1563
1064,1041
1064,1065
1064,1087
1563,1152
1563,1564
4,5
4,27
4,1565
26,49
26,1173
26,1219
1564,45
1564,1565
5,28
5,1351
5,1566
27,28
27,50
27,1196
1565,1542
1565,1566
28,29
28,51
1351,1350
1351,1352
1351,1374
1566,1543
1566,1567
6,7
6,29
6,1439
6,1567
7,8
7,30
7,1568
29,30
29,52
1439,1438
1439,1440
1439,1395
1567,1544
1567,1568
8,9
8,31
8,1569
30,31
30,53
1568,1545
1568,1569
9,10
9,32
9,1570
31,54
31,703
1569,1546
1569,1570
10,11
10,1550
10,1571
32,55
32,878
32,1574
1570,575
1570,1547
11,747
11,989
11,1032
1550,1332
1550,1527
1550,1573
1571,1396
1571,1507
1571,1548
747,724
747,726
747,746
989,34
989,143
989,987
1032,210
1032,1031
1032,1033
12,836
12,1442
12,1573
12,1423
836,837
836,857
836,859
1442,33
1442,856
1442,1419
1573,122
1573,1397
1423,1402
1423,1421
1423,1422
13,1444
13,1009
13,1422
13,1402
1444,1425
1444,1445
1444,1446
1009,986
1009,1010
1009,1029
1422,1402
1422,1421
1402,1401
14,1335
14,101
14,1534
14,1446
1335,57
1335,1312
1335,1358
101,1552
101,1207
101,1055
1534,18
1534,59
1534,1513
1446,16
1446,145
15,1162
15,1535
15,1492
15,1008
1162,1160
1162,1161
1162,1163
1535,455
1535,476
1535,520
1492,278
1492,389
1492,390
1008,985
1008,1031
1008,988
16,1489
16,38
16,1163
1489,38
1489,1469
1489,1488
38,1293
38,168
1163,1161
1163,1164
17,123
17,300
17,189
17,104
123,100
123,122
123,146
300,606
300,1558
300,433
189,1229
189,1315
189,1230
104,1295
104,1228
104,389
18,127
18,1338
18,1360
127,607
127,564
127,173
1338,341
1338,1336
1338,1337
1360,1359
1360,1362
1360,1380
19,651
19,673
19,413
19,1557
651,301
651,609
651,1540
673,587
673,627
673,1515
413,42
413,632
413,762
1557,125
1557,367
1557,1536
20,780
20,670
20,696
20,1342
780,779
780,778
670,515
670,628
670,1364
696,346
696,348
696,477
1342,475
1342,585
1342,1343
21,1366
21,846
21,171
21,454
1366,1343
1366,1389
1366,1365
846,845
846,847
846,824
171,1493
171,694
171,433
454,212
454,299
454,1447
22,761
22,1495
22,869
22,1345
761,129
761,240
761,1518
1495,649
1495,1496
1495,1453
869,284
869,868
869,870
1345,646
1345,1170
1345,1368
23,46
23,1021
23,1107
23,1260
46,45
46,47
46,69
1021,998
1021,1020
1021,1022
1107,1084
1107,1106
1107,1259
1260,1237
1260,1283
1260,1258
47,48
47,70
1063,66
1063,1061
1063,1214
1085,1062
1085,1108
1085,1130
48,49
48,71
1174,286
1174,1151
1174,1197
49,50
49,72
1173,1172
1173,1196
1173,1171
1219,286
1219,1218
1219,1220
50,51
50,73
1196,156
1196,1328
51,52
51,74
52,53
52,75
53,54
53,76
54,55
54,77
703,680
703,683
703,704
55,56
55,251
878,855
878,877
878,879
1574,944
1574,1117
1574,1554
33,858
33,1033
33,1463
858,317
858,859
858,879
1033,296
1033,1034
1463,441
1463,1440
1463,1484
34,1356
34,1052
34,923
1356,1355
1356,1357
1356,1337
1052,102
1052,1050
1052,1051
923,900
923,902
923,922
35,857
35,1424
35,901
35,1487
857,834
857,856
1424,103
1424,1425
1424,1426
901,925
901,1551
901,899
1487,1464
1487,1468
1487,1486
36,148
36,1466
36,1271
36,168
148,1472
148,1208
148,452
1466,1140
1466,1443
1466,1445
1271,233
1271,1270
1271,1272
168,1576
168,1401
37,1383
37,1227
37,1340
37,1358
1383,190
1383,345
1383,1382
1227,1228
1227,1247
1227,1248
1340,452
1340,583
1340,1359
1358,57
1358,1381
1293,124
1293,1291
1293,1292
39,541
39,1429
39,1556
39,1297
541,64
541,652
541,1321
1429,1427
1429,1452
1429,1453
1556,59
1556,102
1556,126
1297,388
1297,581
1297,1276
40,1516
40,565
40,260
40,1580
1516,343
1516,516
1516,586
565,85
565,415
565,1559
260,262
260,435
260,1561
1580,82
1580,517
1580,672
41,1386
41,1579
41,1407
41,1474
1386,43
1386,690
1386,1365
1579,83
1579,409
1579,585
1407,736
1407,1387
1407,1409
1474,519
1474,1453
1474,1497
42,561
42,498
42,1497
561,1451
561,625
561,1210
498,195
498,1471
498,544
1497,1517
1497,1518
43,543
43,652
43,693
543,65
543,433
543,676
652,196
652,738
693,1541
693,1364
693,1539
44,804
44,1433
44,737
804,760
804,827
1433,1432
1433,1434
1433,1456
737,519
737,714
737,825
45,68
45,1475
68,67
68,69
68,91
1475,694
1475,759
1475,1498
69,70
69,92
70,71
70,93
71,72
71,94
72,73
72,95
73,74
73,96
74,75
74,97
75,76
75,98
76,77
76,99
77,100
77,1509
56,57
56,79
56,1076
251,250
251,252
251,274
57,1508
79,102
79,1012
79,1076
1076,211
1076,275
1508,78
1508,1507
1508,1509
58,81
58,1404
58,1139
58,1141
81,82
81,258
81,213
1404,146
1404,149
1404,1381
1139,1207
1139,1312
1139,1119
1141,231
1141,1142
1141,1143
59,342
59,1536
342,147
342,319
342,451
1536,1517
1536,1537
60,170
60,257
60,1448
60,1470
170,147
170,151
170,193
257,256
257,280
1448,61
1448,388
1448,429
1470,410
1470,455
1470,1468
61,366
61,1577
61,1315
366,214
366,474
366,1295
1577,80
1577,191
1577,1575
1315,232
1315,321
62,1339
62,151
62,717
62,1582
1339,301
1339,385
1339,453
151,152
717,564
717,715
717,806
1582,194
1582,1540
1582,1560
63,607
63,759
63,1384
63,194
607,478
607,1493
759,692
759,1322
1384,584
1384,1295
1384,1406
194,1539
194,392
64,1450
64,196
64,521
1450,82
1450,367
1450,716
196,1541
196,868
521,282
521,827
521,783
65,564
65,476
65,1561
564,542
476,522
476,1583
1561,129
1561,674
66,67
66,89
66,153
67,90
67,1108
89,88
89,90
89,112
153,132
153,152
153,479
90,91
90,113
1108,157
1108,1131
91,92
91,114
92,93
92,115
93,94
93,116
94,95
94,117
95,96
95,118
96,97
96,119
97,98
97,120
98,99
98,121
99,100
99,900
100,900
1509,1488
1509,1507
78,793
78,1183
78,1248
793,770
793,792
793,816
1183,1164
1183,1181
1183,1182
1248,1247
1248,1249
102,1403
1012,404
1012,1011
1012,1035
80,1511
80,1056
80,1555
1511,121
1511,1490
1511,1510
1056,144
1056,1054
1056,1057
1555,1554
1555,1575
1555,1576
82,387
258,256
258,281
258,1578
213,212
213,214
213,364
387,302
387,386
387,1558
83,106
83,126
83,412
106,107
106,237
106,1513
126,125
126,1251
412,370
412,500
412,1515
84,108
84,1405
84,762
108,107
108,109
108,1473
1405,169
1405,364
1405,386
762,479
762,501
85,563
85,1517
85,501
563,109
563,648
563,1452
1517,1518
501,389
501,524
86,1541
86,432
86,740
86,150
1541,691
432,321
432,605
432,584
740,173
740,437
740,741
150,152
150,695
150,1539
87,304
87,1476
87,827
87,1562
304,239
304,303
304,850
1476,1477
1476,1499
1476,1453
827,369
1562,738
1562,1540
1562,1583
88,109
88,805
88,847
109,716
805,215
805,371
805,478
847,848
847,870
112,111
112,113
112,135
113,114
113,136
114,115
114,137
115,116
115,138
116,117
116,139
117,118
117,140
118,119
118,141
119,120
119,142
120,121
120,143
121,122
900,877
1552,1551
1552,1553
1552,1554
1207,232
1207,1186
1055,187
1055,946
1055,1054
1403,386
1403,1229
1403,1380
103,365
103,1558
103,1514
365,497
365,1121
365,1490
1558,1537
1514,278
1514,368
1514,429
1295,235
1228,144
1228,1209
389,212
105,1316
105,586
105,496
105,1491
1316,1294
1316,1314
1316,1318
586,522
586,585
496,495
496,542
496,647
1491,298
1491,367
1491,1472
107,783
107,671
237,214
237,238
237,1493
1513,1532
1513,1533
783,500
783,782
671,1341
671,1432
671,1300
1473,128
1473,713
1473,715
716,456
716,1494
110,111
110,133
110,1131
111,134
111,1283
133,132
133,134
133,156
1131,267
1131,1154
134,135
134,157
1283,1282
1283,1284
135,136
135,158
136,137
136,159
137,138
137,160
138,139
138,161
139,140
139,162
140,141
140,163
141,142
141,164
142,143
142,165
143,1143
122,164
164,163
164,187
146,145
146,147
124,125
124,1317
124,1206
125,1449
1317,297
1317,320
1317,364
1206,1186
1206,1205
1206,1226
1449,149
1449,191
1449,629
1251,1250
1251,1249
1251,1270
173,629
173,588
128,650
128,236
128,323
650,174
650,627
650,1431
236,282
236,343
236,1471
323,520
323,1512
323,1451
129,736
129,414
736,672
736,1323
414,391
414,739
414,983
130,806
130,913
130,609
130,739
806,459
806,807
913,912
913,914
913,936
609,589
609,873
739,172
739,720
198,199
198,219
198,980
1023,1022
1023,1024
1023,1000
132,892
132,1045
892,697
892,891
892,893
1045,176
1045,1022
1045,1044
156,179
156,1067
157,180
157,1259
158,159
158,181
158,1130
159,160
159,182
160,161
160,183
161,162
161,184
162,163
162,185
163,186
165,188
165,965
165,1553
1143,320
1143,1142
144,145
144,1381
145,1231
1381,277
1231,431
1231,540
1231,1233
147,1142
1142,406
1472,235
1472,538
1208,234
1208,275
1208,406
452,1232
452,1230
149,390
149,457
390,344
390,676
457,808
457,675
457,786
152,738
695,259
695,369
695,1496
1539,1537
738,1430
479,215
479,524
154,155
154,175
154,177
154,1175
155,178
155,1369
155,1415
175,174
175,1024
175,1520
177,176
177,178
177,200
1175,1152
1175,1176
1175,1198
178,179
178,201
1369,1368
1369,1370
1369,1392
1415,1414
1415,1416
1415,1438
179,180
179,202
1067,1066
1067,1068
1067,1198
180,181
180,203
1259,1258
1259,1261
181,182
181,204
1130,199
1130,1153
182,183
182,205
183,184
183,206
184,185
184,207
185,186
185,208
186,187
186,686
187,210
188,166
188,211
188,1250
965,945
965,964
965,988
1553,1533
1553,1554
166,233
166,1336
166,1120
233,210
233,232
1336,1314
1336,1337
1120,966
1120,1185
1120,1118
167,209
167,319
167,988
167,1230
209,208
209,210
209,1140
319,536
319,948
988,1007
1230,450
1576,1575
1576,1578
1401,1399
1401,1400
169,475
169,1385
169,364
475,474
475,587
1385,453
1385,629
1385,1365
193,216
193,1581
193,345
1493,539
694,627
694,802
433,1537
172,347
172,606
172,367
347,218
347,392
347,502
606,455
606,1515
629,868
588,477
588,698
588,937
174,197
174,240
197,176
197,826
197,1066
240,239
240,241
1024,568
1024,1001
1520,1519
1520,1521
1520,1543
176,958
958,935
958,957
958,959
200,199
200,201
200,223
201,202
201,224
202,203
202,225
203,204
203,226
204,205
204,227
205,206
205,228
206,207
206,229
207,208
207,230
208,339
686,663
686,685
686,709
211,212
211,234
1250,1249
1250,1269
1229,297
1229,1209
190,191
190,322
190,1075
191,214
322,1252
322,1494
322,518
1075,1074
1075,1077
1075,1094
192,259
192,1512
192,499
192,1426
259,458
259,1559
1512,344
1512,1510
499,303
499,435
499,628
1426,324
1426,1425
216,217
216,610
216,608
1581,430
1581,604
1581,649
345,1428
345,453
392,610
392,456
195,848
195,217
195,631
848,263
848,849
217,218
217,566
631,545
631,936
631,1560
868,867
826,608
826,825
826,849
1066,1043
1066,1065
199,1110
219,218
219,915
219,1089
980,957
980,979
980,981
1110,1087
1110,1111
1110,1133
223,222
223,224
223,246
224,225
224,247
225,226
225,248
226,227
226,249
227,228
227,250
228,229
228,880
229,230
229,252
230,231
230,253
339,316
339,338
339,340
1140,1185
1140,1138
234,1121
234,474
215,326
215,782
326,303
326,325
326,327
782,415
610,436
610,674
608,522
608,562
218,241
566,302
566,481
566,675
241,220
241,1132
915,284
915,914
915,916
1089,375
1089,438
1089,1112
220,221
220,243
220,1111
221,222
221,265
221,1044
243,242
243,244
243,266
1111,483
1111,547
222,244
222,245
265,264
265,266
265,288
1044,1043
1044,1087
244,245
244,1199
245,246
245,268
246,247
246,269
247,248
247,270
248,249
248,271
249,250
249,272
250,273
880,881
880,903
880,924
252,253
252,773
231,232
231,295
253,254
253,276
295,294
295,296
295,512
1121,1119
1121,1122
474,518
235,1296
235,1427
1296,494
1296,1273
1296,1319
1427,562
1427,1425
282,871
282,674
343,341
343,473
1471,344
1471,520
238,239
238,654
238,500
239,477
654,391
654,525
654,1049
500,1560
477,410
1132,307
1132,397
1132,1133
242,263
242,395
242,936
263,262
263,305
395,372
395,374
395,396
936,935
266,267
266,289
1199,1198
1199,1200
1199,1222
268,267
268,269
268,291
269,270
269,292
270,271
270,293
271,272
271,294
272,273
272,968
273,274
273,296
274,275
274,579
773,750
773,774
773,796
254,255
254,1053
254,1164
276,275
276,277
276,299
255,256
255,1253
255,429
1053,856
1053,1272
1053,1051
1164,1144
256,279
1253,1232
1253,1252
1253,1341
429,1210
279,278
279,280
279,302
280,281
280,303
281,283
281,478
1578,321
1578,324
458,437
458,1026
458,719
1559,301
1559,456
262,1069
262,1047
435,1047
435,719
261,285
261,368
261,630
285,264
285,284
285,547
368,431
368,455
630,327
630,545
630,828
1069,438
1069,962
1069,1068
1047,763
1047,1028
305,306
305,328
305,849
264,287
264,482
287,286
287,288
287,310
482,459
482,483
482,505
288,289
288,311
267,290
289,290
289,312
290,291
290,313
291,292
291,314
292,293
292,315
293,294
293,316
294,317
968,967
968,969
968,991
296,297
579,556
579,602
579,819
277,278
277,517
299,411
299,1382
517,1255
517,1322
302,325
283,784
283,764
283,982
478,720
871,546
871,870
871,872
674,653
784,434
784,698
764,587
764,741
764,787
982,1004
982,1027
982,1028
284,1026
1026,1025
1026,1158
547,699
547,657
286,307
307,306
307,393
310,309
310,311
310,333
311,312
311,334
312,313
312,335
313,314
313,336
314,315
314,337
315,316
315,338
316,317
317,383
512,489
512,511
512,513
297,990
990,991
990,1011
990,1013
298,430
298,1165
298,1382
430,1515
430,1187
1165,471
1165,1144
1165,1145
1382,388
411,301
411,344
411,434
325,348
325,434
850,525
850,655
850,851
306,329
306,981
328,327
328,329
328,873
849,546
329,308
329,330
981,480
981,526
393,416
393,742
393,852
308,309
308,331
308,1306
309,332
309,1416
331,330
331,332
331,354
1306,1305
1306,1307
1306,1329
332,333
332,355
1416,1393
1416,1417
333,334
333,356
334,335
334,357
335,336
335,358
336,337
336,359
337,338
337,360
338,361
383,382
383,384
383,1080
318,407
318,1035
318,1036
318,666
407,1255
407,516
407,426
1035,538
1035,558
1036,362
1036,451
1036,492
666,514
666,1125
666,1102
536,647
536,1034
536,1234
948,925
948,947
948,949
320,449
320,1428
449,448
449,1167
449,1187
1428,495
1428,562
321,341
341,1211
1252,473
1252,1275
1494,346
1494,649
518,408
518,409
520,540
1451,628
1451,648
324,1447
324,675
1447,410
1447,1445
675,697
348,349
348,371
434,567
327,350
350,349
350,351
350,373
873,872
873,874
330,351
330,353
351,1197
351,1241
353,352
353,354
353,376
354,355
354,377
355,356
355,378
356,357
356,379
357,358
357,380
358,359
358,381
359,360
359,578
360,491
360,710
361,362
361,381
361,881
340,1273
340,1254
340,1166
1273,473
1273,1185
1254,1191
1254,1275
1254,1277
1166,382
1166,428
1166,669
1211,626
1211,692
1211,735
451,584
451,495
473,1146
453,1361
346,497
346,628
497,1452
497,1406
502,525
502,807
502,1112
349,372
349,1070
371,394
371,720
372,373
372,1003
1070,352
1070,590
1070,1046
373,352
373,374
1197,1153
1197,1220
1241,1218
1241,1242
1241,1264
352,375
375,376
375,398
376,377
376,399
377,378
377,400
378,379
378,401
379,380
379,402
380,381
380,403
381,404
578,513
578,555
578,601
491,405
491,490
491,602
710,733
710,1037
710,1256
362,1058
362,493
881,882
881,904
1058,450
1058,689
1058,1081
493,1124
493,1276
493,1189
363,1209
363,1188
363,1099
363,1077
1209,1189
1188,409
1188,583
1188,1186
1099,1097
1099,1098
1099,1101
1077,1057
1077,1078
1490,1488
1490,1510
431,560
431,1406
369,519
369,611
519,1408
611,699
611,1005
611,1027
370,632
370,481
370,760
632,416
632,1048
481,567
481,698
760,891
394,417
394,589
394,893
720,959
1003,569
1003,613
1003,1002
374,397
374,484
397,398
397,420
484,485
484,505
484,507
398,399
398,421
399,400
399,422
400,401
400,423
401,402
401,424
402,403
402,425
403,404
403,708
404,405
382,753
382,946
753,645
753,730
753,776
946,947
946,967
384,385
384,1361
384,427
1080,580
1080,623
1080,1079
385,386
385,428
1361,472
1361,1359
427,1144
427,1100
427,1078
428,1103
428,1100
388,1318
1318,538
1318,1298
676,634
676,678
391,786
391,523
786,461
786,503
523,653
523,1049
523,721
456,544
416,439
416,438
742,765
742,1068
742,1048
852,851
852,853
852,875
417,418
417,1025
417,504
589,937
589,1071
893,870
893,894
396,419
396,1221
396,1350
419,418
419,420
419,442
1221,1220
1221,1222
1221,1244
1350,1349
1350,1373
420,421
420,443
421,422
421,444
422,423
422,445
423,424
423,446
424,425
424,447
425,601
425,1013
708,685
708,707
708,709
405,406
405,971
406,1319
971,646
971,970
971,972
1319,539
1319,1320
1255,1235
1255,1256
516,1169
516,1341
426,645
426,689
426,1145
408,1408
408,603
408,1363
1408,1387
1408,1388
603,627
603,1236
603,1169
1363,559
1363,1362
1363,1364
409,626
626,755
626,648
410,672
672,890
983,504
983,524
983,723
415,653
415,940
653,590
940,722
940,917
940,963
439,418
439,440
439,1198
438,548
418,441
1025,1002
1025,1068
504,1048
504,1180
441,442
441,464
442,443
442,465
443,444
443,466
444,445
444,467
445,446
445,468
446,447
446,683
447,448
447,711
601,1039
601,1061
1013,534
1013,1014
645,777
645,1038
689,559
689,1343
1145,1144
1145,1147
1100,470
1100,1098
1078,1057
1078,1059
1103,537
1103,624
1103,734
1210,559
1210,582
1187,558
1187,581
560,540
560,580
560,1146
1406,542
605,542
605,648
605,1430
584,1430
567,808
567,829
719,460
719,916
436,459
436,829
436,697
459,635
829,828
829,830
697,809
437,526
437,938
526,503
526,549
938,937
938,939
938,961
548,525
548,571
548,701
440,463
440,1135
440,1375
463,462
463,464
463,486
1135,636
1135,1112
1135,1246
1375,1352
1375,1374
1375,1376
464,465
464,487
465,466
465,488
466,467
466,489
467,468
467,490
468,469
468,794
683,660
683,706
448,1016
448,581
711,688
711,1344
711,1321
1016,557
1016,993
1016,1039
581,1275
1167,471
1167,600
1167,667
450,1081
450,471
1081,735
1081,1104
471,1212
495,1274
1232,582
1232,1233
544,522
544,721
808,807
808,831
635,658
635,895
635,961
460,1090
460,1136
460,1092
1090,1046
1090,1088
1090,1113
1136,678
1136,745
1136,1116
1092,591
1092,1046
1092,1072
461,723
461,1134
461,1005
723,746
723,1333
1134,743
1134,1115
1134,1133
1005,612
1005,677
462,483
462,485
462,1242
483,1114
485,486
485,508
1242,549
1242,1265
486,487
486,509
487,488
487,510
488,489
488,511
489,490
490,772
469,513
469,1037
469,514
794,771
794,795
794,817
513,667
1037,1014
1037,1060
514,472
514,1146
470,1124
470,1014
470,1122
1124,1105
1124,1123
1014,991
1122,1102
1122,1123
1212,580
1212,600
1212,1190
472,1101
472,1320
1101,600
1101,687
1320,1343
1320,1298
1146,583
587,1583
524,960
480,765
480,787
480,678
765,680
765,766
787,568
787,788
678,700
698,763
505,612
505,1091
1114,633
1114,721
1114,1093
507,506
507,508
507,530
508,509
508,531
509,510
509,532
510,511
510,533
511,534
772,749
772,771
772,795
602,625
602,798
492,969
492,1082
492,1079
969,970
969,992
1082,515
1082,644
1082,1105
1079,625
1079,667
1276,1274
1276,1278
1189,494
1189,1190
494,690
494,1299
690,801
690,1191
1299,537
1299,1279
1299,1298
1274,1272
1274,1294
647,1321
647,1452
1560,1540
807,830
1112,503
503,872
872,613
1048,699
1180,744
1180,1179
1180,1181
612,1006
612,828
1091,633
1091,634
1091,722
506,527
506,529
506,1333
527,528
527,1243
527,1418
529,528
529,530
529,552
1333,1310
1333,1506
530,531
530,553
531,532
531,554
532,533
532,555
533,534
533,556
534,557
667,688
515,754
515,1277
754,643
754,1059
754,1015
1277,582
1277,1300
1169,1149
1169,1171
1341,585
1322,1302
1322,1321
540,1362
1049,590
1049,1029
721,1157
960,763
960,959
960,961
549,550
549,1398
528,551
528,1311
1243,1220
1243,1244
1243,1266
1418,1417
1418,1419
1418,1394
551,550
551,552
551,574
1311,1288
1311,1310
1311,1334
552,553
552,575
553,554
553,576
554,555
554,577
555,556
556,973
557,974
557,1234
535,599
535,665
535,797
535,995
599,576
599,598
599,622
665,642
665,664
665,798
797,774
797,796
797,820
995,972
995,994
995,1018
1034,1015
1034,1054
1234,1233
1234,1257
537,800
537,1191
800,580
800,801
800,823
1191,1062
538,820
820,668
820,843
539,1496
539,562
1496,1519
1362,1364
545,896
545,939
896,895
896,919
896,785
939,916
939,962
546,656
546,763
656,657
656,679
656,789
699,633
657,984
657,1137
571,550
571,572
571,1417
701,724
701,1156
701,1420
550,573
1398,639
1398,1379
1398,1399
573,572
573,574
573,596
574,575
574,597
575,576
576,577
577,622
577,731
973,950
973,972
973,996
974,951
974,975
974,997
558,668
558,1170
668,644
668,1214
1170,756
1170,758
559,1278
1278,1279
1278,1280
625,624
568,591
568,916
591,592
591,1050
569,570
569,592
569,1268
570,1200
570,1289
570,919
592,593
592,615
1268,1267
1268,1269
1268,1270
1200,1177
1200,1223
1289,1266
1289,1288
1289,1312
919,722
919,920
572,593
572,595
1417,596
593,594
593,833
595,594
595,618
595,835
596,597
596,619
597,598
597,1572
622,621
622,623
731,709
731,730
731,732
819,796
819,818
819,842
1275,583
582,1344
1344,712
1344,1367
1430,1431
937,914
1071,1051
1071,1072
1071,1073
590,1004
1004,1006
1004,1027
1050,1029
1050,1051
615,594
615,614
615,616
594,617
833,613
833,832
833,834
617,616
617,618
617,640
618,619
618,641
835,640
835,814
835,834
619,620
619,642
598,621
598,687
621,620
621,644
687,624
687,994
600,755
755,732
755,1171
1039,691
1039,1062
1061,1038
1061,1084
798,775
798,821
1236,1235
1236,1237
1236,1238
604,1365
604,1168
604,1147
1168,691
1168,757
1168,1148
1147,1126
1147,1127
1027,741
1006,677
1006,722
828,851
613,614
614,637
614,812
637,616
637,636
637,638
812,682
812,810
812,811
616,639
639,638
639,662
640,641
640,663
641,642
641,664
620,1549
642,643
1549,1485
1549,1526
1549,1548
644,643
623,624
623,1083
1083,1060
1083,1106
1083,1084
633,1157
1157,1137
1157,1155
634,1159
634,677
1159,1158
1159,1160
1159,1161
677,895
658,659
658,681
658,746
895,894
961,984
636,659
636,789
659,638
659,660
789,788
789,790
638,661
661,660
661,662
661,684
662,663
662,685
663,664
664,752
643,1102
1102,1104
777,776
777,778
777,799
1038,757
1038,1015
646,1123
646,1104
1123,1125
1104,1127
649,757
757,1213
1431,1194
1431,1454
655,766
655,894
655,959
766,767
766,1225
894,917
679,680
679,702
679,917
984,1007
984,964
1137,1118
1137,1138
681,660
681,680
681,682
746,769
684,685
684,707
684,879
752,729
752,751
752,775
1125,712
1125,1126
688,1256
688,1190
1214,1105
1214,1195
669,845
669,1454
669,692
845,822
845,844
1454,1455
1454,1477
692,1300
1432,1455
1300,1323
890,867
890,889
890,891
700,1204
700,1113
700,1073
702,725
702,853
702,942
917,741
682,705
682,1462
705,704
705,706
705,728
1462,1461
1462,1551
1462,1441
706,707
706,729
707,730
879,877
709,732
994,993
994,1017
1256,1257
1190,1192
801,823
691,1017
1017,996
802,714
802,779
802,825
809,785
809,788
809,810
1204,1184
1204,1202
1204,1203
1113,1093
1113,1115
1073,1072
1073,1074
724,725
724,1117
1156,1133
1156,1155
1156,1179
1420,1397
1420,1419
1420,1443
725,704
725,726
853,830
853,854
942,918
942,941
942,943
704,727
727,726
727,728
727,750
728,729
728,751
729,730
732,733
733,756
733,1148
712,1367
712,1126
1367,1368
1367,1390
1126,1127
713,1498
713,715
713,1280
1498,1499
1498,1521
715,758
1280,1281
1280,1279
714,821
714,778
821,822
821,844
778,779
758,1542
758,1106
1117,1115
1117,1116
726,749
749,748
749,750
750,751
751,774
756,779
756,1213
1148,1149
1148,1150
734,1409
734,1149
734,1258
1409,1387
1149,1150
1258,1062
735,1019
735,1518
1019,996
1019,1018
1019,1020
1323,1324
1323,1302
825,824
743,985
743,962
743,1178
985,962
985,986
1178,744
1178,1177
1178,1179
744,1007
744,832
1007,1030
832,831
832,810
745,768
745,1158
745,1313
768,767
768,769
768,791
1158,1138
1313,1290
1313,1291
1313,1294
769,748
769,770
748,771
748,924
771,770
924,925
924,947
774,775
775,776
776,799
1059,1057
1059,1060
1015,992
1171,1172
1213,1215
1213,1233
1542,1519
1542,1543
1106,1086
891,914
767,790
767,788
1225,1224
1225,1226
1225,1205
790,791
790,813
791,770
791,792
795,796
795,818
799,822
799,1060
813,792
813,814
813,811
792,815
815,814
815,816
815,838
816,817
816,839
817,818
817,840
818,841
822,823
830,831
831,785
814,837
837,838
837,860
838,839
838,861
839,840
839,862
840,841
840,863
841,842
841,864
842,843
842,865
843,844
843,866
844,867
823,824
851,874
834,811
859,860
859,882
860,861
860,883
861,862
861,884
862,863
862,885
863,864
863,886
864,865
864,887
865,866
865,888
866,867
866,889
874,875
874,897
875,876
875,854
854,855
854,876
855,856
855,1334
1334,1314
1334,1332
882,883
882,905
883,884
883,906
884,885
884,907
885,886
885,908
886,887
886,909
887,888
887,910
888,889
888,911
889,912
897,920
897,785
897,898
876,877
876,1246
1246,1245
1246,1247
903,902
903,904
903,926
904,905
904,927
905,906
905,928
906,907
906,929
907,908
907,930
908,909
908,931
909,910
909,932
910,911
910,933
911,912
911,934
912,935
920,921
920,943
925,926
1551,1530
902,922
902,1011
922,921
922,1400
1011,1010
926,927
926,949
927,928
927,950
928,929
928,951
929,930
929,952
930,931
930,953
931,932
931,954
932,933
932,955
933,934
933,956
934,935
934,957
921,898
921,899
943,966
943,941
1400,1377
1400,1399
947,970
949,950
949,972
950,951
951,952
952,953
952,975
953,954
953,976
954,955
954,977
955,956
955,978
956,957
956,979
963,986
963,1223
963,941
966,967
966,1485
944,967
944,945
944,964
970,993
975,976
975,998
976,977
976,999
977,978
977,1000
978,979
978,1001
979,1002
986,987
1223,1222
1223,1224
1485,1484
1485,1464
991,992
992,993
996,997
997,998
997,1020
998,999
999,1000
999,1022
1000,1001
1001,1002
987,1443
987,945
1443,1441
1018,1041
1020,1043
1030,1031
1030,1010
1030,1028
1031,1010
1041,1042
1043,1042
1042,1065
1042,1084
1065,1240
1087,1086
1272,1292
1240,1217
1240,1263
1240,1346
1105,1128
1127,1150
1128,1129
1128,1151
1128,1109
1185,1184
1150,1151
1129,1152
1129,1239
1129,1109
1151,1257
1152,1304
1239,1216
1239,1262
1239,1238
1153,1176
1153,1154
1154,1155
1154,1177
1312,1290
1257,1238
1304,1281
1304,1303
1304,1305
1176,1177
1176,1309
1155,1201
1179,1160
1172,1192
1172,1193
1309,1308
1309,1310
1309,1332
1193,1216
1193,1192
1193,1195
1216,1217
1216,1215
1194,1217
1194,1301
1194,1192
1217,1218
1301,1302
1301,1324
1301,1303
1195,1218
1195,1215
1328,1305
1328,1327
1328,1329
1222,1245
1244,1245
1244,1267
1245,1247
1224,1205
1224,1226
1226,1249
1237,1235
1237,1238
1262,1263
1262,1285
1262,1261
1263,1264
1263,1286
1346,1326
1346,1327
1346,1347
1264,1265
1264,1287
1265,1266
1265,1288
1266,1267
1285,1284
1285,1286
1285,1308
1286,1287
1286,1505
1287,1288
1287,1310
1267,1269
1281,1282
1281,1519
1282,1305
1282,1261
1284,1307
1284,1261
1307,1308
1307,1330
1308,1331
1505,1482
1505,1504
1505,1506
1302,1303
1324,1325
1324,1347
1303,1326
1326,1325
1326,1327
1329,1330
1329,1352
1330,1331
1330,1353
1331,1332
1331,1354
1325,1348
1325,1327
1347,1348
1347,1370
1348,1349
1348,1371
1352,1353
1353,1354
1353,1376
1354,1355
1354,1377
1506,1507
1506,1528
1368,1391
1370,1371
1370,1393
1349,1371
1349,1372
1373,1372
1373,1374
1373,1396
1374,1397
1376,1355
1376,1377
1355,1357
1377,1378
1357,1380
1357,1337
1380,1378
1389,1388
1389,1390
1389,1412
1390,1391
1390,1413
1391,1392
1391,1414
1392,1393
1392,1394
1371,1372
1393,1394
1372,1395
1395,1394
1395,1396
1396,1419
1397,1378
1388,1411
1388,1387
1411,1412
1411,1434
1412,1413
1412,1435
1413,1414
1413,1436
1414,1437
1434,1435
1434,1457
1435,1436
1435,1458
1436,1437
1436,1459
1437,1438
1437,1460
1438,1461
1455,1456
1455,1478
1456,1457
1456,1479
1457,1458
1457,1480
1458,1459
1458,1481
1459,1460
1459,1482
1460,1461
1460,1483
1461,1484
1440,1421
1440,1441
1477,1478
1477,1500
1478,1479
1478,1501
1479,1480
1479,1502
1480,1481
1480,1503
1481,1482
1481,1504
1482,1483
1483,1484
1483,1528
1499,1500
1499,1522
1500,1501
1500,1523
1501,1502
1501,1524
1502,1503
1502,1525
1503,1504
1503,1526
1504,1527
1528,1527
1528,1529
1521,1522
1521,1544
1522,1523
1522,1545
1523,1524
1523,1546
1524,1525
1524,1547
1525,1526
1525,1548
1526,1527
1543,1544
1544,1545
1545,1546
1546,1547
1547,1548
810,811
898,899
898,918
899,918
918,941
945,964
1028,1029
1046,1088
1054,1074
1072,1074
1086,1088
1086,1109
1088,1109
1093,1094
1093,1095
1094,1095
1094,1096
1095,1096
1095,1097
1096,1097
1096,1098
1097,1098
1115,1116
1116,1118
1118,1119
1119,1138
1160,1161
1181,1182
1181,1201
1182,1184
1182,1202
1184,1186
1201,1202
1201,1203
1202,1203
1203,1205
1215,1235
1269,1270
1279,1298
1290,1291
1290,1292
1291,1292
1294,1314
1359,1379
1378,1379
1379,1399
1421,1441
1445,1465
1464,1465
1464,1486
1465,1467
1465,1486
1467,1468
1467,1469
1467,1486
1468,1469
1469,1488
1510,1529
1529,1530
1529,1531
1530,1531
1530,1532
1531,1532
1531,1533
1532,1533
