0,803
0,628
0,65
0,1410
803,804
803,1410
803,1432
628,301
628,1538
628,1429
65,649
65,1453
65,1583
1410,626
1410,799
1,24
1,131
1,823
1,1040
24,47
24,1063
24,1085
131,110
131,262
131,1023
823,87
823,822
823,1280
1040,996
1040,1017
1040,1041
2,3
2,25
2,1064
2,1563
3,4
3,26
3,1564
25,48
25,1174
25,1563
1064,1041
1064,1065
1064,1087
1563,1152
1563,1564
4,5
4,27
4,1565
26,49
26,1173
26,1219
1564,45
1564,1565
5,28
5,1351
5,1566
27,28
27,50
27,1196
1565,1542
1565,1566
28,29
28,51
1351,1350
1351,1352
1351,1374
1566,1543
1566,1567
6,7
6,29
6,1439
6,1567
7,8
7,30
7,1568
29,30
29,52
1439,549
1439,1438
1439,1440
1567,1544
1567,1568
8,9
8,31
8,1569
30,31
30,53
1568,1545
1568,1569
9,10
9,32
9,1570
31,54
31,703
1569,1546
1569,1570
10,11
10,1550
10,1571
32,55
32,165
32,879
1570,575
1570,1547
11,747
11,923
11,989
1550,1332
1550,1527
1550,1573
1571,1396
1571,1507
1571,1548
747,724
747,726
747,746
923,143
923,230
923,900
989,167
989,987
989,1511
12,836
12,901
12,1442
12,1573
836,837
836,857
836,859
901,880
901,925
901,1033
1442,33
1442,637
1442,1419
1573,1397
1573,1572
13,899
13,144
13,1293
13,1486
899,944
899,1245
899,1509
144,987
144,965
144,1098
1293,255
1293,1292
1293,1294
1486,1487
1486,1488
1486,1506
14,80
14,1443
14,1161
14,1120
80,1357
80,278
80,1271
1443,35
1443,1420
1443,1424
1161,102
1161,1160
1161,1162
1120,233
1120,966
1120,1100
15,1251
15,1357
15,1230
15,1095
1251,57
1251,212
1251,321
1357,855
1357,943
1230,386
1230,1250
1230,1253
1095,59
1095,744
1095,1094
16,81
16,189
16,343
16,1227
81,58
81,82
81,1270
189,408
189,322
189,1513
343,320
343,1315
343,1316
1227,1225
1227,1226
1227,1228
17,390
17,281
17,1360
17,1468
390,128
390,217
390,477
281,258
281,283
281,344
1360,147
1360,234
1360,1340
1468,37
1468,944
1468,1447
18,1382
18,365
18,1406
18,455
1382,149
1382,1384
1382,1401
365,62
365,538
365,1492
1406,301
1406,606
1406,1386
455,60
455,171
455,694
19,303
19,519
19,388
19,127
303,171
303,783
303,674
519,300
519,736
519,760
388,1427
388,496
388,586
127,718
127,562
127,1385
20,1495
20,431
20,367
20,63
1495,584
1495,673
1495,1496
431,125
431,1274
431,1582
367,1451
367,409
367,1383
63,652
63,587
63,282
21,587
21,542
21,283
21,433
587,196
587,1537
542,105
542,412
542,738
283,216
283,960
433,85
433,169
433,1537
22,783
22,848
22,1023
22,1498
783,782
783,804
848,263
848,847
848,849
1023,1022
1023,1024
1498,1475
1498,1499
1498,1521
23,46
23,1021
23,1107
23,1260
46,45
46,47
46,69
1021,998
1021,1020
1021,1022
1107,1084
1107,1106
1107,1259
1260,1237
1260,1283
1260,1238
47,48
47,70
1063,758
1063,1061
1063,1042
1085,1062
1085,1108
1085,1130
48,49
48,71
1174,1151
1174,1197
1174,1172
49,50
49,72
1173,1172
1173,1196
1173,1171
1219,286
1219,1218
1219,1220
50,51
50,73
1196,156
1196,1328
51,52
51,74
52,53
52,75
53,54
53,76
54,55
54,77
703,680
703,683
703,704
55,56
55,251
165,142
165,187
165,188
879,684
879,858
879,878
33,858
33,1033
33,1463
858,317
858,859
1033,145
1033,296
1463,441
1463,1440
1463,1484
34,946
34,1356
34,1054
34,1444
946,382
946,947
946,967
1356,876
1356,1355
1356,1336
1054,36
1054,320
1054,1034
1444,1425
1444,1445
1444,1446
35,1185
35,1400
35,1469
1185,253
1185,320
1185,1165
1400,79
1400,1377
1400,1399
1469,148
1469,1447
1469,1467
36,1010
36,167
36,1119
1010,944
1010,1009
1010,1011
167,209
167,1208
1119,1117
1119,1118
1119,1121
37,104
37,1337
37,1270
104,1207
104,411
104,1556
1337,166
1337,1336
1337,1338
1270,58
1270,78
38,408
38,342
38,1272
38,430
408,494
408,1559
342,279
342,539
342,1252
1272,170
1272,387
1272,1253
430,387
430,1514
430,450
39,499
39,323
39,543
39,1405
499,105
499,630
499,563
323,124
323,1318
323,1537
543,435
543,1579
543,1536
1405,148
1405,409
1405,1404
40,1426
40,149
40,61
40,60
1426,278
1426,321
1426,453
149,1383
149,259
61,258
61,1250
61,82
60,213
60,409
41,476
41,1516
41,695
41,391
476,1449
476,1404
476,671
1516,62
1516,215
1516,717
695,346
695,541
695,588
391,522
391,610
391,763
42,237
42,1473
42,1409
42,736
237,214
237,718
237,456
1473,560
1473,604
1473,626
1409,516
1409,1429
1409,1450
736,1321
736,1255
43,714
43,671
43,1387
43,1560
714,539
714,1476
714,1235
671,563
671,1431
1387,559
1387,1386
1387,1389
1560,195
1560,235
1560,236
44,694
44,1582
44,673
44,173
694,324
694,739
1582,86
1582,129
673,259
673,1408
173,130
173,1540
173,1581
45,68
45,1475
68,67
68,69
68,91
1475,778
1475,800
69,70
69,92
70,71
70,93
71,72
71,94
72,73
72,95
73,74
73,96
74,75
74,97
75,76
75,98
76,77
76,99
77,100
77,1509
56,57
56,79
56,1076
251,250
251,252
251,274
57,1208
57,1508
79,102
79,1534
1076,211
1076,275
1076,1055
1208,166
1208,275
1508,615
1508,1007
1508,1507
58,1490
58,1466
1490,280
1490,1471
1490,1489
1466,1464
1466,1465
1466,1467
59,1488
59,1139
59,1578
1488,921
1488,1487
1139,78
1139,1138
1139,1140
1578,366
1578,454
1578,1577
213,214
213,235
213,453
409,1275
258,105
258,256
1250,255
1250,1248
82,1580
82,1534
62,1558
62,1514
1558,345
1558,1557
1558,1577
1514,126
1514,1512
652,346
652,607
652,739
282,651
282,498
282,502
64,477
64,540
64,780
64,1493
477,344
477,435
540,299
540,1496
540,1277
780,779
780,781
780,1517
1493,148
1493,280
1493,649
649,85
649,692
1453,109
1453,650
1453,737
1583,86
1583,1474
1583,1497
66,67
66,89
66,738
66,824
67,90
67,1108
89,88
89,90
89,112
738,605
738,672
824,651
824,846
824,1454
90,91
90,113
1108,157
1108,1131
91,92
91,114
92,93
92,115
93,94
93,116
94,95
94,117
95,96
95,118
96,97
96,119
97,98
97,120
98,99
98,121
99,100
99,900
100,123
100,1207
1509,854
1509,1487
78,1316
78,1554
1316,105
1316,1314
1554,812
1554,1533
1554,1552
102,1423
102,1533
1534,256
1534,301
278,277
278,279
1271,1269
1271,1273
1271,1291
1580,344
1580,541
1580,672
83,1517
83,432
83,586
83,1361
1517,497
1517,517
432,1539
432,541
432,1559
586,106
586,193
1361,190
1361,321
1361,497
84,151
84,326
84,500
84,497
151,150
151,152
151,170
326,325
326,327
326,457
500,196
500,238
500,301
497,1383
85,605
85,521
605,108
605,453
521,370
521,719
521,567
86,653
86,1562
653,544
653,630
653,634
1562,108
1562,717
1562,761
87,825
87,868
87,1541
825,692
825,802
825,826
868,802
868,867
868,869
1541,88
1541,713
1541,847
88,109
88,805
109,218
109,239
805,217
805,371
805,761
112,111
112,113
112,135
113,114
113,136
114,115
114,137
115,116
115,138
116,117
116,139
117,118
117,140
118,119
118,141
119,120
119,142
120,121
120,143
121,122
121,1163
900,877
900,1376
123,122
123,146
123,1535
1207,232
1207,255
101,902
101,1012
101,1031
101,147
902,231
902,903
902,922
1012,404
1012,428
1012,1011
1031,1029
1031,1032
1031,1050
147,146
147,170
1423,1421
1423,1422
1423,1424
1533,1532
1533,1553
103,1513
103,1295
103,253
103,1314
1513,1512
1513,1515
1295,191
1295,1384
1295,1294
253,252
253,254
1314,1313
1314,1315
411,259
411,739
411,563
1556,1536
1556,1555
1556,1557
106,518
106,1470
106,474
518,692
518,1232
518,1321
1470,300
1470,1447
1470,1471
474,345
474,1231
474,1320
107,150
107,650
107,1539
107,1451
150,1427
150,762
650,804
650,1494
1539,498
1539,759
1451,1450
1451,1452
108,195
108,693
195,128
195,585
693,454
693,735
693,1407
218,217
218,219
218,869
239,152
239,606
239,545
110,111
110,133
110,1131
111,134
111,1283
133,132
133,134
133,156
1131,267
1131,1154
134,135
134,157
1283,1282
1283,1284
135,136
135,158
136,137
136,159
137,138
137,160
138,139
138,161
139,140
139,162
140,141
140,163
141,142
141,164
142,143
143,990
122,164
122,166
1163,169
1163,1162
1163,1164
164,163
164,187
166,1402
146,145
146,1339
1535,190
1535,298
1535,1515
124,1532
124,366
124,1510
1532,188
1532,1531
366,234
366,429
1510,1512
1510,1529
1510,1530
125,1339
125,1555
125,1448
1339,254
1339,1319
1555,1553
1555,1557
1448,215
1448,257
1448,1429
126,192
126,1403
126,1359
192,300
192,1538
192,1537
1403,1384
1403,1401
1403,1402
1359,321
1359,1340
1359,1358
718,697
718,827
562,1559
562,651
562,674
1385,236
1385,475
1385,604
128,369
128,715
369,193
369,194
369,454
715,1366
715,1497
715,1320
129,1452
129,1559
129,564
1452,737
1452,1472
564,410
564,607
564,1581
130,1518
130,737
130,260
1518,561
1518,691
1518,716
737,1322
260,872
260,632
260,522
262,263
262,437
262,827
132,153
132,892
132,1045
153,152
153,328
153,608
892,416
892,891
892,893
1045,176
1045,1022
1045,1044
156,179
156,1067
157,180
157,1259
158,159
158,181
158,1130
159,160
159,182
160,161
160,183
161,162
161,184
162,163
162,185
163,186
990,991
990,1011
990,1013
987,986
987,1141
965,1181
965,1507
965,1116
1098,341
1098,364
1098,1077
145,1121
145,1056
1121,1101
1121,1122
1056,471
1056,492
1056,1036
170,193
148,236
236,410
1383,234
259,672
1427,276
1427,368
762,196
762,368
762,524
152,763
763,1090
763,1069
328,305
328,329
328,1067
608,215
608,280
608,760
154,155
154,177
154,1154
154,1175
155,178
155,1369
155,1415
177,176
177,178
177,200
1154,483
1154,1155
1175,1152
1175,1176
1175,1198
178,179
178,201
1369,1368
1369,1370
1369,1392
1415,1414
1415,1416
1415,1438
179,180
179,202
1067,1066
1067,1198
180,181
180,203
1259,801
1259,1258
181,182
181,204
1130,1153
1130,1132
182,183
182,205
183,184
183,206
184,185
184,207
185,186
185,208
186,187
186,686
187,210
188,211
188,1338
1402,1401
1402,1404
209,208
209,210
209,1187
168,1096
168,1209
168,1187
168,169
1096,1077
1096,1094
1096,1097
1209,385
1209,1228
1209,1229
1187,212
1187,1186
169,1449
1449,255
1449,475
193,216
171,322
171,651
322,1274
322,364
172,606
172,632
172,609
172,631
606,1408
632,457
632,721
609,478
609,544
609,873
631,414
631,565
631,629
1540,627
1540,717
1540,735
1581,517
1581,781
174,175
174,197
174,240
174,849
175,828
175,1024
175,1520
197,176
197,827
197,1066
240,241
240,826
240,566
849,305
849,826
828,765
828,829
828,851
1024,525
1024,1001
1520,1519
1520,1521
1520,1543
176,958
958,935
958,957
958,959
200,199
200,201
200,223
201,202
201,224
202,203
202,225
203,204
203,226
204,205
204,227
205,206
205,228
206,207
206,229
207,208
207,967
208,339
686,533
686,597
686,709
210,233
210,1317
211,234
211,1296
1338,1336
1338,1340
190,1231
190,1100
1231,191
1231,363
1100,426
1100,1101
191,214
191,1184
214,434
1184,1165
1184,1182
1184,1186
300,1315
1538,717
1538,761
216,217
216,826
194,458
194,1471
194,457
458,327
458,787
458,696
1471,1491
457,479
585,475
585,1365
585,1450
196,629
629,389
629,1408
827,764
1066,1043
1066,1065
198,199
198,219
198,980
198,1111
199,1110
199,1284
219,261
219,915
980,957
980,979
980,981
1111,220
1111,483
1111,936
1110,1087
1110,1133
1110,1109
1284,1285
1284,1307
223,222
223,224
223,246
224,225
224,247
225,226
225,248
226,227
226,249
227,228
227,250
228,229
228,880
229,230
229,252
967,966
967,968
339,316
339,338
339,340
233,232
233,1229
1317,297
1317,340
1317,452
1296,319
1296,1294
1296,1297
212,1381
212,1489
1381,299
1381,1358
1381,1379
1489,1487
1489,1491
235,1273
235,1274
453,1276
434,325
434,784
434,436
215,1492
1492,561
1492,1491
869,284
869,870
261,368
261,781
261,327
915,285
915,656
915,916
220,221
220,241
220,243
221,222
221,265
221,1044
241,871
241,1132
243,242
243,244
243,266
222,244
222,245
265,264
265,266
265,288
1044,1043
1044,1087
244,245
244,1199
245,246
245,268
246,247
246,269
247,248
247,270
248,249
248,271
249,250
249,272
250,273
880,881
880,924
230,231
230,535
252,773
231,232
231,295
535,797
535,995
535,1060
232,1229
295,294
295,296
295,512
1229,297
1273,340
1273,363
1274,363
410,429
410,495
456,368
456,501
456,720
238,498
238,760
238,1536
498,1515
760,1561
1536,1515
545,347
545,435
545,1070
566,324
566,413
566,520
871,546
871,870
871,872
1132,307
1132,397
242,263
242,395
242,936
263,305
395,372
395,374
395,396
936,913
936,935
266,267
266,289
1199,1198
1199,1200
1199,1222
268,267
268,269
268,291
269,270
269,292
270,271
270,293
271,272
271,294
272,273
272,968
273,274
273,296
274,275
274,579
773,750
773,774
773,796
254,256
254,1252
256,279
1252,340
1252,1275
279,302
257,389
257,1494
257,1579
389,740
389,1450
1494,345
1494,626
1579,454
672,890
872,501
872,503
522,478
522,720
781,782
327,350
437,415
437,526
437,982
305,306
264,285
264,287
264,482
285,284
285,1087
287,286
287,288
287,310
482,459
482,483
482,505
288,289
288,311
267,290
289,290
289,312
290,291
290,313
291,292
291,314
292,293
292,315
293,294
293,316
294,317
968,969
968,991
296,297
275,276
579,556
579,602
579,819
276,277
276,1404
277,299
277,1078
299,345
1078,469
1078,493
1078,538
302,304
302,325
302,387
280,1428
1428,320
1428,324
1428,604
344,475
502,414
502,809
502,1134
960,436
960,723
960,959
284,981
284,1026
981,306
981,526
1026,393
1026,1025
1026,1158
286,307
286,1242
307,306
307,393
1242,462
1242,549
1242,1241
310,309
310,311
310,333
311,312
311,334
312,313
312,335
313,314
313,336
314,315
314,337
315,316
315,338
316,317
317,470
512,489
512,511
512,753
297,1013
1013,425
1013,1015
298,318
298,1232
298,1228
318,449
318,1188
318,1099
1232,383
1232,515
1228,1226
1315,1335
304,520
304,677
304,589
325,348
387,386
674,347
674,412
520,478
520,696
677,784
677,722
677,785
589,916
589,740
589,983
306,329
329,308
329,330
393,416
393,852
308,309
308,331
308,1306
309,332
309,1416
331,330
331,332
331,354
1306,1305
1306,1307
1306,1329
332,333
332,355
1416,1393
1416,1417
333,334
333,356
334,335
334,357
335,336
335,358
336,337
336,359
337,338
337,360
338,361
470,384
470,1254
470,1168
449,427
449,1167
449,1123
1188,341
1188,385
1188,1186
1099,362
1099,1079
1099,1097
319,471
319,1319
319,1167
471,429
471,1318
1319,1298
1319,1320
1167,364
1167,1145
364,452
1318,450
1318,472
324,501
501,634
348,349
348,371
348,460
350,349
350,351
350,373
330,351
330,353
351,1197
351,1244
353,352
353,354
353,376
354,355
354,377
355,356
355,378
356,357
356,379
357,358
357,380
358,359
358,381
359,360
359,578
360,491
360,710
361,381
361,881
361,1014
341,1253
341,1123
1253,1254
1123,405
1123,407
539,1103
539,1321
346,1561
346,675
1561,627
1561,648
675,568
675,829
675,697
347,523
347,412
523,696
523,1049
523,719
412,784
349,372
349,830
371,394
371,895
460,1069
460,1088
460,1112
372,373
372,1003
830,481
830,719
830,831
373,352
373,374
1197,1153
1197,1220
1244,745
1244,1221
1244,1243
352,375
352,1000
375,376
375,398
375,1089
1000,977
1000,999
1000,1001
376,377
376,399
377,378
377,400
378,379
378,401
379,380
379,402
380,381
380,403
381,404
578,555
578,776
578,1038
491,490
491,602
491,667
710,733
710,755
710,1060
881,882
881,904
1014,601
1014,668
1014,991
362,406
362,428
362,1166
406,1102
406,1059
406,1146
428,427
428,450
1166,472
1166,536
1166,561
363,1297
1297,581
1297,1298
452,1254
452,1299
538,1299
538,1362
429,583
370,630
370,782
370,697
630,478
782,719
697,698
394,417
394,893
394,742
895,635
895,894
895,896
1003,569
1003,613
1003,1002
374,397
374,484
397,398
397,420
484,485
484,505
484,507
398,399
398,421
1089,438
1089,526
1089,1112
399,400
399,422
400,401
400,423
401,402
401,424
402,403
402,425
403,404
403,708
404,687
382,383
382,557
382,1035
383,384
383,1211
557,534
557,625
557,729
1035,426
1035,493
1035,1034
384,385
384,645
1211,473
1211,1192
1211,1212
385,386
645,426
645,1102
645,1037
386,561
496,495
496,1430
496,559
740,436
740,804
610,392
610,698
610,1048
392,415
392,1091
392,983
415,413
415,786
1091,741
1091,1004
1091,1006
983,461
983,898
416,438
416,439
852,435
852,875
852,938
417,418
417,937
417,1025
893,870
893,894
742,1157
742,982
742,810
396,419
396,1221
396,1350
419,418
419,420
419,442
1221,1220
1221,1222
1350,1349
1350,1373
420,421
420,443
421,422
421,444
422,423
422,445
423,424
423,446
424,425
424,447
425,601
708,685
708,707
708,709
687,598
687,624
687,820
405,1011
405,1015
405,1144
1015,798
1015,1034
1144,1142
1144,1145
1144,1146
1102,493
1102,537
1059,1058
1059,1079
1059,1082
1146,1145
1146,1148
407,1364
407,1168
407,1276
1364,541
1364,582
1364,646
1168,514
1168,712
1276,691
1276,1256
494,558
494,1191
494,1143
1275,582
1275,648
495,581
495,1057
739,563
784,678
413,654
413,761
654,720
654,699
654,1068
414,590
414,1046
590,1114
590,1049
590,1027
1046,676
1046,743
1046,917
786,898
786,1005
786,1160
438,548
438,1158
439,418
439,440
439,636
418,441
937,524
937,914
937,938
1025,961
1025,1002
441,442
441,464
442,443
442,465
443,444
443,466
444,445
444,467
445,446
445,468
446,447
446,683
447,711
447,994
601,1039
601,1061
426,1101
1101,1122
427,646
427,1080
646,1213
646,1080
1080,734
1080,1058
450,1147
583,1169
583,670
583,1210
436,459
459,635
459,806
526,549
982,1115
982,1114
548,525
548,571
548,701
1158,679
1158,745
440,463
440,1112
440,1375
636,659
636,1135
636,1289
463,462
463,464
463,486
1112,1135
1375,1352
1375,1374
1375,1376
464,465
464,487
465,466
465,488
466,467
466,489
467,468
467,490
468,469
468,794
683,660
683,706
711,778
711,1062
711,731
994,993
994,995
994,1017
448,643
448,665
448,732
448,1103
643,576
643,600
643,731
665,469
665,642
665,798
732,709
732,778
732,1280
1103,515
1103,580
1147,469
1147,689
1147,1127
451,1407
451,1386
451,1321
451,1472
1407,647
1407,1386
1472,472
1472,607
1254,1256
1299,581
1299,1298
720,787
479,699
479,611
479,676
787,788
787,1007
696,716
635,503
635,658
806,807
806,850
806,913
1069,962
1069,1068
1088,1086
1088,1090
1088,1109
461,1133
461,1179
461,1223
1133,524
1133,1156
1179,938
1179,1156
1179,1178
1223,612
1223,917
1223,1222
462,483
462,485
485,486
485,508
486,487
486,509
487,488
487,510
488,489
488,511
489,490
490,772
794,771
794,795
794,817
472,1210
1210,559
1210,581
473,670
473,1212
473,558
670,584
670,603
1212,582
1212,1213
558,580
558,1278
1320,537
699,1159
699,1093
611,984
611,916
611,940
676,807
676,873
480,591
480,743
480,850
480,897
591,547
591,592
591,1092
743,1334
743,1160
850,525
850,655
897,874
897,877
897,943
481,939
481,1134
481,984
939,829
939,916
939,962
1134,851
1134,917
984,809
984,1047
505,702
505,1245
507,506
507,508
507,530
508,509
508,531
509,510
509,532
510,511
510,533
511,534
772,749
772,771
772,795
602,625
602,1190
667,513
667,1038
667,1170
492,969
492,1016
492,625
969,555
969,970
1016,666
1016,993
1016,1039
625,624
493,1143
1143,1141
1143,1142
1191,537
1191,1189
1191,1190
1057,514
1057,1036
1057,1055
1430,584
1430,669
1430,1431
559,1122
634,1181
634,1028
809,1093
809,1201
503,525
503,959
959,612
504,808
504,1180
504,941
504,1113
808,544
808,1203
808,1072
1180,1008
1180,1181
1180,1182
941,1421
941,1313
941,1398
1113,568
1113,917
1113,1114
702,679
702,725
702,857
1245,918
1245,1222
506,527
506,529
506,1333
527,528
527,1243
527,1418
529,528
529,530
529,552
1333,1310
1333,1506
1333,1335
530,531
530,553
531,532
531,554
532,555
532,1549
533,556
533,620
534,599
534,903
753,730
753,776
753,1017
513,600
513,948
513,1082
600,556
600,820
948,925
948,947
948,949
1082,1105
1082,1084
514,1255
514,1037
1255,516
1255,603
1037,1036
1037,1039
515,1277
515,1081
1277,777
1277,1256
1081,537
1081,604
1081,1058
516,1189
516,560
1189,755
1189,1190
560,1079
560,1341
517,713
517,1233
713,668
713,1345
1233,627
1233,1234
1233,1235
692,1344
567,700
567,1090
567,1028
1049,678
1049,698
524,723
723,746
723,1157
549,550
528,551
528,1246
1243,1220
1243,1266
1418,1417
1418,1419
1418,1394
551,550
551,552
551,574
1246,722
1246,876
1246,1135
552,553
552,575
553,554
553,576
554,555
554,577
1549,620
1549,1526
1549,1548
556,973
620,619
620,621
599,576
599,622
599,644
903,904
903,926
797,774
797,796
797,820
995,972
995,1018
1060,800
1060,1083
536,1125
536,1104
536,688
1125,1104
1125,1124
1125,1126
1104,1124
1104,1126
688,1169
688,1213
688,1278
1362,648
1362,1341
1362,1342
1496,846
1496,1519
544,807
807,785
1070,811
1070,1068
1070,1072
546,656
546,831
546,874
656,679
656,789
831,832
831,961
874,851
874,1047
547,700
547,914
547,810
700,785
700,1202
914,891
914,913
810,1136
810,1116
571,550
571,572
571,1417
701,724
701,856
701,1156
550,573
573,572
573,574
573,596
574,575
574,597
575,576
577,622
577,642
577,775
973,950
973,972
973,996
729,706
729,728
729,752
580,1279
580,1300
1278,758
1278,1279
1122,1124
1079,1058
1341,1340
1341,1342
607,588
1090,1092
1028,633
1028,812
568,614
568,1093
614,613
614,637
614,1135
1093,721
569,570
569,592
569,894
570,1200
570,1332
570,1397
592,593
592,615
894,655
1200,657
1200,680
1332,1309
1332,1331
1397,1374
1397,1420
572,593
572,595
1417,596
593,594
593,833
595,594
595,618
595,835
596,597
596,619
597,598
622,621
622,623
642,619
642,641
775,752
775,754
775,798
776,777
776,799
1038,644
1038,1061
819,796
819,818
819,842
1279,758
1279,777
1300,757
1300,1298
1300,1302
582,1344
1344,689
1344,1367
1169,1150
1169,1171
584,1384
1365,1343
1365,1363
1365,1366
588,741
588,873
741,873
741,1092
1114,1094
1027,1029
1027,1047
1027,1048
1092,633
615,594
615,616
594,617
833,613
833,834
833,1267
617,616
617,618
617,640
618,619
618,641
835,640
835,814
835,834
598,621
598,793
621,730
793,770
793,792
793,816
644,709
644,1170
820,843
1039,1062
1061,1084
1190,1192
603,668
603,1363
668,1388
1363,1342
1363,1343
1408,716
698,1115
1048,1050
1048,1068
940,765
940,1290
940,1137
612,1202
612,1177
1202,613
1202,1182
1177,1176
1177,1178
1177,1198
637,616
637,638
616,639
639,638
639,662
639,1398
640,641
640,663
641,664
730,707
730,731
623,624
623,971
623,1083
624,1170
971,689
971,970
971,972
1083,754
1083,1106
1170,1345
626,734
734,1280
734,1127
627,1474
1474,716
1474,1497
1429,759
721,678
721,722
633,1006
633,1071
1006,1268
1006,1205
1071,832
1071,851
1071,1004
1181,1182
658,659
658,681
658,746
659,638
659,660
1289,1266
1289,1288
1289,1312
638,661
661,660
661,662
661,684
662,663
662,685
1398,964
1398,1378
663,664
663,1528
664,685
664,752
731,754
1213,1214
647,802
647,1214
647,756
802,779
1214,1195
1214,1215
756,733
756,779
756,1257
648,1432
1432,1433
1432,1455
655,766
655,853
766,767
766,789
766,829
853,854
853,918
853,942
679,680
789,788
789,790
657,1178
657,1376
657,1269
1178,1004
1376,1353
1269,920
1269,963
681,660
681,680
681,682
746,769
684,685
684,707
1528,1483
1528,1527
1528,1529
752,751
798,821
666,774
666,974
666,1017
774,751
974,951
974,975
974,997
1388,777
1388,1389
1388,1411
669,845
669,1257
669,1301
845,822
845,844
845,846
1257,1151
1257,1238
1301,799
1301,1194
1301,1302
1431,1194
1431,1454
890,867
890,889
890,891
722,1268
785,1047
678,1265
1265,1264
1265,1266
1265,1288
682,705
682,1377
682,1462
705,704
705,706
705,728
1377,745
1377,1354
1462,813
1462,1461
1462,1551
706,707
689,1193
1193,800
1193,1216
1193,1192
690,1366
690,1148
690,735
690,1322
1366,1367
1148,691
1148,1149
735,1106
1322,759
1322,1323
691,1149
1149,1150
1149,1151
1115,1117
1115,1136
1159,898
1159,918
1159,1157
724,725
724,1355
856,855
856,857
856,878
1156,1155
725,704
725,726
857,834
704,727
727,726
727,728
727,750
728,751
733,800
733,992
755,1019
755,1105
778,779
1062,1258
712,1302
712,1343
712,1237
1302,1303
1343,1342
1237,801
1237,1236
1345,757
1345,1368
1476,801
1476,1477
1476,1499
1235,1215
1235,1234
1497,1433
1268,1249
1268,1267
1157,1155
1355,1354
1355,1336
726,749
749,748
749,750
750,751
754,1018
1280,1281
992,991
992,993
992,1234
1127,1126
1127,1129
1106,1086
1334,855
1334,1005
1334,1311
1160,1162
744,1116
744,1226
744,1291
1116,964
1226,1225
1291,1290
1291,1292
745,768
768,767
768,769
768,791
769,748
769,770
748,771
748,924
771,770
924,925
924,947
1018,1019
1018,1041
1019,996
1019,1020
1105,757
1105,1128
757,759
758,1236
1236,1215
1236,1234
764,875
764,962
764,918
875,876
875,1201
962,985
765,832
765,961
832,834
961,1290
767,790
767,1311
790,791
790,813
1311,1288
1311,1310
791,770
791,792
795,796
795,818
799,822
898,1380
1005,1051
1005,1050
788,1051
788,1224
1007,1530
1007,1008
1051,922
1051,1032
1224,811
1224,854
1224,963
813,792
813,1485
792,815
815,814
815,816
815,838
816,817
816,839
817,818
817,840
818,841
821,822
821,844
821,1411
801,1323
1323,1324
1323,1325
913,912
1203,1201
1203,1204
1203,1205
1072,1004
1072,1073
1201,1247
1136,1137
1136,1138
811,1052
811,1379
1052,942
1052,1032
1052,1050
1379,1378
1379,1399
812,985
812,1183
985,896
985,986
1183,920
1183,1008
1183,1164
1485,966
1485,1484
1485,1464
814,837
814,1551
837,838
837,860
1551,1552
1551,1553
838,839
838,861
839,840
839,862
840,841
840,863
841,842
841,864
842,843
842,865
843,844
843,866
844,867
1411,1412
1411,1434
846,847
1454,1455
1454,1477
1267,1266
1267,1247
859,860
859,882
860,861
860,883
861,862
861,884
862,863
862,885
863,864
863,886
864,865
864,887
865,866
865,888
866,867
866,889
847,870
938,896
854,1030
942,1073
942,1249
1030,922
1030,1009
1030,1029
855,878
878,877
882,883
882,905
883,884
883,906
884,885
884,907
885,886
885,908
886,887
886,909
887,888
887,910
888,889
888,911
889,912
876,877
904,905
904,927
905,906
905,928
906,907
906,929
907,908
907,930
908,909
908,931
909,910
909,932
910,911
910,933
911,912
911,934
912,935
891,1542
1542,1519
1542,1543
896,919
919,920
919,1445
919,1312
943,966
943,986
1380,945
1380,964
1380,1378
944,921
925,926
922,921
926,927
926,949
927,928
927,950
928,929
928,951
929,930
929,952
930,931
930,953
931,932
931,954
932,933
932,955
933,934
933,956
934,935
934,957
920,921
1445,1425
1445,1446
1312,1335
1312,1313
947,970
949,950
949,972
950,951
951,952
952,953
952,975
953,954
953,976
954,955
954,977
955,956
955,978
956,957
956,979
1290,1292
1137,1118
1137,1138
1421,1420
1421,1422
1313,1008
1073,1053
1073,1074
1249,1247
1249,1248
986,1009
945,1358
945,1575
945,1511
1358,1335
1575,1574
1575,1576
1575,1577
1511,988
1511,1491
970,993
975,976
975,998
976,977
976,999
977,978
978,979
978,1001
979,1002
963,1248
963,1074
1248,1247
1074,1053
1074,1075
964,1399
1399,1378
1507,1506
996,997
997,998
997,1020
998,999
999,1022
1001,1002
1009,1029
1141,1140
1141,1142
988,1446
988,1401
988,1140
1446,1425
1140,1142
1020,1043
1205,1204
1205,1206
1530,1529
1530,1531
1041,1042
1043,1042
1042,1065
1065,1240
1084,1086
1258,1238
1258,1256
1240,1217
1240,1263
1240,1346
1128,1129
1128,1151
1128,1109
1129,1152
1129,1239
1152,1304
1239,1216
1239,1262
1239,1238
1153,1176
1153,1155
1304,1281
1304,1305
1304,1303
1176,1309
1171,1172
1171,1150
1172,1150
1309,1308
1309,1310
1216,1217
1216,1195
1194,1217
1194,1192
1217,1218
1195,1218
1195,1215
1218,1241
1328,1305
1328,1327
1328,1329
1241,1264
1241,1261
1262,1263
1262,1285
1262,1261
1263,1264
1263,1286
1346,1327
1346,1347
1346,1348
1264,1287
1285,1286
1285,1308
1286,1287
1286,1505
1287,1288
1287,1310
1281,1282
1281,1519
1282,1305
1282,1261
1307,1308
1307,1330
1308,1331
1505,1482
1505,1504
1505,1506
1303,1326
1303,1261
1326,1325
1326,1327
1326,1324
1329,1330
1329,1352
1330,1331
1330,1353
1331,1354
1324,1325
1324,1347
1325,1348
1347,1370
1347,1327
1348,1349
1348,1371
1352,1353
1353,1354
1367,1368
1367,1390
1368,1391
1370,1371
1370,1393
1349,1371
1349,1372
1373,1372
1373,1374
1373,1396
1390,1389
1390,1391
1390,1413
1391,1392
1391,1414
1392,1393
1392,1394
1371,1372
1393,1394
1372,1395
1395,1394
1395,1396
1395,1440
1396,1419
1389,1412
1412,1413
1412,1435
1413,1414
1413,1436
1414,1437
1419,1420
1434,1433
1434,1435
1434,1457
1435,1436
1435,1458
1436,1437
1436,1459
1437,1438
1437,1460
1438,1461
1433,1456
1455,1456
1455,1478
1456,1457
1456,1479
1457,1458
1457,1480
1458,1459
1458,1481
1459,1460
1459,1482
1460,1461
1460,1483
1461,1484
1440,1441
1477,1478
1477,1500
1478,1479
1478,1501
1479,1480
1479,1502
1480,1481
1480,1503
1481,1482
1481,1504
1482,1483
1483,1484
1499,1500
1499,1522
1500,1501
1500,1523
1501,1502
1501,1524
1502,1503
1502,1525
1503,1504
1503,1526
1504,1527
1521,1522
1521,1544
1522,1523
1522,1545
1523,1524
1523,1546
1524,1525
1524,1547
1525,1526
1525,1548
1526,1527
1543,1544
1544,1545
1545,1546
1546,1547
1547,1548
1032,1053
1034,1036
1053,1055
1055,1075
1075,1077
1075,1094
1077,1097
1086,1109
1097,1117
1117,1118
1118,1138
1124,1126
1145,1165
1162,1164
1164,1165
1186,1206
1204,1206
1204,1225
1206,1225
1292,1294
1422,1424
1422,1441
1424,1425
1441,1464
1441,1465
1447,1467
1464,1465
1465,1467
1512,1531
1529,1531
1552,1553
1552,1572
1557,1576
1572,1574
1574,1576
1576,1577
