0,803
0,1410
0,174
0,1366
803,804
803,801
803,823
1410,712
1410,1408
1410,1409
174,175
174,197
174,240
1366,1343
1366,1389
1366,1365
1,24
1,131
1,1040
1,1539
24,47
24,1063
24,1085
131,110
131,1023
131,262
1040,1017
1040,1041
1040,1038
1539,455
1539,499
1539,520
2,3
2,25
2,1064
2,1563
3,4
3,26
3,1564
25,48
25,1174
25,1563
1064,1041
1064,1065
1064,1087
1563,1152
1563,1564
4,5
4,27
4,1565
26,49
26,1173
26,1219
1564,45
1564,1565
5,28
5,1351
5,1566
27,28
27,50
27,1196
1565,1542
1565,1566
28,29
28,51
1351,1350
1351,1352
1351,1374
1566,1543
1566,1567
6,7
6,29
6,1439
6,1567
7,8
7,30
7,1568
29,30
29,52
1439,1438
1439,1440
1439,1394
1567,1544
1567,1568
8,9
8,31
8,1569
30,31
30,53
1568,1545
1568,1569
9,10
9,32
9,1570
31,54
31,703
1569,1546
1569,1570
10,11
10,1550
10,1571
32,55
32,878
32,879
1570,575
1570,1547
11,747
11,989
11,1032
1550,1332
1550,1527
1550,1573
1571,1396
1571,1507
1571,1548
747,724
747,726
747,746
989,34
989,143
989,987
1032,210
1032,1031
1032,1033
12,836
12,1442
12,1573
12,1509
836,837
836,857
836,859
1442,33
1442,856
1442,1419
1573,122
1573,1397
1509,77
1509,1508
1509,1507
13,1054
13,1074
13,1576
13,1356
1054,1055
1054,1056
1054,1074
1074,35
1074,1072
1576,34
1576,1556
1576,1575
1356,34
1356,1355
1356,1357
14,1335
14,1225
14,59
14,1490
1335,1312
1335,1358
1335,1334
1225,744
1225,1224
1225,1226
59,1447
59,1318
59,1511
1490,366
1490,1489
1490,1491
15,1162
15,1294
15,987
15,165
1162,1160
1162,1161
1162,1163
1294,58
1294,342
1294,1274
987,986
987,1443
165,142
165,188
165,1034
16,168
16,1428
16,1209
16,1447
168,18
168,1427
168,1314
1428,429
1428,1448
1428,1449
1209,1208
1209,1228
1209,1229
1447,300
1447,454
17,1207
17,1315
17,1491
17,433
1207,37
1207,232
1207,1139
1315,254
1315,1314
1315,1316
1491,36
1491,1489
433,694
433,652
433,763
18,128
18,40
18,41
128,518
128,149
128,414
40,739
40,673
40,391
41,1518
41,565
41,1384
19,129
19,127
19,1429
19,628
129,458
129,1494
129,1559
127,500
127,172
127,1582
1429,473
1429,498
1429,648
628,1319
628,713
628,1473
20,670
20,714
20,1385
20,39
670,1149
670,1124
670,1211
714,1127
714,735
714,1212
1385,345
1385,515
1385,1383
39,1297
39,1403
39,1272
21,1562
21,84
21,195
21,735
1562,648
1562,716
1562,739
84,544
84,1583
84,1560
195,521
195,413
195,825
735,516
735,1583
22,1498
22,1540
22,1345
22,1387
1498,1475
1498,1499
1498,1521
1540,42
1540,739
1540,1497
1345,691
1345,1170
1345,1368
1387,691
1387,1388
1387,1408
23,46
23,1021
23,1107
23,1260
46,45
46,47
46,69
1021,998
1021,1020
1021,1022
1107,1084
1107,1106
1107,1259
1260,1237
1260,1283
1260,1258
47,48
47,70
1063,66
1063,1061
1063,1214
1085,1062
1085,1108
1085,1130
48,49
48,71
1174,286
1174,1151
1174,1197
49,50
49,72
1173,1172
1173,1196
1173,1171
1219,286
1219,1218
1219,1220
50,51
50,73
1196,156
1196,1328
51,52
51,74
52,53
52,75
53,54
53,76
54,55
54,77
703,680
703,683
703,704
55,56
55,251
878,855
878,877
878,879
879,684
879,858
33,858
33,1033
33,1463
858,317
858,859
1033,296
1033,1034
1463,441
1463,1440
1463,1484
34,813
813,790
813,792
813,814
35,1095
35,1422
35,1445
1095,80
1095,1093
1095,1094
1422,1402
1422,1421
1422,1423
1445,190
1445,1444
1445,1446
36,1426
36,1533
36,125
1426,344
1426,1424
1426,1425
1533,38
1533,1532
1533,1534
125,124
125,126
125,1559
37,1554
37,148
37,1270
1554,1552
1554,1553
1554,1555
148,346
148,474
148,475
1270,1268
1270,1271
1270,1272
38,1515
38,1405
38,1296
1515,299
1515,630
1515,672
1405,343
1405,476
1405,542
1296,1273
1296,1319
1296,1274
1297,365
1297,1274
1297,1295
1403,386
1403,1229
1403,1380
1272,1053
1272,1271
739,632
673,432
673,1518
673,694
391,476
391,456
391,694
1518,130
1518,627
565,412
565,609
565,1560
1384,428
1384,584
1384,1295
42,846
42,762
42,454
846,44
846,845
846,847
762,415
762,479
762,740
454,388
454,1517
43,85
43,1542
43,86
43,823
85,151
85,388
85,453
1542,1519
1542,1543
86,478
86,521
86,671
823,822
823,824
44,718
44,1433
44,198
718,302
718,609
718,784
1433,1432
1433,1434
1433,1456
198,199
198,219
198,980
45,68
45,1475
68,67
68,69
68,91
1475,693
1475,1453
69,70
69,92
70,71
70,93
71,72
71,94
72,73
72,95
73,74
73,96
74,75
74,97
75,76
75,98
76,77
76,99
77,100
56,57
56,79
56,1076
251,250
251,252
251,274
57,1508
57,1052
57,1466
79,102
79,1012
79,1248
1076,189
1076,211
1076,275
1508,1507
1508,1506
1052,1050
1052,1051
1052,1053
1466,1140
1466,1443
1466,1464
58,81
58,1139
58,1141
81,82
81,1118
81,1470
1139,101
1139,1312
1141,231
1141,342
1141,1140
1318,494
1318,516
1318,1317
1511,78
1511,1510
1511,1512
60,408
60,1142
60,1555
60,191
408,321
408,362
408,1471
1142,209
1142,321
1142,1122
1555,1535
1555,1553
191,190
191,214
191,1516
61,564
61,277
61,172
61,1492
564,63
564,543
564,653
277,276
277,278
277,450
172,434
172,369
1492,236
1492,367
1492,542
62,324
62,346
62,455
62,608
324,105
324,411
324,1448
346,261
346,716
455,64
455,1406
608,65
608,1581
608,695
63,410
63,738
63,1496
410,103
410,1448
410,497
738,434
738,650
738,695
1496,541
1496,1495
1496,1519
64,627
64,758
64,782
627,605
627,693
758,584
758,647
758,1126
782,586
782,781
782,783
65,543
65,1454
65,1452
543,1536
543,717
1454,1431
1454,1455
1454,1477
1452,1431
1452,1450
1452,1453
66,67
66,89
66,153
67,90
67,1108
89,88
89,90
89,112
153,132
153,152
153,693
90,91
90,113
1108,157
1108,1131
91,92
91,114
92,93
92,115
93,94
93,116
94,95
94,117
95,96
95,118
96,97
96,119
97,98
97,120
98,99
98,121
99,100
99,900
100,123
100,900
78,1381
78,1075
78,1489
1381,101
1381,1358
1381,1404
1075,1073
1075,1077
1075,1094
1489,1487
102,1185
102,1574
102,1251
1012,404
1012,1011
1012,1035
1248,1247
1248,1249
1248,1227
80,298
80,1096
80,342
298,235
298,471
298,1316
1096,1077
1096,1097
1096,1098
342,1471
82,1580
82,126
82,299
1118,1116
1118,1117
1118,1119
1470,215
1470,364
1470,366
1580,216
1580,584
1580,672
126,83
126,1340
299,276
299,386
83,106
83,1427
83,1534
106,107
106,1559
106,1427
1427,213
1534,431
1534,1532
544,827
544,589
544,629
1583,518
1583,715
1560,109
1560,235
151,152
151,170
151,499
388,1537
388,1407
453,1275
453,1557
453,1317
478,105
478,259
478,411
521,392
521,650
671,1341
671,1432
671,1255
87,304
87,827
87,1476
87,587
304,303
304,850
304,501
827,611
827,804
1476,1477
1476,1499
1476,1474
587,389
587,519
587,697
88,109
88,805
88,847
109,108
109,413
805,371
805,414
805,632
847,848
847,870
112,111
112,113
112,135
113,114
113,136
114,115
114,137
115,116
115,138
116,117
116,139
117,118
117,140
118,119
118,141
119,120
119,142
120,121
120,143
121,122
121,232
900,877
900,923
123,122
123,146
123,1143
101,1513
101,1358
1513,166
1513,1512
1513,1532
1358,1336
1185,1140
1185,1186
1185,1187
1574,145
1574,1572
1574,1575
1251,167
1251,169
1251,1250
103,212
103,1557
103,1357
212,211
212,213
212,1098
1557,367
1557,1535
1357,124
1357,1380
104,519
104,233
104,1229
104,1271
519,1362
519,716
233,166
233,210
233,232
1229,297
1271,1273
105,1579
105,409
1579,367
1579,390
1579,432
409,1494
409,1340
409,1188
107,108
107,759
107,1561
1559,583
108,783
108,562
759,173
759,605
759,717
1561,150
1561,258
1561,540
783,630
783,698
562,517
562,1362
562,1276
413,1581
413,629
110,111
110,133
110,1131
111,134
111,1283
133,132
133,134
133,156
1131,267
1131,1154
134,135
134,157
1283,1282
1283,1284
135,136
135,158
136,137
136,159
137,138
137,160
138,139
138,161
139,140
139,162
140,141
140,163
141,142
141,164
142,143
143,189
122,164
232,231
164,163
164,187
146,145
146,147
146,1404
1143,1122
1143,1123
1143,1144
124,1252
124,1514
1252,322
1252,1253
1252,1275
1514,194
1514,278
1514,368
1340,235
1340,561
500,215
500,1537
500,652
1582,237
1582,631
1582,695
518,585
518,1581
149,171
149,323
149,238
414,457
414,567
458,806
458,787
458,1090
1494,322
1494,649
130,806
130,913
130,629
806,459
806,807
913,912
913,914
913,936
629,630
1023,1022
1023,1024
1023,1042
262,263
262,1069
262,804
132,892
132,1045
892,676
892,891
892,893
1045,176
1045,1022
1045,1044
156,179
156,1067
157,180
157,1259
158,159
158,181
158,1130
159,160
159,182
160,161
160,183
161,162
161,184
162,163
162,185
163,186
189,429
189,1425
144,145
144,319
144,1273
144,1206
145,385
319,1099
319,538
319,1077
1273,340
1206,255
1206,1186
1206,1204
385,384
385,386
385,582
147,170
147,257
147,192
1404,214
1404,234
170,193
170,476
257,193
257,256
257,280
192,586
192,236
192,389
474,451
474,496
474,1211
475,322
475,1449
475,1341
171,653
171,717
171,370
323,301
323,366
323,1558
238,237
238,239
238,631
150,1536
150,236
150,283
1536,369
1536,606
236,345
283,152
283,281
283,719
152,349
499,586
499,697
349,348
349,350
349,372
693,607
154,155
154,175
154,177
154,1175
155,178
155,1369
155,1415
175,1024
175,1520
177,176
177,178
177,200
1175,1152
1175,1176
1175,1198
178,179
178,201
1369,1368
1369,1370
1369,1392
1415,1414
1415,1416
1415,1438
179,180
179,202
1067,1066
1067,1068
1067,1198
180,181
180,203
1259,1258
1259,1261
181,182
181,204
1130,199
1130,1153
182,183
182,205
183,184
183,206
184,185
184,207
185,186
185,208
186,187
186,686
187,210
187,1055
188,166
188,211
188,1446
1034,1015
1034,1035
166,1120
1120,966
1120,1119
1120,1121
167,209
167,1184
167,1249
209,208
209,210
1184,1165
1184,1182
1184,1183
1249,1226
1249,1250
1314,1313
1314,1316
169,1339
169,1446
169,1406
1339,235
1339,1337
1339,1338
1446,1444
1406,498
1406,559
193,216
193,696
476,239
653,237
653,347
717,760
370,173
370,719
370,914
434,325
434,784
369,345
369,720
173,824
173,501
824,651
824,825
501,631
501,566
197,176
197,826
197,1066
240,239
240,241
240,610
1024,568
1024,1001
1520,1519
1520,1521
1520,1543
176,958
958,935
958,957
958,959
200,199
200,201
200,223
201,202
201,224
202,203
202,225
203,204
203,226
204,205
204,227
205,206
205,228
206,207
206,229
207,208
207,230
208,339
686,663
686,685
686,709
1055,946
1055,1056
211,234
429,669
429,1166
1425,1423
1425,1424
190,322
190,1337
1337,1336
1337,1338
214,213
214,237
1516,498
1516,542
1516,648
586,848
389,1493
389,588
216,217
216,1581
696,282
696,435
696,808
194,215
194,196
194,607
215,1517
196,260
196,456
196,1541
607,431
607,1407
825,802
825,826
260,502
260,936
260,563
456,367
456,1538
1541,713
826,588
826,849
1066,1043
1066,1065
199,1110
219,218
219,915
219,1089
980,957
980,979
980,981
1110,1087
1110,1111
1110,1133
223,222
223,224
223,246
224,225
224,247
225,226
225,248
226,227
226,249
227,228
227,250
228,229
228,880
229,230
229,252
230,231
230,253
339,316
339,338
339,340
234,1227
234,301
213,1558
1098,318
1098,1097
1558,321
1558,540
1517,477
1517,1497
217,218
217,347
217,676
218,654
218,285
347,563
347,873
676,765
676,829
654,480
654,1049
654,674
285,261
285,264
285,284
915,284
915,417
915,916
1089,375
1089,438
1089,1112
220,221
220,241
220,243
220,1111
221,222
221,265
221,1044
241,1132
241,871
243,242
243,244
243,266
1111,483
1111,1088
222,244
222,245
265,264
265,266
265,288
1044,1043
1044,1087
244,245
244,1199
245,246
245,268
246,247
246,269
247,248
247,270
248,249
248,271
249,250
249,272
250,273
880,881
880,903
880,924
252,253
252,773
231,295
253,254
253,276
295,294
295,296
295,512
1227,1228
1227,1250
301,278
301,1359
345,520
239,891
631,588
891,890
891,914
610,394
610,436
610,699
1132,307
1132,397
1132,504
871,546
871,870
871,872
242,263
242,395
242,936
263,305
263,848
395,372
395,374
395,396
936,935
266,267
266,289
1199,1198
1199,1200
1199,1222
268,267
268,269
268,291
269,270
269,292
270,271
270,293
271,272
271,294
272,273
272,968
273,274
273,296
274,275
274,579
773,750
773,774
773,796
254,255
254,1230
276,275
255,256
255,1228
1230,427
1230,1228
1230,1231
256,258
256,279
258,281
258,609
279,278
279,280
279,302
280,281
280,303
281,477
609,742
259,520
259,760
259,498
520,366
760,652
760,675
502,435
502,525
502,807
563,804
563,1493
261,368
261,781
368,763
368,542
781,630
781,780
1069,438
1069,962
1069,1068
305,306
305,328
305,849
848,849
264,287
264,482
287,286
287,288
287,310
482,459
482,483
482,505
288,289
288,311
267,290
289,290
289,312
290,291
290,313
291,292
291,314
292,293
292,315
293,294
293,316
294,317
968,967
968,969
968,991
296,297
275,1208
579,556
579,602
579,819
1208,384
1208,406
450,1081
450,688
450,690
302,325
302,387
303,326
303,719
477,1471
477,545
282,763
282,585
282,694
763,761
585,541
585,1342
719,869
284,869
284,1026
869,868
869,870
1026,1025
1026,1158
1026,1004
286,307
307,306
307,393
310,309
310,311
310,333
311,312
311,334
312,313
312,335
313,314
313,336
314,315
314,337
315,316
315,338
316,317
317,383
512,489
512,511
512,513
297,1317
297,343
1317,1316
343,344
343,1407
471,426
471,689
471,1188
386,387
300,1319
300,1360
300,1493
1319,1320
1360,320
1360,1359
1360,1361
1493,605
1359,1336
1359,1361
325,326
325,348
387,1232
387,560
326,327
326,437
850,525
850,655
850,851
306,329
306,981
328,327
328,329
328,873
849,546
329,308
329,330
981,435
981,526
393,416
393,852
393,457
308,309
308,331
308,1306
309,332
309,1416
331,330
331,332
331,354
1306,1305
1306,1307
1306,1329
332,333
332,355
1416,1393
1416,1417
333,334
333,356
334,335
334,357
335,336
335,358
336,337
336,359
337,338
337,360
338,361
383,382
383,384
383,1080
318,1059
318,1167
318,472
1059,469
1059,493
1059,713
1167,407
1167,646
1167,1166
472,1186
472,1036
472,583
1099,1079
1099,1097
1099,1100
538,428
538,692
538,1103
1077,1057
320,1123
320,1577
320,1121
1123,536
1123,1122
1577,1556
1577,1575
1577,1578
1121,1119
1121,1122
321,1250
411,1472
411,497
1448,344
348,371
348,830
327,350
327,566
437,526
437,938
437,1157
350,351
350,373
566,784
566,828
873,872
873,874
330,351
330,353
351,1197
351,1241
353,352
353,354
353,376
354,355
354,377
355,356
355,378
356,357
356,379
357,358
357,380
358,359
358,381
359,360
359,578
360,491
360,710
361,362
361,381
361,881
340,1036
340,1102
1036,493
1036,599
1102,1100
1102,1101
1102,1103
341,407
341,1056
341,365
341,406
407,493
407,1079
1056,470
365,1338
365,1253
406,405
406,754
1471,452
344,1341
1407,495
1341,1253
716,715
371,394
371,588
830,829
830,831
830,853
372,373
372,1003
373,352
373,374
1197,1153
1197,1220
1241,1218
1241,1242
1241,1264
352,375
352,1153
375,376
375,398
1153,1176
376,377
376,399
377,378
377,400
378,379
378,401
379,380
379,402
380,381
380,403
381,404
578,513
578,555
578,601
491,405
491,490
491,602
710,733
710,1037
710,1060
362,1058
362,448
881,882
881,904
1058,666
1058,1081
1058,1057
448,447
448,1016
448,1124
363,494
363,1275
363,515
363,430
494,1276
494,1211
1275,1254
515,688
515,1145
430,560
430,606
430,649
364,1100
364,473
364,1188
1100,1101
473,1145
473,1451
1188,1168
1338,1336
1253,539
720,678
720,940
720,809
914,937
394,417
394,893
1003,569
1003,613
1003,1002
374,397
374,484
397,398
397,420
484,485
484,505
484,507
398,399
398,421
399,400
399,422
400,401
400,423
401,402
401,424
402,403
402,425
403,404
403,708
404,405
382,946
382,427
382,537
946,947
946,967
427,666
427,603
537,690
537,1146
537,1078
384,1363
1080,623
1080,643
1080,1057
1363,715
1363,1361
1363,1364
582,1277
582,1344
582,1126
1232,1231
1232,1233
1232,1255
560,559
560,1277
1537,1535
1537,1538
390,784
390,785
390,698
785,481
785,522
785,740
698,545
698,982
392,524
392,545
392,589
524,479
524,983
524,937
545,674
589,1113
589,1046
416,438
416,439
416,1114
852,851
852,853
852,875
457,721
457,677
417,418
417,1025
893,870
893,894
396,419
396,1221
396,1350
419,418
419,420
419,442
1221,1220
1221,1222
1221,1244
1350,1349
1350,1373
420,421
420,443
421,422
421,444
422,423
422,445
423,424
423,446
424,425
424,447
425,601
425,1013
708,685
708,707
708,709
405,971
971,712
971,970
971,972
754,669
754,1014
754,1018
493,539
1079,689
1079,1057
497,1362
497,1451
1472,432
1472,1450
1472,1473
412,672
412,431
412,761
672,890
431,561
761,522
761,675
567,809
567,1046
567,1091
415,741
415,523
415,525
741,678
741,740
741,764
523,1070
523,809
523,918
525,548
438,548
439,418
439,440
439,1198
1114,611
1114,722
1114,1112
418,441
1025,1002
1025,1068
441,442
441,464
442,443
442,465
443,444
443,466
444,445
444,467
445,446
445,468
446,447
446,683
447,711
601,1039
601,1061
1013,492
1013,534
1013,990
426,645
426,470
426,1144
645,753
645,777
645,1038
470,667
470,1189
1144,1146
1144,1164
666,1017
666,774
603,557
603,1234
603,1364
428,990
428,583
990,991
990,1011
583,780
669,845
669,1017
1166,516
1166,1165
606,649
606,674
649,1495
561,1254
561,1451
432,1578
652,546
435,764
764,675
764,787
436,459
436,829
436,479
459,635
829,828
479,675
526,503
526,549
938,937
938,939
938,961
1157,700
1157,1134
1157,1159
548,571
548,701
440,463
440,1135
440,1375
463,462
463,464
463,486
1135,636
1135,1112
1135,1246
1375,1352
1375,1374
1375,1376
464,465
464,487
465,466
465,488
466,467
466,489
467,468
467,490
468,469
468,794
683,660
683,706
711,536
711,1344
711,733
1016,536
1016,993
1016,1039
1124,514
1124,688
449,1101
449,1210
449,1078
449,1015
1101,600
1210,495
1210,496
1210,667
1078,451
1078,580
1015,992
1015,1038
1081,643
1081,1104
688,1170
690,626
690,1298
451,648
451,1386
1386,452
1386,736
1386,737
452,647
452,1277
647,1409
647,667
1277,1254
1538,517
1538,1497
721,677
721,1180
721,1071
677,1093
677,1006
787,568
787,788
1090,633
1090,1088
1090,1092
635,658
635,895
635,961
460,1115
460,1048
460,765
460,1154
1115,742
1115,1116
1115,1117
1048,612
1048,1029
1048,1047
765,766
765,767
1154,483
1154,1155
461,612
461,1179
461,940
461,1091
612,1178
612,1027
1179,1156
1179,1178
1179,1159
940,917
940,963
1091,569
1091,1072
462,483
462,485
462,1242
485,486
485,508
1242,549
1242,1265
486,487
486,509
487,488
487,510
488,489
488,511
489,490
490,772
469,513
469,1037
794,771
794,795
794,817
513,1145
1037,1014
1037,1060
667,1255
1189,1168
1189,1187
1189,1190
689,1125
689,775
1186,1187
1145,492
1451,605
496,1383
496,1231
1211,604
1449,1450
1449,1469
480,962
480,1113
480,1178
962,939
962,985
1113,590
1113,700
1178,1177
481,810
481,828
481,1070
810,547
810,786
810,811
828,851
1070,1050
1070,1068
505,547
505,960
507,506
507,508
507,530
508,509
508,531
509,510
509,532
510,511
510,533
511,534
772,749
772,771
772,795
602,625
602,798
492,969
492,1082
969,970
969,992
1082,580
1082,644
1082,1105
539,1187
539,1125
1276,734
1276,1256
495,1450
495,1256
1256,1255
1256,1258
1383,1382
1383,1402
1231,1233
1362,559
697,937
697,1047
807,591
807,808
503,872
503,742
503,657
872,613
742,808
657,656
657,939
657,895
504,1155
504,788
504,1180
1155,1156
1155,1109
788,789
788,786
1180,547
1180,1160
547,916
960,611
960,959
960,961
506,527
506,529
506,1333
527,528
527,1243
527,1418
529,528
529,530
529,552
1333,723
1333,1310
1333,1506
530,531
530,553
531,532
531,554
532,533
532,555
533,534
533,556
534,557
514,777
514,1035
514,776
777,776
777,778
1035,558
776,753
776,799
516,1321
1321,1320
1321,1322
1321,1323
517,1278
517,1342
1278,757
1278,1279
1278,1280
1342,712
1342,736
650,695
650,715
522,651
522,1004
651,541
651,1495
1004,1005
1004,1006
809,786
918,898
918,899
918,941
983,723
983,982
983,984
549,550
549,1398
528,551
528,1311
1243,1220
1243,1244
1243,1266
1418,1417
1418,1419
1418,1394
551,550
551,552
551,574
1311,1288
1311,1310
1311,1334
552,553
552,575
553,554
553,576
554,555
554,577
555,556
556,973
557,974
557,1234
535,599
535,665
535,797
535,995
599,576
599,622
665,642
665,664
665,798
797,774
797,796
797,820
995,972
995,994
995,1018
536,1213
1213,692
1213,1190
1213,1212
1146,1126
1146,1147
692,1364
692,1409
1103,626
1103,1105
1125,600
1125,1106
540,737
540,1343
737,736
737,1474
1343,626
1343,1320
541,674
546,656
656,679
656,789
916,568
916,939
571,550
571,572
571,1417
701,724
701,1156
701,1420
550,573
1398,639
1398,1379
1398,1399
573,572
573,574
573,596
574,575
574,597
575,576
576,1572
577,622
577,731
577,775
973,950
973,972
973,996
974,951
974,975
974,997
1234,581
1234,1257
558,668
558,1300
558,1320
668,820
668,713
668,1014
1300,1298
1300,1299
1300,1301
559,625
625,624
625,1191
1254,1191
1046,590
1046,1027
568,591
591,592
591,1116
569,570
569,592
570,919
570,1200
570,1289
592,593
592,615
919,896
919,920
919,898
1200,1223
1200,1177
1289,1266
1289,1288
1289,1312
572,593
572,595
1417,596
593,594
593,833
595,594
595,618
595,835
596,597
596,619
597,598
597,1572
1572,1552
622,621
622,623
731,709
731,730
731,732
775,752
775,798
819,796
819,818
819,842
580,1257
580,1322
1257,1151
1257,1238
1322,604
1322,1302
581,1148
581,1147
581,1039
1148,756
1148,1147
1148,1149
1147,1126
1039,1062
1344,736
1344,1367
780,757
780,779
584,1430
1430,626
1430,1431
1430,1432
590,722
590,633
722,917
722,875
633,897
633,1136
1116,1117
615,594
615,614
615,616
594,617
833,613
833,832
833,834
617,616
617,618
617,640
618,619
618,641
835,640
835,814
835,834
619,620
619,642
598,621
598,687
598,793
621,620
621,644
687,600
687,624
687,994
793,770
793,792
793,816
600,620
620,1549
1061,1038
1061,1084
798,821
1364,1365
604,646
604,1169
646,1212
646,799
1169,1150
1169,1168
1169,1171
699,1137
699,985
699,831
611,634
634,959
634,963
634,941
1027,1028
1027,1029
613,614
614,637
614,812
637,616
637,638
637,1049
812,682
812,811
812,854
616,639
639,638
639,662
640,641
640,663
641,642
641,664
642,643
1549,1485
1549,1526
1549,1548
644,643
644,1192
623,624
623,1083
624,1083
1083,1060
1083,1106
1191,734
1191,1062
1473,1453
1473,1474
632,740
632,982
982,984
897,874
897,920
897,877
1136,743
1136,1134
1136,1137
959,655
963,986
963,1223
941,942
941,943
658,659
658,681
658,746
895,894
895,896
961,984
636,659
636,789
636,1247
659,638
659,660
789,790
1247,678
1247,1246
638,661
1049,1029
1049,1050
661,660
661,662
661,684
662,663
662,685
663,664
664,752
1192,1172
1192,1190
1192,1193
753,730
753,948
1212,1190
799,822
799,1060
1409,1408
1495,1497
655,766
655,894
766,767
766,786
894,917
679,680
679,702
679,917
681,660
681,680
681,682
746,723
746,769
684,685
684,707
752,729
752,751
1017,994
774,751
820,843
820,800
1014,991
845,822
845,844
1149,755
1149,1150
1432,1455
890,867
890,889
1093,1092
1093,1094
1006,743
1006,1005
678,832
832,831
832,811
680,1005
702,725
702,853
702,857
1005,1007
682,705
682,1462
705,704
705,706
705,728
1462,1461
1462,1551
1462,1441
706,707
706,729
707,730
709,732
994,993
1170,756
1170,1168
1298,1279
1298,1299
691,1127
691,1411
1127,1104
1127,1150
1411,1388
1411,1412
1411,1434
808,831
1047,700
1047,1028
1137,745
1137,1138
985,986
985,1008
700,896
896,898
724,725
724,1355
1156,1133
1420,1397
1420,1419
1420,1443
725,704
725,726
853,854
857,834
857,856
704,727
727,726
727,728
727,750
728,729
728,751
729,730
732,733
732,755
733,756
712,1365
1365,1367
1071,1051
1071,1072
1071,1073
875,874
875,876
723,1269
1269,743
1269,1267
1269,1268
1355,744
1355,1354
726,749
749,748
749,750
750,751
755,1171
755,1302
756,779
734,1104
734,1236
1104,1084
1236,1235
1236,1237
1236,1238
1474,1453
743,942
942,944
942,964
744,1204
744,1399
1204,1203
1204,1205
1399,1379
1399,1400
745,768
745,1158
745,1244
768,767
768,769
768,791
1158,1134
1158,1138
1244,1245
769,748
769,770
748,771
748,924
771,770
924,925
924,947
948,925
948,947
948,949
1018,1019
1018,1041
1171,1172
1302,1301
1302,1303
779,778
779,802
757,1193
757,1233
1193,1216
1193,1172
1233,1235
767,790
790,791
791,770
791,792
795,796
795,818
778,800
778,801
802,800
802,801
792,815
815,814
815,816
815,838
816,817
816,839
817,818
817,840
818,841
821,822
821,844
821,996
814,837
837,838
837,860
838,839
838,861
839,840
839,862
840,841
840,863
841,842
841,864
842,843
842,865
843,844
843,866
844,867
851,874
834,811
859,860
859,882
860,861
860,883
861,862
861,884
862,863
862,885
863,864
863,886
864,865
864,887
865,866
865,888
866,867
866,889
867,868
854,855
854,876
855,856
855,1334
856,1053
1334,1332
1053,1051
882,883
882,905
883,884
883,906
884,885
884,907
885,886
885,908
886,887
886,909
887,888
887,910
888,889
888,911
889,912
868,1000
868,1019
876,877
876,1246
1246,1245
903,902
903,904
903,926
904,905
904,927
905,906
905,928
906,907
906,929
907,908
907,930
908,909
908,931
909,910
909,932
910,911
910,933
911,912
911,934
912,935
920,921
920,943
923,902
923,922
923,943
901,925
901,1551
901,899
901,921
925,926
1551,1552
1551,1553
902,922
902,1011
922,921
922,1400
1011,1010
926,927
926,949
927,928
927,950
928,929
928,951
929,930
929,952
930,931
930,953
931,932
931,954
932,933
932,955
933,934
933,956
934,935
934,957
921,899
943,966
1400,1377
1400,1401
947,970
949,950
949,972
950,951
951,952
952,953
952,975
953,954
953,976
954,955
954,977
955,956
955,978
956,957
956,979
966,967
966,1485
967,945
970,993
975,976
975,998
976,977
976,999
977,978
977,1000
978,979
978,1001
979,1002
984,1007
986,1009
1223,1222
1223,1224
1485,1484
1485,1486
991,992
992,993
996,997
996,1019
997,998
997,1020
998,999
999,1000
999,1022
1000,1001
1001,1002
1007,1030
1007,988
1008,1031
1008,988
1008,1009
1009,1010
1009,988
1443,1424
1019,1020
1020,1043
1030,1031
1030,1010
1030,1028
1031,1010
1041,1042
1043,1042
1062,1258
1042,1065
1065,1240
1087,1086
1084,1086
1214,1105
1214,1195
1214,1215
1240,1217
1240,1263
1240,1346
1105,1128
1106,1086
1112,1133
1128,1129
1128,1151
1128,1109
1133,1134
1150,1151
1129,1152
1129,1239
1129,1109
1152,1304
1239,1216
1239,1262
1239,1238
1312,1290
1140,1138
1304,1281
1304,1303
1304,1305
1176,1177
1176,1309
1177,1201
1309,1308
1309,1310
1309,1332
1216,1217
1216,1215
1194,1217
1194,1301
1194,1431
1194,1195
1217,1218
1301,1324
1195,1218
1195,1215
1328,1305
1328,1327
1328,1329
1222,1245
1245,1267
1224,1205
1224,1226
1226,1205
1237,1235
1237,1238
1262,1263
1262,1285
1262,1261
1263,1264
1263,1286
1346,1326
1346,1327
1346,1348
1264,1265
1264,1287
1265,1266
1265,1288
1266,1267
1285,1284
1285,1286
1285,1308
1286,1287
1286,1505
1287,1288
1287,1310
1267,1268
1280,1281
1280,1279
1280,1299
1281,1282
1281,1519
1282,1305
1282,1261
1284,1307
1284,1261
1307,1308
1307,1330
1308,1331
1505,1482
1505,1504
1505,1506
1295,1274
1295,1293
1324,1323
1324,1325
1324,1347
1303,1326
1303,1323
1326,1325
1326,1327
1329,1330
1329,1352
1330,1331
1330,1353
1331,1332
1331,1354
1323,1325
1325,1348
1347,1348
1347,1370
1347,1327
1348,1349
1352,1353
1353,1354
1353,1376
1354,1377
1506,1507
1367,1368
1367,1390
1368,1391
1370,1371
1370,1393
1349,1371
1349,1372
1373,1372
1373,1374
1373,1396
1374,1397
1376,1377
1376,1378
1377,1378
1380,1378
1380,1379
1389,1388
1389,1390
1389,1412
1390,1391
1390,1413
1391,1392
1391,1414
1392,1393
1392,1371
1371,1372
1393,1394
1372,1395
1395,1394
1395,1396
1395,1397
1396,1419
1388,1408
1412,1413
1412,1435
1413,1414
1413,1436
1414,1437
1434,1435
1434,1457
1435,1436
1435,1458
1436,1437
1436,1459
1437,1438
1437,1460
1438,1461
1455,1456
1455,1478
1456,1457
1456,1479
1457,1458
1457,1480
1458,1459
1458,1481
1459,1460
1459,1482
1460,1461
1460,1483
1461,1484
1440,1421
1440,1441
1477,1478
1477,1500
1478,1479
1478,1501
1479,1480
1479,1502
1480,1481
1480,1503
1481,1482
1481,1504
1482,1483
1483,1484
1483,1528
1499,1500
1499,1522
1500,1501
1500,1523
1501,1502
1501,1524
1502,1503
1502,1525
1503,1504
1503,1526
1504,1527
1528,1527
1528,1529
1528,1530
1521,1522
1521,1544
1522,1523
1522,1545
1523,1524
1523,1546
1524,1525
1524,1547
1525,1526
1525,1548
1526,1527
1543,1544
1544,1545
1545,1546
1546,1547
1547,1548
800,801
898,899
944,945
944,964
944,965
945,964
945,965
964,965
965,988
1028,1029
1050,1051
1072,1073
1073,1092
1086,1088
1088,1109
1092,1094
1097,1117
1119,1138
1159,1160
1159,1161
1160,1161
1161,1163
1163,1164
1163,1165
1164,1165
1164,1183
1181,1182
1181,1183
1181,1201
1181,1202
1182,1183
1182,1202
1201,1202
1201,1203
1202,1203
1203,1205
1215,1235
1268,1290
1279,1299
1290,1291
1290,1292
1291,1292
1291,1293
1291,1313
1292,1293
1292,1313
1293,1313
1361,1382
1378,1379
1382,1401
1382,1402
1401,1402
1401,1421
1421,1423
1423,1424
1441,1464
1441,1465
1444,1464
1444,1465
1464,1465
1465,1467
1467,1468
1467,1469
1467,1486
1468,1469
1468,1487
1468,1488
1469,1488
1486,1487
1486,1488
1487,1488
1510,1512
1510,1529
1510,1530
1512,1531
1529,1530
1529,1531
1530,1531
1531,1532
1535,1556
1552,1553
1556,1575
