0,892
0,1365
0,673
0,152
892,132
892,891
892,893
1365,497
1365,647
1365,1343
673,41
673,106
673,761
152,151
152,456
152,499
1,24
1,131
1,823
1,1040
24,47
24,1063
24,1324
131,110
131,262
131,1023
823,87
823,822
823,1280
1040,996
1040,1017
1040,1041
2,3
2,25
2,1064
2,1563
3,4
3,26
3,1564
25,48
25,1174
25,1563
1064,1041
1064,1065
1064,1087
1563,1152
1563,1564
4,5
4,27
4,1565
26,49
26,1173
26,1219
1564,45
1564,1565
5,28
5,1351
5,1566
27,28
27,50
27,1196
1565,1542
1565,1566
28,29
28,51
1351,1350
1351,1352
1351,1374
1566,1543
1566,1567
6,7
6,29
6,1439
6,1567
7,8
7,30
7,1568
29,30
29,52
1439,549
1439,1438
1439,1440
1567,1544
1567,1568
8,9
8,31
8,1569
30,31
30,53
1568,1545
1568,1569
9,10
9,32
9,1570
31,54
31,703
1569,1546
1569,1570
10,11
10,1550
10,1571
32,55
32,165
32,879
1570,575
1570,1547
11,747
11,923
11,989
1550,1332
1550,1527
1550,1573
1571,1396
1571,1507
1571,1548
747,724
747,726
747,746
923,143
923,230
923,900
989,167
989,900
989,987
12,836
12,901
12,1442
12,1573
836,837
836,857
836,859
901,880
901,925
901,1485
1442,33
1442,637
1442,1419
1573,99
1573,1397
13,1249
13,1399
13,1313
13,1379
1249,125
1249,1247
1249,1250
1399,1398
1399,1401
1399,1421
1313,875
1313,944
1313,945
1379,1378
1379,1380
1379,1381
14,80
14,1357
14,1443
14,1316
80,1357
80,1164
80,168
1357,15
1357,855
1443,35
1443,810
1443,1420
1316,58
1316,105
1316,144
15,1251
15,1335
15,1401
1251,57
1251,145
1251,147
1335,812
1335,1312
1335,1358
1401,1402
1401,1421
16,1380
16,430
16,1405
16,367
1380,919
1380,1378
430,385
430,1273
430,1495
1405,103
1405,299
1405,585
367,126
367,1558
367,1578
17,1471
17,1337
17,1489
17,1425
1471,280
1471,323
1471,477
1337,1315
1337,1336
1337,1338
1489,191
1489,234
1489,1009
1425,192
1425,1424
1425,1426
18,586
18,301
18,1426
18,322
586,414
586,518
586,541
301,103
301,540
301,453
1426,1445
1426,1446
322,59
322,1274
322,1578
19,561
19,21
19,366
19,564
561,649
561,1429
561,1518
21,260
21,1452
21,1559
366,1404
366,1382
366,1577
564,62
564,456
564,653
20,1580
20,457
20,1515
20,109
1580,82
1580,413
1580,672
457,128
457,611
457,632
1515,1514
1515,1534
1515,1535
109,88
109,218
109,173
260,86
260,239
260,479
1452,647
1452,690
1452,1409
1559,369
1559,608
1559,652
22,783
22,848
22,1023
22,1498
783,42
783,215
783,781
848,263
848,847
848,849
1023,1022
1023,1024
1498,1475
1498,1499
1498,1521
23,46
23,1153
23,1347
23,1150
46,45
46,47
46,69
1153,1130
1153,1176
1153,1197
1347,1324
1347,1370
1347,1346
1150,1149
1150,1169
1150,1170
47,48
47,70
1063,757
1063,1061
1063,1082
1324,1323
1324,1325
48,49
48,71
1174,307
1174,1151
1174,1197
49,50
49,72
1173,1172
1173,1196
1173,1171
1219,461
1219,1218
1219,1220
50,51
50,73
1196,156
1196,1328
51,52
51,74
52,53
52,75
53,54
53,76
54,55
54,77
703,680
703,683
703,704
55,56
55,251
165,142
165,187
165,188
879,684
879,858
879,878
33,858
33,1033
33,1463
858,317
858,859
1033,211
1033,296
1033,1009
1463,441
1463,1440
1463,1484
34,946
34,1356
34,1576
34,1099
946,382
946,947
946,967
1356,918
1356,1006
1356,1355
1576,1010
1576,1575
1576,1578
1099,78
1099,471
1099,1098
35,102
35,1400
35,255
102,56
102,79
102,1008
1400,79
1400,1008
1400,1377
255,213
255,1296
255,495
36,1557
36,1509
36,1422
36,1491
1557,302
1557,1536
1557,1555
1509,77
1509,919
1509,988
1422,1402
1422,1423
1422,1424
1491,193
1491,519
1491,1472
37,1271
37,1579
37,1488
37,1184
1271,82
1271,124
1271,988
1579,364
1579,543
1488,1487
1488,1490
1488,1510
1184,986
1184,1165
1184,1183
38,1384
38,1209
38,1294
38,1252
1384,39
1384,584
1384,1295
1209,125
1209,387
1209,453
1294,146
1294,1293
1294,1314
1252,168
1252,254
1252,1275
39,321
39,169
39,1339
321,1320
321,1078
321,1250
169,1274
169,236
169,343
1339,167
1339,388
1339,496
40,672
40,411
40,500
40,1406
672,173
672,890
411,105
411,738
411,544
500,216
500,764
500,804
1406,692
1406,1383
1406,1407
41,195
41,148
41,1496
195,130
195,781
195,654
148,1450
148,215
148,1468
1496,846
1496,1495
1496,1519
42,1386
42,412
42,585
1386,602
1386,715
1386,1385
412,1535
412,543
412,562
585,238
585,651
43,1387
43,674
43,1561
43,1432
1387,670
1387,1389
1387,1407
674,479
674,695
674,1516
1561,346
1561,803
1561,804
1432,648
1432,1433
1432,1455
44,88
44,824
44,825
44,1433
88,89
88,1541
824,66
824,846
824,1454
825,87
825,802
825,826
1433,1434
1433,1456
45,68
45,1475
68,67
68,69
68,91
1475,778
1475,800
69,70
69,92
70,71
70,93
71,72
71,94
72,73
72,95
73,74
73,96
74,75
74,97
75,76
75,98
76,77
76,99
77,100
56,57
56,1183
251,250
251,252
251,274
57,1208
57,1508
1183,211
1183,1185
1208,166
1208,167
1208,275
1508,615
1508,1008
1508,1507
58,81
58,190
58,1032
81,82
81,1556
81,1428
190,1142
190,257
190,1403
1032,144
1032,1250
1032,1229
59,1205
59,1295
59,104
1205,941
1205,1007
1205,1204
1295,191
1295,431
104,1403
104,257
104,1492
60,258
60,1449
60,302
60,234
258,125
258,256
258,281
1449,410
1449,451
1449,475
302,279
302,304
234,409
234,1250
61,496
61,1230
61,128
61,1340
496,320
496,1342
1230,409
1230,1228
1230,1232
128,804
128,629
1340,1341
1340,1359
1340,1360
62,1473
62,1493
62,1537
1473,85
1473,388
1473,520
1493,324
1493,1513
1493,1514
1537,64
1537,324
1537,1536
63,782
63,497
63,192
63,631
782,542
782,759
782,1562
497,1341
497,1362
192,127
192,1516
631,172
631,390
631,808
64,107
64,1517
64,1453
107,1583
107,718
107,519
1517,389
1517,499
1517,670
1453,693
1453,1474
1453,1497
65,347
65,740
65,1410
65,607
347,523
347,501
347,519
740,346
740,368
740,479
1410,716
1410,781
1410,799
607,1538
607,609
607,1492
66,67
66,89
66,738
67,90
67,1108
89,90
89,112
738,478
738,758
90,91
90,113
1108,157
1108,1085
1108,1131
91,92
91,114
92,93
92,115
93,94
93,116
94,95
94,117
95,96
95,118
96,97
96,119
97,98
97,120
98,99
98,121
99,100
100,123
100,1228
78,1097
78,1056
78,1186
1097,166
1097,1095
1097,1096
1056,298
1056,383
1056,1014
1186,300
1186,364
1186,1034
79,1447
79,1206
1447,454
1447,475
1447,1445
1206,1204
1206,1207
1206,1225
1164,318
1164,407
1164,1031
168,147
168,342
82,345
1556,299
1556,343
1556,1536
1428,147
1428,150
1428,649
345,85
345,127
345,365
83,343
83,390
83,477
83,1470
343,1560
390,762
390,697
477,762
477,478
1470,473
1470,1469
1470,1472
84,474
84,566
84,518
84,762
474,344
474,1408
474,1297
566,194
566,261
566,699
518,627
518,1318
762,542
85,171
85,520
171,172
171,562
171,1513
520,130
520,1581
86,544
86,324
86,1582
544,1581
544,719
324,279
1582,630
1582,694
1582,716
87,868
87,1541
868,867
868,869
868,1042
1541,713
1541,847
112,111
112,113
112,135
113,114
113,136
114,115
114,137
115,116
115,138
116,117
116,139
117,118
117,140
118,119
118,141
119,120
119,142
120,121
120,143
121,122
121,145
123,122
123,146
123,1535
1228,298
1228,1227
101,902
101,1012
101,1074
101,1054
902,231
902,903
902,922
1012,404
1012,1011
1012,1101
1074,1054
1074,1073
1074,1075
1054,1053
1054,1055
1008,942
103,1513
103,1404
1513,280
1404,124
1404,1383
1403,257
1403,323
257,1359
1492,475
1492,1472
105,238
105,106
238,410
238,413
106,540
106,239
540,650
540,1514
239,872
239,434
1583,196
1583,1540
718,237
718,240
718,455
519,1341
108,456
108,1494
108,196
108,1497
456,129
1494,476
1494,694
1494,758
196,455
196,391
1497,802
1497,1474
218,217
218,219
218,869
173,369
173,259
110,111
110,133
110,1131
111,134
111,1283
133,132
133,134
133,156
1131,267
1131,1154
134,135
134,157
1283,1260
1283,1282
1283,1284
135,136
135,158
136,137
136,159
137,138
137,160
138,139
138,161
139,140
139,162
140,141
140,163
141,142
141,164
142,143
143,990
122,164
122,166
145,189
145,1315
164,163
164,187
166,384
146,1227
146,344
1535,476
124,1075
124,212
1075,1055
1075,1073
212,1381
212,1468
212,1185
125,1448
1448,256
1448,389
1448,1446
126,236
126,323
126,388
236,452
236,1472
323,1382
388,473
127,1469
127,1578
1469,342
1469,1467
804,414
629,368
629,627
629,803
129,628
129,736
129,304
628,604
628,1429
628,715
736,715
736,1234
736,1366
304,697
304,652
130,498
130,780
498,194
498,280
498,739
780,716
780,1299
780,1366
262,263
262,437
262,827
132,1045
132,1110
1045,176
1045,1022
1045,1044
1110,199
1110,1087
1110,1133
156,179
156,1067
157,180
157,1259
158,159
158,181
158,1130
159,160
159,182
160,161
160,183
161,162
161,184
162,163
162,185
163,186
990,991
990,1011
990,1013
144,1142
144,1055
1142,1122
1142,1141
1055,1053
189,1577
189,1534
189,1100
1315,1314
1315,1336
1227,1225
1227,1229
344,211
344,1319
147,193
193,216
193,717
1450,650
1450,691
1450,693
215,827
215,1427
1468,964
1468,965
149,1338
149,522
149,630
149,476
1338,341
1338,1336
522,172
522,370
522,719
630,433
630,501
476,649
150,151
150,1427
150,279
151,153
151,1538
1427,276
1427,368
279,278
153,175
153,393
153,761
1538,303
1538,604
499,237
499,606
175,174
175,828
175,1520
393,416
393,678
393,1026
761,717
761,737
154,155
154,177
154,1154
154,1175
155,178
155,1132
155,1415
177,176
177,178
177,200
1154,483
1154,1155
1175,1152
1175,1176
1175,1198
178,179
178,201
1132,241
1132,307
1132,397
1415,1414
1415,1416
1415,1438
179,180
179,202
1067,328
1067,1066
1067,1198
180,181
180,203
1259,801
1259,1107
1259,1258
181,182
181,204
1130,1085
1130,1088
182,183
182,205
183,184
183,206
184,185
184,207
185,186
185,208
186,187
186,686
187,210
188,233
188,1317
188,1577
384,383
384,385
384,426
167,209
209,208
209,210
209,1185
342,277
342,539
1274,386
1274,1272
170,1490
170,431
170,1362
170,1359
1490,1510
1490,1511
431,364
431,1495
1362,297
1362,562
1359,1358
172,282
562,433
282,414
282,695
282,542
369,764
369,454
259,741
259,654
259,391
174,197
174,240
174,849
197,176
197,1066
197,348
240,241
240,826
849,305
849,826
828,765
828,829
828,851
1520,1519
1520,1521
1520,1543
176,958
958,935
958,957
958,959
200,199
200,201
200,223
201,202
201,224
202,203
202,225
203,204
203,226
204,205
204,227
205,206
205,228
206,207
206,229
207,208
207,967
208,339
686,533
686,597
686,709
210,233
210,1317
233,232
233,1078
1317,297
1317,340
1577,1575
1534,1532
1534,1533
1100,299
1100,452
1100,494
191,214
191,1273
214,213
214,237
214,434
1273,235
1273,1272
1516,429
1516,648
216,217
216,826
717,478
717,565
194,584
194,392
584,1430
584,650
392,437
392,1047
392,588
781,803
654,346
654,565
455,432
455,543
391,852
391,764
1066,1043
1066,1065
348,829
348,435
348,760
198,199
198,219
198,980
198,1111
199,1284
219,261
219,915
980,957
980,979
980,981
1111,220
1111,483
1111,936
1284,1285
1284,1307
223,222
223,224
223,246
224,225
224,247
225,226
225,248
226,227
226,249
227,228
227,250
228,229
228,880
229,230
229,252
967,966
967,968
339,316
339,338
339,340
1185,988
211,276
276,275
276,277
1381,1358
1381,1361
213,235
213,237
235,453
235,432
434,784
434,1560
827,303
827,806
217,1562
217,479
1562,778
1562,779
869,284
869,870
261,416
261,632
915,285
915,656
915,916
220,221
220,241
220,243
221,222
221,265
221,1044
241,871
243,242
243,244
243,266
222,244
222,245
265,264
265,266
265,288
1044,1043
1044,1087
244,245
244,1199
245,246
245,268
246,247
246,269
247,248
247,270
248,249
248,271
249,250
249,272
250,273
880,881
880,924
230,231
230,535
252,253
252,773
231,232
231,295
535,340
535,797
535,995
232,1013
232,1229
295,294
295,296
295,512
1013,297
1013,425
1229,253
1078,515
1078,1077
409,626
409,1231
453,475
432,325
432,386
452,1296
452,1253
410,280
410,517
413,721
413,807
872,503
872,722
872,871
871,546
871,870
242,263
242,395
242,936
263,305
395,372
395,374
395,396
936,913
936,935
266,267
266,289
1199,1198
1199,1200
1199,1222
268,267
268,269
268,291
269,270
269,292
270,271
270,293
271,272
271,294
272,273
272,968
273,274
273,296
274,275
274,579
253,254
253,361
773,750
773,774
773,796
254,256
254,1057
361,338
361,381
361,881
256,1512
1057,469
1057,645
1057,1035
1296,362
1296,408
495,427
495,516
495,1188
1512,1511
1512,1514
1512,1531
281,283
281,675
281,521
741,608
741,697
741,764
416,439
416,1114
632,590
632,1047
437,526
437,873
305,306
305,328
264,285
264,287
264,482
285,284
285,1087
287,286
287,288
287,310
482,459
482,483
482,505
288,289
288,311
267,290
289,290
289,312
290,291
290,313
291,292
291,314
292,293
292,315
293,294
293,316
294,317
968,969
968,991
296,297
275,1076
579,556
579,602
579,819
1076,944
1076,1034
1076,1077
277,278
277,1275
278,1555
278,1231
1275,582
1275,648
1555,1554
1555,1574
1231,365
1231,451
283,368
283,394
283,502
675,346
675,523
675,760
521,433
521,565
521,567
414,523
695,435
695,565
542,1558
394,371
394,417
394,893
502,587
502,983
502,1005
284,981
284,1026
981,306
981,526
1026,1025
1026,1158
286,307
286,1198
286,1242
307,306
1242,462
1242,549
1242,1241
310,309
310,311
310,333
311,312
311,334
312,313
312,335
313,314
313,336
314,315
314,337
315,316
315,338
316,317
317,688
512,489
512,511
512,753
298,387
298,365
387,1407
387,1385
365,1277
299,1382
1382,1361
300,1363
300,320
300,1558
1363,1343
1363,1361
1363,1364
320,363
320,472
1558,1536
303,609
303,606
609,697
609,676
606,539
606,1560
652,587
652,805
306,329
328,329
328,460
329,308
329,330
308,309
308,331
308,1306
309,332
309,1416
331,330
331,332
331,354
1306,1305
1306,1307
1306,1329
332,333
332,355
1416,1393
1416,1417
333,334
333,356
334,335
334,357
335,336
335,358
336,337
336,359
337,338
337,360
688,797
688,1039
688,1083
318,1058
318,1145
318,1253
1058,319
1058,428
1058,1060
1145,583
1145,712
1145,1143
1253,406
1253,1254
319,427
319,1098
319,429
427,363
427,1101
1098,1118
1098,1119
429,1321
429,516
363,493
363,1385
472,1342
472,1060
472,1146
1320,1300
1320,1319
1320,1322
325,326
325,389
325,478
326,327
326,719
326,611
389,653
327,350
327,436
327,829
611,458
611,567
350,349
350,351
350,373
436,459
436,524
436,983
829,766
460,938
460,1265
460,1177
330,351
330,353
351,1197
351,1244
353,352
353,354
353,376
354,355
354,377
355,356
355,378
356,357
356,379
357,358
357,380
358,359
358,381
359,360
359,578
360,491
360,710
340,514
514,1235
514,1234
514,1060
341,1036
341,428
341,471
1036,407
1036,1144
1036,1143
428,406
428,451
471,1079
471,1187
539,714
539,1103
1560,651
1319,1318
1319,1321
523,696
501,982
501,588
435,608
435,590
760,563
760,779
349,372
349,830
349,653
372,373
372,1003
830,700
830,744
830,832
653,371
373,352
373,374
1197,1220
1244,745
1244,1221
1244,1243
352,375
352,1000
375,376
375,398
375,1089
1000,977
1000,999
1000,1001
376,377
376,399
377,378
377,400
378,379
378,401
379,380
379,402
380,381
380,403
381,404
578,555
578,776
578,1038
491,490
491,602
491,667
710,666
710,733
710,755
881,882
881,904
362,1015
362,536
362,1102
1015,405
1015,798
1015,1104
536,1213
536,1035
536,1124
1102,516
1102,626
1102,712
493,689
493,1079
493,1233
1385,1383
364,1167
1167,449
1167,515
1167,734
1277,449
1277,1276
1277,1278
454,1495
454,1360
370,1025
370,939
370,568
1025,417
1025,1002
939,589
939,854
939,1116
568,610
568,960
568,1050
371,851
371,895
851,874
851,1049
895,635
895,894
895,896
1003,569
1003,613
1003,1002
374,397
374,484
397,398
397,420
484,485
484,505
484,507
398,399
398,421
1089,438
1089,526
1089,1112
399,400
399,422
400,401
400,423
401,402
401,424
402,403
402,425
403,404
403,708
404,687
382,383
382,994
382,1034
383,601
994,447
994,995
994,1017
1034,1188
601,425
601,1039
601,1061
385,386
385,1298
426,796
426,1188
426,1146
386,605
1298,1276
1298,1279
1298,1297
605,583
605,650
605,1429
1407,694
473,560
473,626
852,918
852,1093
852,1159
1047,504
1047,962
588,785
588,916
678,811
678,1224
678,788
417,418
417,937
893,870
893,894
396,419
396,1221
396,1350
419,418
419,420
419,442
1221,1220
1221,1222
1350,1349
1350,1373
420,421
420,443
421,422
421,444
422,423
422,445
423,424
423,446
424,425
424,447
708,685
708,707
708,709
687,598
687,624
687,820
405,667
405,993
405,1011
667,624
667,1038
993,970
993,1016
993,1170
1011,1010
406,1232
406,1077
1232,407
1232,408
1077,1096
407,581
581,734
581,1101
581,1213
408,1408
408,1123
1408,737
1408,759
1123,470
1123,559
1123,647
626,1212
517,1233
517,1474
517,1299
543,784
721,720
721,1201
721,1202
807,698
807,984
807,1046
415,1090
415,504
415,698
415,545
1090,634
1090,785
1090,787
504,698
504,1093
698,1046
545,1005
545,696
545,809
439,418
439,440
439,636
1114,677
1114,831
1114,1094
418,441
937,589
937,914
937,938
441,442
441,464
442,443
442,465
443,444
443,466
444,445
444,467
445,446
445,468
446,447
446,683
447,711
796,795
796,819
1188,1166
1146,513
1146,557
1101,538
451,1364
1321,692
1321,1037
516,735
433,739
739,716
739,763
784,655
784,677
608,1539
590,763
590,1049
459,635
459,806
524,723
524,894
524,1201
983,1202
983,1134
526,549
873,676
873,853
873,854
438,548
438,1068
438,1158
548,525
548,571
548,701
1068,481
1068,808
1068,1069
1158,679
1158,745
440,463
440,1112
440,1375
636,614
636,659
636,1289
463,462
463,464
463,486
1112,614
1112,1135
1375,1352
1375,1374
1375,1376
464,465
464,487
465,466
465,488
466,467
466,489
467,468
467,490
468,469
468,794
683,660
683,706
711,756
711,992
711,1062
448,580
448,643
448,665
448,732
580,538
580,1103
580,1079
643,576
643,600
643,731
665,469
665,642
665,798
732,709
732,778
732,1280
449,689
449,1147
689,1279
689,1082
1147,757
1147,1126
1147,1127
450,668
450,1299
450,690
450,1187
668,1014
668,1388
668,1059
1299,671
690,558
690,1210
1187,1166
1187,1207
1364,715
1364,1343
1360,1358
1360,1361
458,786
458,743
458,765
786,589
786,610
786,1092
743,480
743,1334
743,1050
765,832
765,1091
635,503
635,658
806,850
806,913
938,896
938,984
1265,1264
1265,1266
1265,1288
1177,1176
1177,1178
1177,1155
461,1133
461,1179
461,1223
1133,1156
1133,1088
1179,613
1179,1156
1179,1178
1223,612
1223,811
1223,1222
462,483
462,485
485,486
485,508
486,487
486,509
487,488
487,510
488,489
488,511
489,490
490,772
469,1124
794,771
794,795
794,817
1124,537
1124,560
470,1255
470,494
470,492
1255,559
1255,1236
1255,1256
494,1318
494,645
492,969
492,1016
492,1059
1079,537
1342,1322
1342,1341
1060,1080
560,627
560,1366
1297,1276
1297,1318
649,671
480,591
480,850
480,1136
591,547
591,592
591,723
850,525
850,655
1136,812
1136,982
1136,1137
481,1180
481,1071
481,742
1180,917
1180,943
1180,1004
1071,589
1071,720
1071,722
742,696
742,1092
742,961
505,702
505,1245
507,506
507,508
507,530
508,509
508,531
509,510
509,532
510,511
510,533
511,534
772,749
772,771
772,795
602,625
969,555
969,970
1016,712
1016,1039
1059,800
1059,992
1233,1035
1233,1235
645,1038
645,1190
982,763
982,1113
587,541
587,805
1005,610
1005,854
503,525
503,959
525,1024
959,612
959,960
1093,567
1093,1070
702,679
702,725
702,857
1245,547
1245,1007
1245,1222
506,527
506,529
506,1333
527,528
527,1243
527,1418
529,528
529,530
529,552
1333,965
1333,1310
1333,1506
530,531
530,553
531,532
531,554
532,555
532,1549
533,556
533,620
534,557
534,599
534,903
753,730
753,776
753,1017
513,600
513,948
513,1190
600,556
600,820
948,925
948,947
948,949
1190,558
1190,1169
1235,1236
1235,1237
1234,692
1234,971
515,734
515,1212
734,1126
1212,646
1212,1211
735,1257
735,759
735,1451
1474,1539
627,669
1581,563
1581,1540
567,1115
696,676
723,746
723,960
894,569
1201,744
1201,1006
1024,677
1024,1001
549,550
528,551
528,1246
1243,1220
1243,1266
1418,1417
1418,1419
1418,1394
551,550
551,552
551,574
1246,788
1246,876
1246,1135
552,553
552,575
553,554
553,576
554,555
554,577
1549,620
1549,1526
1549,1548
556,973
620,619
620,621
557,625
557,729
599,576
599,622
599,644
903,904
903,926
797,774
797,820
995,972
995,1018
1213,1214
1213,1215
1035,1210
537,1166
537,559
1166,1165
559,1148
538,1168
538,757
1168,731
1168,1037
1168,1149
757,582
714,713
714,1476
714,1518
1103,713
1103,1014
541,563
541,651
563,1430
651,1518
809,920
809,1094
809,1355
546,656
546,831
546,874
656,679
656,789
831,832
831,1135
874,785
874,897
547,657
547,914
657,1178
657,1200
657,1376
914,891
914,913
571,550
571,572
571,1417
701,724
701,856
701,1156
550,573
573,572
573,574
573,596
574,575
574,597
575,576
577,622
577,642
577,775
973,950
973,972
973,996
625,624
625,1211
729,706
729,728
729,752
558,1080
558,1300
1080,1081
1080,1082
1300,1301
1300,1302
1148,691
1148,1127
1148,1149
1366,691
1429,737
1518,759
1430,1431
1430,1409
699,961
699,1160
699,1069
1115,808
1115,917
1115,1113
610,940
960,1157
1050,634
1050,1006
569,570
569,592
570,1200
570,1332
570,1397
592,593
592,615
1200,680
1332,1309
1332,1331
1397,1374
1397,1420
572,593
572,595
1417,596
593,594
593,833
595,594
595,618
595,835
596,597
596,619
597,598
622,621
622,623
642,619
642,641
775,752
775,754
775,798
776,777
776,799
1038,1061
819,818
819,842
582,1344
582,1210
1344,1367
1344,1343
1344,1346
1210,603
583,1254
583,1278
1254,669
1254,733
1278,1276
1278,1279
805,633
805,763
785,1091
916,962
916,1028
1049,897
1049,984
615,594
615,616
594,617
833,613
833,834
833,1267
617,616
617,618
617,640
618,619
618,641
835,640
835,814
835,834
598,621
598,793
621,730
793,770
793,792
793,816
644,709
644,1170
644,1256
820,843
1039,1062
1061,1084
603,1189
603,1037
603,1192
1189,646
1189,670
1189,992
1037,712
1192,1172
1192,1191
1192,1193
604,1256
604,1279
1256,1258
1539,803
1539,1540
676,808
940,1116
940,1159
940,1070
612,1006
612,720
720,1048
613,614
614,637
637,616
637,638
616,639
639,638
639,662
639,1398
640,641
640,663
641,664
730,707
730,731
623,624
623,971
623,1083
971,970
971,972
1083,754
1083,1106
1211,733
1211,756
669,845
669,1257
633,722
633,1091
633,1046
722,961
1091,1070
1046,1155
634,744
634,1134
744,898
1134,700
1134,1113
658,659
658,681
658,746
659,638
659,660
1289,1266
1289,1288
1289,1312
638,661
661,660
661,662
661,684
662,663
662,685
1398,790
1398,1421
663,664
663,1528
664,685
664,752
731,754
1170,1345
646,1322
646,1105
1322,671
1105,755
1105,1128
1105,1081
647,713
648,758
758,693
671,1451
655,766
655,1069
766,767
766,789
1069,962
679,680
789,790
789,1267
1178,853
1376,900
1376,1353
681,660
681,680
681,682
746,769
684,685
684,707
1528,1483
1528,1527
1528,1506
752,751
798,821
666,774
666,974
666,1017
774,751
974,951
974,975
974,997
1014,991
1388,777
1388,1389
1388,1411
845,822
845,844
845,846
1257,951
1257,1151
670,1214
1214,1195
1214,1215
1451,692
1451,737
890,867
890,889
890,891
677,1157
1157,810
1157,1004
811,1334
811,1444
1224,1004
1224,1204
1224,1225
788,1092
788,1138
682,705
682,1377
682,1462
705,704
705,706
705,728
1377,745
1377,1354
1462,813
1462,1461
1462,1551
706,707
1082,800
691,693
694,1409
1409,1431
961,1311
1160,812
1160,1137
1160,1161
700,899
700,1072
899,1030
899,945
899,1248
1072,1028
1072,1048
1072,1051
724,725
724,1355
856,855
856,857
856,878
1156,1155
725,704
725,726
857,834
704,727
727,726
727,728
727,750
728,751
733,756
755,1019
755,1345
756,802
992,991
1062,1085
1062,1258
1476,801
1476,1477
1476,1499
1048,918
1048,1070
1202,875
1202,1203
1355,1354
726,749
749,748
749,750
750,751
754,1018
778,779
1280,952
1280,1281
1126,1125
1126,1127
1092,898
1334,855
1334,1311
898,876
898,1181
745,768
768,767
768,769
768,791
769,748
769,770
748,771
748,924
771,770
924,925
924,947
1018,1019
1018,1041
1019,996
1019,1020
1345,1368
1345,1326
802,779
832,834
767,1267
767,1292
1267,1266
1292,921
1292,941
1292,1293
791,770
791,790
791,792
795,818
777,1323
777,1367
799,822
799,1301
1323,801
1323,1303
1367,1368
1367,1390
787,1181
787,1182
787,1378
1181,1162
1181,1182
1182,853
1182,1163
1378,1029
1138,1137
1138,1139
1138,1140
790,813
813,792
813,1485
792,815
815,814
815,816
815,838
816,817
816,839
817,818
817,840
818,841
821,822
821,844
821,1411
1301,1194
1301,1302
800,1149
801,1237
1237,1260
1237,1236
913,912
984,1028
920,919
920,921
920,1554
1094,1095
1094,1096
810,1269
810,1226
1269,1268
1269,1270
1269,1290
1226,1029
1226,1207
1226,1225
1444,1445
1444,1446
1444,1464
812,1159
1159,917
1485,1484
1485,1465
814,837
814,1551
837,838
837,860
1551,1529
1551,1530
838,839
838,861
839,840
839,862
840,841
840,863
841,842
841,864
842,843
842,865
843,844
843,866
844,867
1411,1412
1411,1434
846,847
1454,1431
1454,1455
1454,1477
1135,1113
859,860
859,882
860,861
860,883
861,862
861,884
862,863
862,885
863,864
863,886
864,865
864,887
865,866
865,888
866,867
866,889
847,870
918,1268
853,1029
1029,1248
854,1441
1441,964
1441,1440
1441,1464
855,878
878,877
882,883
882,905
883,884
883,906
884,885
884,907
885,886
885,908
886,887
886,909
887,888
887,910
888,889
888,911
889,912
1042,1041
1042,1043
1042,1065
897,877
897,943
875,1052
875,1004
1052,944
1052,1051
1052,1053
876,877
876,943
877,900
943,966
904,905
904,927
905,906
905,928
906,907
906,929
907,908
907,930
908,909
908,931
909,910
909,932
910,911
910,933
911,912
911,934
912,935
891,1542
1542,1519
1542,1543
896,919
896,985
985,962
985,986
985,1027
1030,964
1030,1247
1030,1552
945,1139
945,1207
1248,1031
1248,1247
925,926
922,921
922,966
922,1420
926,927
926,949
927,928
927,950
928,929
928,951
929,930
929,952
930,931
930,953
931,932
931,954
932,933
932,955
933,934
933,956
934,935
934,957
1028,1291
917,1203
1203,1027
1203,1204
1268,1031
1268,1247
921,1423
1554,1533
1554,1574
1423,1402
1423,1424
966,1312
1420,1419
947,970
949,950
949,972
950,951
952,953
952,975
953,954
953,976
954,955
954,977
955,956
955,978
956,957
956,979
1116,941
1116,942
941,1095
1095,1096
942,1117
942,1553
1117,965
1117,1118
1117,1119
1553,963
1553,1533
1553,1552
944,1507
1507,1506
1139,1120
1139,1137
975,976
975,998
976,977
976,999
977,978
978,979
978,1001
979,1002
1311,1288
1311,1310
963,1118
963,1162
963,1421
1118,1119
1162,1161
1162,1163
964,1487
1487,1486
1487,1510
965,1531
1531,987
1531,1529
1312,1293
996,997
997,998
997,1020
998,999
998,1021
999,1022
1001,1002
986,987
986,1009
1027,1290
1027,1073
987,1486
1009,1010
1486,1466
1486,1467
988,1291
1291,1270
1291,1290
1020,1021
1020,1043
1021,1022
1021,1239
1007,1424
1007,1161
1161,1163
1010,1119
1104,1081
1104,1106
1104,1125
1239,1129
1239,1216
1239,1262
1290,1270
1073,1051
1552,1529
1552,1532
1031,1272
1272,1270
1144,1122
1144,1143
1144,1165
1143,1122
1065,1240
1084,1107
1084,1085
1084,1086
1258,1238
1240,1217
1240,1263
1240,1346
1106,1107
1106,1086
1107,1086
1128,1129
1128,1151
1128,1109
1129,1152
1129,1109
1151,1109
1152,1304
1304,1281
1304,1305
1304,1302
1176,1309
1171,1172
1171,1169
1171,1191
1172,1193
1309,1308
1309,1310
1193,1216
1193,1191
1216,1217
1216,1215
1194,1217
1194,1431
1194,1195
1217,1218
1195,1218
1195,1215
1218,1241
1328,1305
1328,1327
1328,1329
1241,1264
1241,1260
1260,1238
1262,1263
1262,1285
1262,1261
1263,1264
1263,1286
1346,1327
1264,1287
1285,1286
1285,1308
1286,1287
1286,1505
1287,1288
1287,1310
1281,1282
1281,1519
1282,1305
1282,1261
1307,1308
1307,1330
1308,1331
1505,1482
1505,1504
1505,1506
1302,1303
1303,1326
1303,1261
1326,1325
1326,1327
1329,1330
1329,1352
1330,1331
1330,1353
1331,1354
1325,1348
1325,1327
1348,1349
1348,1369
1348,1371
1352,1353
1353,1354
1368,1369
1368,1391
1370,1369
1370,1371
1370,1393
1349,1371
1349,1372
1373,1372
1373,1374
1373,1396
1390,1389
1390,1391
1390,1413
1369,1392
1391,1392
1391,1414
1392,1393
1392,1394
1371,1372
1393,1394
1372,1395
1395,1394
1395,1396
1395,1440
1396,1419
1389,1412
1412,1413
1412,1435
1413,1414
1413,1436
1414,1437
1434,1435
1434,1457
1435,1436
1435,1458
1436,1437
1436,1459
1437,1438
1437,1460
1438,1461
1455,1456
1455,1478
1456,1457
1456,1479
1457,1458
1457,1480
1458,1459
1458,1481
1459,1460
1459,1482
1460,1461
1460,1483
1461,1484
1477,1478
1477,1500
1478,1479
1478,1501
1479,1480
1479,1502
1480,1481
1480,1503
1481,1482
1481,1504
1482,1483
1483,1484
1499,1500
1499,1522
1500,1501
1500,1523
1501,1502
1501,1524
1502,1503
1502,1525
1503,1504
1503,1526
1504,1527
1521,1522
1521,1544
1522,1523
1522,1545
1523,1524
1523,1546
1524,1525
1524,1547
1525,1526
1525,1548
1526,1527
1543,1544
1544,1545
1545,1546
1546,1547
1547,1548
1051,1053
1081,1125
1086,1088
1088,1109
1120,1121
1120,1140
1120,1141
1121,1122
1121,1140
1121,1141
1125,1127
1140,1141
1163,1165
1169,1191
1236,1238
1238,1261
1293,1314
1314,1336
1383,1402
1445,1446
1464,1465
1464,1466
1465,1466
1465,1467
1466,1467
1510,1511
1511,1530
1529,1530
1530,1532
1532,1533
1572,1574
1574,1575
