0,892
0,1365
0,715
0,782
892,132
892,891
892,893
1365,453
1365,647
1365,756
715,651
715,1518
715,1343
782,128
782,129
782,499
1,24
1,131
1,823
1,1040
24,47
24,1063
24,1324
131,110
131,262
131,1023
823,87
823,822
823,1280
1040,996
1040,1017
1040,1041
2,3
2,25
2,1064
2,1563
3,4
3,26
3,1564
25,48
25,1174
25,1563
1064,1041
1064,1065
1064,1087
1563,1152
1563,1564
4,5
4,27
4,1565
26,49
26,1173
26,1219
1564,45
1564,1565
5,28
5,1351
5,1566
27,28
27,50
27,1196
1565,1542
1565,1566
28,29
28,51
1351,1350
1351,1352
1351,1374
1566,1543
1566,1567
6,7
6,29
6,1439
6,1567
7,8
7,30
7,1568
29,30
29,52
1439,549
1439,1438
1439,1440
1567,1544
1567,1568
8,9
8,31
8,1569
30,31
30,53
1568,1545
1568,1569
9,10
9,32
9,1570
31,54
31,703
1569,1546
1569,1570
10,11
10,1550
10,1571
32,55
32,165
32,879
1570,575
1570,1547
11,747
11,923
11,989
1550,1332
1550,1527
1550,1573
1571,1396
1571,1507
1571,1548
747,724
747,726
747,746
923,143
923,230
923,900
989,167
989,900
989,987
12,836
12,901
12,1442
12,1573
836,837
836,857
836,859
901,880
901,925
901,1485
1442,33
1442,637
1442,1419
1573,99
1573,1397
13,1271
13,987
13,1053
13,35
1271,964
1271,1269
1271,1270
987,36
987,986
1053,80
1053,1051
1053,1052
35,102
35,1400
35,1443
14,80
14,1357
14,1443
14,1402
80,1185
80,1056
1357,15
1357,855
1357,899
1443,1420
1443,1423
1402,59
1402,145
1402,1401
15,1251
15,1335
15,191
1251,57
1251,145
1251,147
1335,1312
1335,1358
1335,1314
191,214
191,1295
191,411
16,39
16,233
16,1140
16,1383
39,540
39,238
39,1426
233,188
233,210
233,232
1140,1121
1140,1139
1140,1141
1383,38
1383,320
1383,1382
17,1490
17,62
17,61
17,519
1490,38
1490,81
1490,1489
62,500
62,1405
62,630
61,1513
61,127
61,1556
519,84
519,433
519,496
18,278
18,1516
18,1471
18,369
278,277
278,279
278,1252
1516,82
1516,104
1516,671
1471,103
1471,148
1471,298
369,127
369,630
369,475
19,257
19,173
19,1470
19,1384
257,85
257,1404
257,1273
173,195
173,345
173,501
1470,1450
1470,1468
1470,1489
1384,323
1384,584
1384,1295
20,325
20,1408
20,1497
20,1386
325,326
325,389
325,432
1408,64
1408,626
1408,760
1497,672
1497,734
1497,781
1386,42
1386,431
1386,602
21,585
21,737
21,674
21,1494
585,1518
585,1320
585,1540
737,604
737,1517
737,1581
674,345
674,607
674,610
1494,128
1494,344
1494,520
22,783
22,848
22,1023
22,1498
783,42
783,718
783,781
848,263
848,847
848,849
1023,1022
1023,1024
1498,1475
1498,1499
1498,1521
23,46
23,1153
23,1347
23,759
46,45
46,47
46,69
1153,1130
1153,1176
1153,1197
1347,1324
1347,1370
1347,1327
759,694
759,1517
759,1540
47,48
47,70
1063,1061
1063,1082
1063,1085
1324,1323
1324,1325
48,49
48,71
1174,307
1174,1151
1174,1197
49,50
49,72
1173,1172
1173,1196
1173,1171
1219,461
1219,1218
1219,1220
50,51
50,73
1196,156
1196,1328
51,52
51,74
52,53
52,75
53,54
53,76
54,55
54,77
703,680
703,683
703,704
55,56
55,251
165,142
165,187
165,188
879,684
879,858
879,878
33,858
33,1033
33,1463
858,317
858,859
1033,211
1033,296
1033,1009
1463,441
1463,1440
1463,1484
34,946
34,1356
34,1424
34,1381
946,382
946,947
946,967
1356,767
1356,810
1356,1355
1424,82
1424,125
1424,1403
1381,212
1381,1358
1381,1380
102,56
102,1008
102,1009
1400,1008
1400,1029
1400,1377
36,1401
36,1469
36,1359
1401,941
1401,1399
1469,364
1469,409
1469,1467
1359,1336
1359,1337
1359,1360
37,1249
37,1295
37,1294
37,1095
1249,79
1249,1247
1249,1248
1295,431
1294,126
1294,169
1294,1031
1095,1096
1095,1115
1095,1116
38,1184
38,1536
1184,1164
1184,1165
1184,1183
1536,211
1536,300
1536,517
540,1407
540,1430
540,1453
238,784
238,1493
238,456
1426,300
1426,388
1426,1403
40,1491
40,106
40,544
40,172
1491,149
1491,300
1491,1489
106,587
106,1561
106,322
544,456
544,873
544,545
172,630
172,1561
172,565
41,1560
41,196
41,497
41,1579
1560,259
1560,346
1560,454
196,566
196,695
196,762
497,171
497,1582
497,1404
1579,83
1579,409
1579,1577
42,803
42,739
803,1539
803,1474
803,1473
739,151
739,632
739,675
43,1517
43,608
43,520
43,760
1517,150
608,216
608,478
608,696
520,64
520,453
760,476
760,1538
44,88
44,824
44,825
44,1433
88,89
88,109
88,1541
824,66
824,846
824,1454
825,87
825,802
825,826
1433,1432
1433,1434
1433,1456
45,68
45,1475
68,67
68,69
68,91
1475,778
1475,800
69,70
69,92
70,71
70,93
71,72
71,94
72,73
72,95
73,74
73,96
74,75
74,97
75,76
75,98
76,77
76,99
77,100
77,1509
56,57
56,144
251,250
251,252
251,274
57,1208
57,1508
144,1316
144,1056
144,362
1208,166
1208,167
1208,275
1508,615
1508,1507
1508,1509
58,81
58,1272
58,101
58,1185
81,82
81,321
1272,146
1272,320
1272,341
101,902
101,1012
101,1511
1185,209
1185,1186
59,104
59,1379
59,1444
104,1228
104,324
1379,963
1379,1031
1379,1378
1444,79
1444,1010
1444,1423
60,235
60,1274
60,432
60,190
235,213
235,1273
235,1533
1274,279
1274,319
1274,453
432,386
432,455
190,1446
190,1054
190,1119
1513,147
1513,387
1513,1492
127,457
127,1561
1556,169
1556,365
1556,1554
500,478
500,653
500,696
1405,171
1405,343
1405,584
630,259
63,652
63,1407
63,108
63,1448
652,324
652,501
652,741
1407,1366
1407,1385
108,280
108,346
108,692
1448,103
1448,389
1448,451
64,1562
64,804
1562,152
1562,670
1562,805
804,413
804,694
804,1561
65,541
65,543
65,498
65,1496
541,717
541,1472
541,607
543,301
543,455
543,784
498,323
498,1583
498,586
1496,846
1496,1495
1496,1519
66,67
66,89
66,738
67,90
67,1108
89,90
89,112
738,411
738,605
738,1451
90,91
90,113
1108,157
1108,1085
1108,1131
91,92
91,114
92,93
92,115
93,94
93,116
94,95
94,117
95,96
95,118
96,97
96,119
97,98
97,120
98,99
98,121
99,100
100,123
100,1488
1509,919
1509,1507
78,1553
78,1228
78,988
78,1338
1553,898
1553,965
1553,1551
1228,1226
1228,1227
988,1292
988,1337
988,1098
1338,170
1338,234
1338,1031
79,1096
79,1382
1096,1077
1096,1098
1382,1362
1382,1380
1056,1036
1056,1055
82,1580
321,212
321,406
321,1339
1580,258
1580,564
1580,672
83,1406
83,256
83,255
1406,365
1406,518
1406,561
256,254
256,258
256,518
255,213
255,1097
255,299
84,192
84,1385
84,1559
192,474
192,499
192,1360
1385,603
1385,1404
1559,86
1559,473
1559,476
85,675
85,410
85,1428
675,261
675,655
410,298
410,409
410,495
1428,452
1428,1447
1428,1449
86,197
86,588
86,762
197,174
197,176
197,1066
588,413
588,542
588,872
762,653
762,916
87,868
87,1541
868,867
868,869
868,1042
1541,713
1541,847
109,218
109,130
109,348
112,111
112,113
112,135
113,114
113,136
114,115
114,137
115,116
115,138
116,117
116,139
117,118
117,140
118,119
118,141
119,120
119,142
120,121
120,143
121,122
121,145
123,122
123,146
123,1229
1488,942
1488,1468
1488,1486
902,231
902,903
902,922
1012,189
1012,404
1012,1011
1511,1032
1511,1510
1511,1512
1008,1575
1008,1226
1009,986
1009,1010
103,342
103,1054
342,277
342,539
342,1577
1054,188
1054,1055
324,194
324,323
105,411
105,1316
105,542
105,303
411,195
1316,189
1316,1296
542,239
542,650
303,478
303,347
303,565
587,194
587,589
587,741
322,124
322,146
322,1187
107,434
107,1472
107,673
107,1493
434,214
434,784
434,454
1472,367
1472,604
673,390
673,564
673,736
1493,126
1493,433
280,696
280,1537
280,1538
346,610
346,476
692,734
692,1299
692,1300
218,217
218,219
218,869
130,282
130,412
130,1474
348,829
348,523
348,415
110,111
110,133
110,1131
111,134
111,1283
133,132
133,134
133,156
1131,267
1131,1154
134,135
134,157
1283,1260
1283,1282
1283,1284
135,136
135,158
136,137
136,159
137,138
137,160
138,139
138,161
139,140
139,162
140,141
140,163
141,142
141,164
142,143
143,990
122,164
122,166
145,299
164,163
164,187
166,189
166,1337
146,1380
1229,232
1229,253
1229,320
124,1121
124,1292
124,1404
1121,1120
1121,1122
1292,812
1292,1007
125,1097
125,408
125,1141
1097,147
1097,1077
408,1447
408,1340
408,1210
1141,1139
1141,1142
126,456
126,1360
456,633
1360,1361
457,258
457,391
457,742
128,414
128,282
414,785
414,851
414,586
282,388
282,391
129,458
129,780
129,194
458,412
458,764
458,609
780,779
780,1453
780,1389
194,1583
412,236
412,479
1474,582
1474,1452
262,263
262,437
262,827
132,1045
132,1110
1045,176
1045,1022
1045,1044
1110,199
1110,1087
1110,1133
156,179
156,1067
157,180
157,1259
158,159
158,181
158,1130
159,160
159,182
160,161
160,183
161,162
161,184
162,163
162,185
163,186
990,991
990,1011
990,1013
362,383
362,451
362,1211
299,1578
299,1318
1380,1378
147,193
193,216
193,212
193,1473
148,563
148,454
148,365
563,631
563,1473
563,717
454,586
365,584
149,170
149,1425
149,1429
170,1534
170,1558
1425,320
1425,1403
1425,1423
1429,345
1429,473
1429,650
150,151
150,1427
150,1515
151,153
151,694
1427,215
1427,276
1427,368
1515,1534
1515,1535
1515,1558
153,175
153,393
153,632
694,215
152,1518
152,676
152,565
1518,604
676,633
676,784
676,960
565,740
175,174
175,828
175,1520
393,416
393,678
393,1026
632,695
632,1048
154,155
154,177
154,1154
154,1175
155,178
155,1132
155,1415
177,176
177,178
177,200
1154,483
1154,1155
1175,1152
1175,1176
1175,1198
178,179
178,201
1132,241
1132,307
1132,397
1415,1414
1415,1416
1415,1438
179,180
179,202
1067,328
1067,1066
1067,1198
180,181
180,203
1259,801
1259,1107
1259,1258
181,182
181,204
1130,1085
1130,1088
182,183
182,205
183,184
183,206
184,185
184,207
185,186
185,208
186,187
186,686
187,210
188,1317
189,1076
1337,1336
167,209
167,1339
209,208
209,210
1339,319
1339,343
168,364
168,1209
168,387
168,363
364,471
364,1557
1209,234
1209,341
1209,427
387,430
387,407
363,1233
363,449
363,1363
169,368
169,1557
368,283
368,455
1557,212
1557,344
1534,1532
1534,1533
1558,366
1558,1577
171,719
171,475
719,370
719,830
719,1047
475,1451
475,1319
195,237
195,479
345,1361
501,259
501,609
174,240
174,849
240,241
240,718
240,826
849,305
849,826
828,765
828,829
828,851
1520,1519
1520,1521
1520,1543
176,958
958,935
958,957
958,959
200,199
200,201
200,223
201,202
201,224
202,203
202,225
203,204
203,226
204,205
204,227
205,206
205,228
206,207
206,229
207,208
207,967
208,339
686,533
686,597
686,709
210,1317
1317,297
1317,340
1076,275
1076,1074
1076,1077
1446,236
1446,1445
1446,1447
1119,944
1119,1099
1119,1120
214,213
214,237
474,1535
474,1452
474,1340
499,279
499,650
216,217
216,826
1473,649
1583,1539
237,213
237,718
479,717
479,677
566,347
566,740
566,917
695,391
695,740
1066,1043
1066,1065
198,199
198,219
198,980
198,1111
199,1284
219,261
219,915
980,957
980,979
980,981
1111,220
1111,483
1111,936
1284,1285
1284,1307
223,222
223,224
223,246
224,225
224,247
225,226
225,248
226,227
226,249
227,228
227,250
228,229
228,880
229,230
229,252
967,966
967,968
339,316
339,338
339,340
211,276
211,1207
276,275
276,277
1207,1186
1207,1205
1207,1226
215,827
215,562
827,217
827,806
562,301
562,561
562,1298
217,477
477,323
477,631
477,1537
869,284
869,870
261,416
261,629
915,285
915,656
915,916
220,221
220,241
220,243
221,222
221,265
221,1044
241,871
243,242
243,244
243,266
222,244
222,245
265,264
265,266
265,288
1044,1043
1044,1087
244,245
244,1199
245,246
245,268
246,247
246,269
247,248
247,270
248,249
248,271
249,250
249,272
250,273
880,881
880,924
230,231
230,535
252,253
252,773
231,232
231,295
535,797
535,995
535,1082
232,1013
295,294
295,296
295,512
1013,297
1013,425
234,496
234,1206
496,301
496,386
1206,944
1206,1186
1206,1205
1273,344
1273,430
1533,1532
1533,1535
236,344
236,302
302,279
302,304
302,1537
718,606
239,281
239,610
239,698
281,258
281,283
281,521
610,633
698,918
698,722
698,1069
871,546
871,870
871,872
242,263
242,395
242,936
263,305
395,372
395,374
395,396
936,913
936,935
266,267
266,289
1199,1198
1199,1200
1199,1222
268,267
268,269
268,291
269,270
269,292
270,271
270,293
271,272
271,294
272,273
272,968
273,274
273,296
274,275
274,579
253,254
253,361
773,750
773,774
773,796
254,1057
254,1252
361,338
361,381
361,881
1057,469
1057,494
1057,624
1252,385
1252,1275
518,560
518,586
259,301
260,761
260,742
260,807
260,522
761,390
761,628
761,696
742,785
742,1116
807,590
807,654
807,1048
522,786
522,651
522,609
416,439
416,1092
629,370
629,606
629,1539
437,392
437,526
437,481
305,306
305,328
264,285
264,287
264,482
285,284
285,1087
287,286
287,288
287,310
482,459
482,483
482,505
288,289
288,311
267,290
289,290
289,312
290,291
290,313
291,292
291,314
292,293
292,315
293,294
293,316
294,317
968,969
968,991
296,297
579,556
579,602
579,819
277,1275
1275,582
1275,648
1537,390
1538,561
1538,627
283,394
283,677
521,589
521,564
521,654
388,1341
388,1535
391,347
394,371
394,417
394,893
677,937
677,1137
284,981
284,1026
981,306
981,526
1026,1025
1026,1158
286,307
286,1198
286,1242
307,306
1242,462
1242,549
1242,1241
310,309
310,311
310,333
311,312
311,334
312,313
312,335
313,314
313,336
314,315
314,337
315,316
315,338
316,317
317,688
512,489
512,511
512,753
297,1010
1010,1011
298,1101
298,1123
1101,319
1101,470
1101,731
1123,318
1123,426
1123,1124
1578,1577
1318,1297
1318,1298
1318,1319
300,1449
1449,366
1449,1450
304,455
304,392
304,349
478,370
347,805
392,939
392,721
349,350
349,372
349,830
306,329
328,329
328,460
329,308
329,330
308,309
308,331
308,1306
309,332
309,1416
331,330
331,332
331,354
1306,1305
1306,1307
1306,1329
332,333
332,355
1416,1393
1416,1417
333,334
333,356
334,335
334,357
335,336
335,358
336,337
336,359
337,338
337,360
688,797
688,1039
688,1083
318,450
318,1120
318,1167
450,1297
450,1320
450,1296
1120,1139
1167,430
1167,1166
1167,1168
319,1189
1189,428
1189,472
1189,515
406,580
406,1341
406,493
1187,409
1187,517
1187,1034
326,327
326,720
326,433
389,653
389,740
327,350
327,436
327,829
720,545
720,631
720,697
433,717
350,351
350,373
436,459
436,524
436,983
829,766
460,938
460,1265
460,1115
330,351
330,353
351,1197
351,1244
353,352
353,354
353,376
354,355
354,377
355,356
355,378
356,357
356,379
357,358
357,380
358,359
358,381
359,360
359,578
360,491
360,710
340,581
340,1166
581,559
581,1276
581,1256
1166,1165
1166,1168
341,1144
341,1122
1144,473
1144,1034
1144,1142
1122,407
1122,536
539,714
539,1451
539,1366
343,583
343,1492
583,407
583,1409
583,690
1492,1512
1492,1514
1361,1362
1361,1363
476,605
805,435
805,654
523,697
523,589
523,1046
415,567
415,1134
415,1092
372,373
372,1003
830,589
830,832
373,352
373,374
1197,1220
1244,745
1244,1221
1244,1243
352,375
352,1000
375,376
375,398
375,1089
1000,977
1000,999
1000,1001
376,377
376,399
377,378
377,400
378,379
378,401
379,380
379,402
380,381
380,403
381,404
578,555
578,776
578,1038
491,490
491,602
491,667
710,666
710,733
710,755
881,882
881,904
383,382
383,384
383,451
451,431
1211,757
1211,1188
1211,1212
1233,449
1233,452
1233,1231
449,1255
449,1277
1363,1342
1363,1362
471,1145
471,515
471,1125
584,1430
366,367
366,1319
367,1495
367,1514
1319,1321
1495,430
1495,431
1514,452
1514,1512
370,982
982,697
982,1202
982,1005
371,653
371,851
371,895
851,874
895,635
895,894
895,896
1003,569
1003,613
1003,1002
374,397
374,484
397,398
397,420
484,485
484,505
484,507
398,399
398,421
1089,438
1089,526
1089,1112
399,400
399,422
400,401
400,423
401,402
401,424
402,403
402,425
403,404
403,708
404,687
382,994
382,1081
994,447
994,995
994,1017
1081,1016
1081,1079
1081,1080
384,385
384,1341
384,1320
385,386
385,1253
1341,1321
1320,538
386,561
1253,516
1253,1231
1253,1254
407,604
390,741
741,809
939,568
939,941
939,1113
721,678
721,1224
721,1091
678,811
678,810
417,418
417,937
417,1025
893,870
893,894
396,419
396,1221
396,1350
419,418
419,420
419,442
1221,1220
1221,1222
1350,1349
1350,1373
420,421
420,443
421,422
421,444
422,423
422,445
423,424
423,446
424,425
424,447
425,601
708,685
708,707
708,709
687,598
687,624
687,820
405,667
405,993
405,1011
405,1015
667,469
667,1038
993,970
993,1016
993,1170
1015,494
1015,516
1015,798
580,448
580,1103
580,992
493,1143
493,1210
493,1145
1447,1445
1340,428
1340,516
1210,537
1210,645
495,560
495,1299
495,1146
413,654
413,1581
1581,651
1581,736
785,917
785,809
567,983
567,787
567,1114
1134,1133
1134,1136
1134,1155
1092,744
1092,1113
439,418
439,440
439,636
418,441
937,914
937,938
1025,1002
1025,1157
441,442
441,464
442,443
442,465
443,444
443,466
444,445
444,467
445,446
445,468
446,447
446,683
447,711
601,1039
601,1061
601,1145
426,796
426,1099
426,1078
796,795
796,819
1099,1014
1099,1098
1078,429
1078,536
1078,1058
427,472
427,1254
427,645
472,1364
472,648
1254,1037
1254,1234
645,1301
645,1232
428,1080
428,1055
1080,515
1080,1079
1055,1035
429,1276
429,1277
429,1255
1276,1256
1276,1278
1277,536
1277,669
1255,536
1255,649
435,611
435,607
435,634
611,1137
611,1004
611,1090
607,736
634,480
634,699
634,1048
459,635
459,806
524,723
524,894
524,1046
983,1202
983,1047
526,549
481,1068
481,1180
481,1028
438,548
438,1068
438,1158
548,525
548,571
548,701
1068,568
1068,1069
1158,679
1158,745
440,463
440,1112
440,1375
636,614
636,659
636,1289
463,462
463,464
463,486
1112,614
1112,1135
1375,1352
1375,1374
1375,1376
464,465
464,487
465,466
465,488
466,467
466,489
467,468
467,490
468,469
468,794
683,660
683,706
711,756
711,992
711,1062
448,643
448,665
448,732
643,576
643,600
643,731
665,469
665,642
665,798
732,709
732,778
732,1280
1297,1296
1297,1298
1296,1315
452,628
628,1582
628,802
453,1230
1230,517
1230,1231
1230,1232
633,609
764,545
764,1135
764,918
635,503
635,658
806,850
806,913
938,896
938,1049
1265,1264
1265,1266
1265,1288
1115,1116
1115,1117
461,1133
461,1179
461,1223
1133,1156
1179,613
1179,1156
1179,1178
1223,612
1223,811
1223,1222
462,483
462,485
485,486
485,508
486,487
486,509
487,488
487,510
488,489
488,511
489,490
490,772
794,771
794,795
794,817
470,514
470,1143
470,603
514,513
514,1036
514,1034
1143,1142
1143,1163
603,538
603,558
1145,626
515,492
1125,1037
1125,1124
1125,1126
1364,646
1364,691
1364,712
648,647
648,1432
473,1100
1100,513
1100,537
1100,1036
1452,1450
1452,1453
1451,671
605,669
605,1387
631,1582
480,591
480,743
480,850
591,547
591,592
591,723
743,1334
743,1178
743,1180
850,525
850,655
1180,943
1180,1027
1028,853
1028,1071
1028,1224
505,702
505,1245
507,506
507,508
507,530
508,509
508,531
509,510
509,532
510,511
510,533
511,534
772,749
772,771
772,795
602,625
492,969
492,1016
492,1059
969,555
969,970
1016,1039
1059,800
1059,992
1059,1058
494,537
494,1232
537,1035
1232,627
560,1060
560,1235
1299,691
1299,1037
1146,1126
1146,1147
1146,1148
1582,714
650,758
502,916
502,1048
502,763
502,568
916,962
763,590
763,808
763,872
568,1050
503,525
503,872
503,959
525,1024
959,612
959,960
504,873
504,940
504,1113
504,1177
873,1203
873,1201
940,961
940,1312
940,1029
1113,1114
1177,1176
1177,1178
1177,1201
702,679
702,725
702,857
1245,547
1245,1004
1245,1222
506,527
506,529
506,1333
527,528
527,1243
527,1418
529,528
529,530
529,552
1333,898
1333,1310
1333,1506
530,531
530,553
531,532
531,554
532,555
532,1549
533,556
533,620
534,557
534,599
534,903
753,730
753,776
753,1017
513,600
513,948
600,556
600,820
948,925
948,947
948,949
1036,1104
1034,1077
516,1147
1147,1127
1147,1148
517,627
627,1213
564,649
786,984
786,963
786,1136
651,606
697,961
1046,700
1046,1024
723,746
723,960
894,569
1024,1001
549,550
528,551
528,1246
1243,1220
1243,1266
1418,1417
1418,1419
1418,1394
551,550
551,552
551,574
1246,876
1246,964
1246,1135
552,553
552,575
553,554
553,576
554,555
554,577
1549,620
1549,1526
1549,1548
556,973
620,619
620,621
557,625
557,729
557,1103
599,576
599,622
599,644
903,904
903,926
797,774
797,820
995,972
995,1018
1082,1102
1082,1104
1035,644
1035,1102
538,1300
538,1231
1300,558
1300,734
714,1476
714,1322
1366,693
1366,1409
1430,1431
1430,1409
1453,693
545,590
590,852
546,656
546,831
546,874
656,679
656,789
831,832
831,961
831,1135
874,897
874,1355
547,657
547,914
657,1178
657,1200
657,1376
914,891
914,913
571,550
571,572
571,1417
701,724
701,856
701,1156
550,573
573,572
573,574
573,596
574,575
574,597
575,576
577,622
577,642
577,775
973,950
973,972
973,996
625,624
625,691
729,706
729,728
729,752
1103,713
1103,1014
558,971
558,1169
971,623
971,970
971,972
1169,1150
1169,1170
1169,1171
559,1322
559,1168
559,1235
1322,757
1322,1037
1168,735
1235,670
1235,1234
1060,800
1060,1058
1060,1079
1298,1279
649,606
917,1094
917,1072
787,854
787,1159
787,1203
1114,612
1114,808
1050,853
1050,1051
1050,1052
569,570
569,592
570,1200
570,1332
570,1397
592,593
592,615
1200,680
1332,1309
1332,1331
1397,1374
1397,1420
572,593
572,595
1417,596
593,594
593,833
595,594
595,618
595,835
596,597
596,619
597,598
622,621
622,623
642,619
642,641
775,752
775,754
775,798
776,777
776,799
1038,647
1038,1061
819,818
819,842
992,991
1256,1236
1256,1278
582,1344
582,668
1344,1367
1344,1342
1344,1346
668,1014
668,1388
668,1191
1409,671
690,1149
690,1345
690,1343
1540,716
1540,1539
852,1093
852,1004
852,1049
615,594
615,616
594,617
833,613
833,834
833,1267
617,616
617,618
617,640
618,619
618,641
835,640
835,814
835,834
598,621
598,793
621,730
793,770
793,792
793,816
644,709
644,1170
820,843
1039,1062
1061,1084
669,845
669,1257
1387,716
1387,735
1387,736
1137,875
1137,965
1004,700
1090,808
1090,1070
1090,1088
612,875
875,1398
875,1117
613,614
614,637
637,616
637,638
616,639
639,638
639,662
639,1398
640,641
640,663
641,664
730,707
730,731
623,624
623,1083
1083,754
1083,1106
691,778
626,1188
626,758
1188,1186
1188,1190
758,693
758,1279
1213,1212
1213,1214
1213,1215
802,756
802,779
699,1247
699,1160
699,1049
658,659
658,681
658,746
659,638
659,660
1289,1266
1289,1288
1289,1312
638,661
661,660
661,662
661,684
662,663
662,685
1398,788
1398,790
663,664
663,1528
664,685
664,752
731,754
1170,1345
1301,799
1301,1194
1301,1302
646,713
646,1279
646,1105
713,693
1279,1278
1105,733
1105,755
1105,1128
647,670
670,1432
1432,1455
655,766
655,1224
766,767
766,789
1224,1225
679,680
789,790
789,1267
1376,900
1376,1353
681,660
681,680
681,682
746,769
684,685
684,707
1528,1483
1528,1527
1528,1529
752,751
798,821
666,774
666,974
666,1017
774,751
974,951
974,975
974,997
1014,991
1388,777
1388,1389
1388,1411
1191,1171
1191,1190
1191,1192
845,822
845,844
845,846
1257,951
1257,1151
1257,1238
671,1450
672,890
672,781
890,867
890,889
890,891
781,1410
960,1071
811,1334
811,919
810,1091
810,1069
682,705
682,1377
682,1462
705,704
705,706
705,728
1377,745
1377,1354
1462,813
1462,1461
1462,1551
706,707
689,1192
689,1321
689,1102
689,1278
1192,1172
1192,1190
1321,712
1102,1104
1149,1127
1149,1148
1149,1150
1345,755
1345,1368
1343,733
1343,1342
778,779
734,1084
961,1071
918,765
918,1225
722,809
722,1182
722,1005
1069,962
1247,1227
1247,1248
1160,1159
1160,1161
1160,1162
1049,1047
700,920
700,1290
920,919
920,921
920,984
1290,854
1290,1027
1290,1291
724,725
724,1355
856,855
856,857
856,878
1156,1155
725,704
725,726
857,834
704,727
727,726
727,728
727,750
728,751
733,756
755,1019
1062,1085
1062,1258
712,1084
712,1124
1084,1107
1124,1126
1476,801
1476,1477
1476,1499
716,1410
716,1431
1410,779
1410,799
1431,1194
1431,1454
1047,1070
1091,854
1091,1070
809,1117
1182,744
1182,1005
1182,1181
1005,1138
1355,1354
726,749
749,748
749,750
750,751
754,1018
1280,952
1280,1281
735,1212
735,1234
1212,1214
1234,1236
1116,788
1334,855
1334,1311
744,1006
744,1027
1006,963
1006,1465
1006,1201
1027,1268
745,768
768,767
768,769
768,791
769,748
769,770
748,771
748,924
771,770
924,925
924,947
1018,1019
1018,1041
1019,996
1019,1020
757,1190
757,1150
1150,1151
808,1071
765,832
765,984
832,834
984,1093
767,1267
1267,1266
791,770
791,790
791,792
795,818
777,1323
777,1367
799,822
1323,801
1323,1302
1367,1368
1367,1390
1389,1390
1389,1412
963,1118
1136,1138
1136,1157
854,1311
1159,1157
1159,1161
1203,1007
1203,1204
788,1225
788,1268
1225,964
1268,942
1268,1248
790,813
813,792
813,1485
792,815
815,814
815,816
815,838
816,817
816,839
817,818
817,840
818,841
821,822
821,844
821,1411
800,1258
1258,1238
801,1237
1237,1260
1237,1236
1237,1238
913,912
1117,1118
919,896
812,1205
812,1075
812,1052
1205,1204
1075,1007
1075,1032
1075,1073
1052,1051
1485,1484
1485,1464
814,837
814,1551
837,838
837,860
1551,1552
838,839
838,861
839,840
839,862
840,841
840,863
841,842
841,864
842,843
842,865
843,844
843,866
844,867
1411,1412
1411,1434
846,847
1454,1455
1454,1477
859,860
859,882
860,861
860,883
861,862
861,884
862,863
862,885
863,864
863,886
864,865
864,887
865,866
865,888
866,867
866,889
847,870
1093,985
1093,1074
853,1138
853,1073
1138,1139
1073,1072
1073,1074
1311,1288
1311,1310
855,878
878,877
882,883
882,905
883,884
883,906
884,885
884,907
885,886
885,908
886,887
886,909
887,888
887,910
888,889
888,911
889,912
1042,1041
1042,1043
1042,1065
1201,1181
897,877
897,943
897,1094
876,877
876,943
876,1202
877,900
943,966
1202,899
904,905
904,927
905,906
905,928
906,907
906,929
907,908
907,930
908,909
908,931
909,910
909,932
910,911
910,933
911,912
911,934
912,935
891,1542
1542,1519
1542,1543
896,985
985,962
985,986
1094,1031
1094,1074
898,986
898,1227
1227,1226
899,945
899,1422
945,1467
945,1422
945,1161
1422,1399
1422,1421
925,926
922,921
922,966
922,1420
926,927
926,949
927,928
927,950
928,929
928,951
929,930
929,952
930,931
930,953
931,932
931,954
932,933
932,955
933,934
933,956
934,935
934,957
962,1421
1072,1051
1072,1070
921,1552
921,1531
1552,1532
1552,1554
1531,1030
1531,1529
1531,1530
966,1312
1420,1419
947,970
949,950
949,972
950,951
952,953
952,975
953,954
953,976
954,955
954,977
955,956
955,978
956,957
956,979
941,1270
941,1466
1029,1204
1029,1118
1270,1250
1270,1269
1466,1445
1466,1464
1466,1467
942,1181
942,1487
1181,1183
1487,1468
1487,1486
1487,1489
944,1421
944,1441
1421,1399
1441,1440
1441,1464
1441,1465
1467,1468
1161,1162
975,976
975,998
976,977
976,999
977,978
978,979
978,1001
979,1002
1118,1098
964,1204
965,1250
965,1486
1250,1248
1250,1269
1486,1506
996,997
997,998
997,1020
998,999
998,1021
999,1022
1001,1002
1020,1021
1020,1043
1021,1022
1021,1239
1465,1445
1465,1464
1007,1269
1575,1555
1575,1574
1575,1576
1239,1129
1239,1216
1239,1262
1157,1155
1030,1315
1030,1183
1030,1554
1315,1293
1315,1313
1183,1164
1554,1555
1032,1576
1032,1358
1576,1555
1576,1574
1358,1336
1104,1106
1065,1240
1240,1217
1240,1263
1240,1346
1106,1107
1106,1086
1107,1086
1128,1129
1128,1151
1128,1109
1129,1152
1129,1109
1152,1304
1304,1281
1304,1305
1304,1302
1176,1309
1171,1172
1172,1193
1309,1308
1309,1310
1193,1216
1193,1194
1193,1195
1216,1217
1216,1215
1194,1217
1217,1218
1195,1218
1195,1214
1195,1215
1218,1241
1328,1305
1328,1327
1328,1329
1241,1264
1241,1260
1260,1261
1262,1263
1262,1285
1262,1261
1263,1264
1263,1286
1346,1326
1346,1327
1264,1287
1285,1286
1285,1308
1286,1287
1286,1505
1287,1288
1287,1310
1281,1282
1281,1519
1282,1305
1282,1261
1307,1308
1307,1330
1308,1331
1505,1482
1505,1504
1505,1506
1302,1303
1303,1326
1303,1261
1303,1325
1326,1325
1326,1327
1329,1330
1329,1352
1330,1331
1330,1353
1331,1354
1325,1348
1348,1349
1348,1369
1348,1371
1352,1353
1353,1354
1506,1507
1368,1369
1368,1391
1370,1369
1370,1371
1370,1393
1349,1371
1349,1372
1373,1372
1373,1374
1373,1396
1390,1391
1390,1413
1369,1392
1391,1392
1391,1414
1392,1393
1392,1394
1371,1372
1393,1394
1372,1395
1395,1394
1395,1396
1395,1440
1396,1419
1412,1413
1412,1435
1413,1414
1413,1436
1414,1437
1434,1435
1434,1457
1435,1436
1435,1458
1436,1437
1436,1459
1437,1438
1437,1460
1438,1461
1455,1456
1455,1478
1456,1457
1456,1479
1457,1458
1457,1480
1458,1459
1458,1481
1459,1460
1459,1482
1460,1461
1460,1483
1461,1484
1477,1478
1477,1500
1478,1479
1478,1501
1479,1480
1479,1502
1480,1481
1480,1503
1481,1482
1481,1504
1482,1483
1483,1484
1499,1500
1499,1522
1500,1501
1500,1523
1501,1502
1501,1524
1502,1503
1502,1525
1503,1504
1503,1526
1504,1527
1521,1522
1521,1544
1522,1523
1522,1545
1523,1524
1523,1546
1524,1525
1524,1547
1525,1526
1525,1548
1526,1527
1543,1544
1544,1545
1545,1546
1546,1547
1547,1548
1058,1079
1086,1088
1086,1109
1088,1109
1126,1127
1127,1148
1142,1162
1162,1163
1163,1164
1163,1165
1164,1165
1214,1215
1236,1238
1291,1293
1291,1313
1291,1314
1293,1313
1293,1314
1313,1314
1336,1378
1342,1362
1378,1399
1403,1423
1510,1512
1510,1529
1510,1530
1529,1530
1530,1532
1555,1574
1572,1574
