0,892
0,1365
0,1561
0,41
892,132
892,891
892,893
1365,647
1365,734
1365,803
1561,152
1561,303
1561,805
41,474
41,586
41,324
1,24
1,131
1,823
1,1040
24,47
24,1063
24,1324
131,110
131,262
131,1023
823,87
823,822
823,1280
1040,996
1040,1017
1040,1041
2,3
2,25
2,1064
2,1563
3,4
3,26
3,1564
25,48
25,1174
25,1563
1064,1041
1064,1065
1064,1087
1563,1152
1563,1564
4,5
4,27
4,1565
26,49
26,1173
26,1219
1564,45
1564,1565
5,28
5,1351
5,1566
27,28
27,50
27,1196
1565,1542
1565,1566
28,29
28,51
1351,1350
1351,1352
1351,1374
1566,1543
1566,1567
6,7
6,29
6,1439
6,1567
7,8
7,30
7,1568
29,30
29,52
1439,549
1439,1438
1439,1440
1567,1544
1567,1568
8,9
8,31
8,1569
30,31
30,53
1568,1545
1568,1569
9,10
9,32
9,1570
31,54
31,703
1569,1546
1569,1570
10,11
10,1550
10,1571
32,55
32,165
32,879
1570,575
1570,1547
11,747
11,923
11,989
1550,1332
1550,1527
1550,1573
1571,1396
1571,1507
1571,1548
747,724
747,726
747,746
923,143
923,230
923,900
989,167
989,900
989,987
12,836
12,901
12,1442
12,1573
836,837
836,857
836,859
901,880
901,925
901,1485
1442,33
1442,637
1442,1419
1573,99
1573,1397
13,1121
13,945
13,1077
13,1465
1121,1120
1121,1122
1121,1140
945,1444
945,1336
945,1551
1077,79
1077,1056
1077,1075
1465,942
1465,1441
1465,1464
14,80
14,1443
14,1400
14,1183
80,1119
80,1271
80,1511
1443,35
1443,897
1443,1420
1400,35
1400,1008
1400,1377
1183,1164
1183,1182
1183,1184
15,1251
15,1335
15,1357
15,322
1251,57
1251,145
1251,147
1335,1312
1335,1358
1335,1315
1357,855
1357,1006
1357,1336
322,1385
322,561
322,1538
16,1424
16,1360
16,1207
16,1165
1424,1422
1424,1425
1424,1426
1360,61
1360,387
1360,1359
1207,300
1207,1206
1207,1209
1165,452
1165,1163
1165,1164
17,124
17,83
17,1446
17,1339
124,1513
124,323
124,169
83,521
83,107
83,1338
1446,1444
1446,1445
1446,1447
1339,37
1339,167
1339,1337
18,1536
18,1514
18,1384
18,1582
1536,20
1536,190
1536,344
1514,146
1514,168
1514,280
1384,583
1384,584
1384,1295
1582,388
1582,716
1582,1540
19,587
19,300
19,238
19,195
587,21
587,149
587,454
300,103
300,1580
238,65
238,346
238,654
195,760
195,588
195,1517
20,1494
20,257
20,1493
1494,192
1494,386
1494,411
257,1406
257,476
257,1297
1493,302
1493,387
1493,630
21,735
21,652
21,1364
735,1562
735,1322
735,1453
652,43
652,303
652,1537
1364,1363
1364,1387
1364,1405
22,783
22,848
22,1023
22,1498
783,42
783,653
783,781
848,263
848,847
848,849
1023,1022
1023,1024
1498,1475
1498,1499
1498,1521
23,46
23,1153
23,1347
23,1389
46,45
46,47
46,69
1153,1130
1153,1176
1153,1197
1347,1324
1347,1370
1347,1348
1389,1388
1389,1390
1389,1412
47,48
47,70
1063,1061
1063,1082
1063,1084
1324,1323
1324,1325
48,49
48,71
1174,307
1174,1151
1174,1197
49,50
49,72
1173,1172
1173,1196
1173,1171
1219,461
1219,1218
1219,1220
50,51
50,73
1196,156
1196,1328
51,52
51,74
52,53
52,75
53,54
53,76
54,55
54,77
703,680
703,683
703,704
55,56
55,251
165,142
165,187
165,188
879,684
879,858
879,878
33,858
33,1033
33,1463
858,317
858,859
1033,211
1033,296
1033,1009
1463,441
1463,1440
1463,1484
34,946
34,1356
34,988
34,1467
946,382
946,947
946,967
1356,767
1356,810
1356,1355
988,1425
988,1007
988,1073
1467,920
1467,965
1467,1466
35,102
35,211
102,56
102,1008
102,233
211,61
211,276
36,1314
36,1469
36,1554
36,1162
1314,60
1314,1293
1314,1313
1469,79
1469,1468
1469,1488
1554,899
1554,944
1554,1029
1162,103
1162,1031
1162,1160
37,1578
37,1423
37,1445
1578,1577
1423,876
1423,1402
1423,1403
1445,1426
1445,1444
38,1449
38,410
38,255
38,519
1449,236
1449,408
1449,560
410,194
410,280
410,1470
255,149
255,213
255,1184
519,455
519,517
519,1341
39,1425
39,456
39,1272
39,1450
1425,1426
456,370
456,760
456,675
1272,256
1272,1010
1272,1032
1450,192
1450,323
1450,451
40,279
40,323
40,194
40,152
279,84
279,278
279,302
323,1471
194,1516
194,239
152,130
152,608
474,149
474,1210
474,1277
586,64
586,453
586,740
324,81
324,85
324,107
42,1386
42,561
42,388
1386,516
1386,602
1386,626
561,385
561,1474
388,150
388,1470
43,605
43,696
43,1410
605,693
605,692
605,1322
696,151
696,173
696,435
1410,781
1410,799
1410,1409
44,88
44,824
44,825
44,1433
88,89
88,109
88,1541
824,66
824,846
824,1454
825,87
825,802
825,826
1433,1432
1433,1434
1433,1456
45,68
45,1475
68,67
68,69
68,91
1475,778
1475,800
69,70
69,92
70,71
70,93
71,72
71,94
72,73
72,95
73,74
73,96
74,75
74,97
75,76
75,98
76,77
76,99
77,100
77,1509
56,57
56,1486
251,250
251,252
251,274
57,1208
57,1508
1486,1441
1486,1487
1486,1488
1208,166
1208,167
1208,275
1508,615
1508,1507
1508,1487
58,81
58,1513
58,1401
58,1555
81,82
81,1401
1513,1532
1513,1533
1401,1009
1401,1382
1555,123
1555,1534
1555,1535
59,1404
59,1273
59,1249
59,1532
1404,518
1404,1402
1404,1403
1273,126
1273,235
1273,430
1249,100
1249,168
1249,899
1532,1530
1532,1534
60,409
60,1380
60,1515
409,363
409,582
409,516
1380,191
1380,1378
1380,1382
1515,303
1515,364
1515,520
61,497
61,299
497,125
497,128
497,1361
299,1098
299,1163
299,1141
62,717
62,346
62,650
62,1447
717,498
717,1560
717,1518
346,239
346,651
650,562
650,1474
650,1428
1447,170
1447,1428
63,435
63,518
63,431
63,781
435,740
435,718
518,411
518,628
431,343
431,1295
431,1495
781,1495
64,609
64,215
64,86
609,414
609,937
609,630
215,827
215,1427
215,1473
86,562
86,805
86,715
65,1430
65,304
65,694
1430,584
1430,1431
1430,1432
304,106
304,302
304,632
694,716
694,1517
694,695
66,67
66,89
66,738
67,90
67,1108
89,90
89,112
738,282
738,411
738,585
90,91
90,113
1108,157
1108,1085
1108,1131
91,92
91,114
92,93
92,115
93,94
93,116
94,95
94,117
95,96
95,118
96,97
96,119
97,98
97,120
98,99
98,121
99,100
100,123
1509,854
1509,919
1509,964
78,1444
78,1076
78,1531
78,1186
1076,144
1076,275
1076,1055
1531,1007
1531,1010
1531,1529
1186,320
1186,362
1186,408
79,1143
79,1466
1143,320
1143,449
1143,514
1466,144
1466,1464
1119,1099
1119,1117
1119,1120
1271,103
1271,234
1271,1029
1511,190
1511,1510
1511,1512
82,1580
82,1341
82,1534
1580,672
1580,674
1341,581
1341,606
1534,1535
521,368
521,499
521,785
107,782
107,671
1338,146
1338,169
1338,1318
84,432
84,674
84,1362
432,325
432,386
432,455
674,542
674,740
1362,190
1362,540
1362,648
85,457
85,585
85,1451
457,629
457,563
457,568
585,367
585,564
1451,517
1451,1428
1451,1431
562,543
562,1409
805,610
805,719
715,713
715,761
715,1385
87,868
87,1541
868,867
868,869
868,1042
1541,713
1541,847
109,218
109,478
109,282
112,111
112,113
112,135
113,114
113,136
114,115
114,137
115,116
115,138
116,117
116,139
117,118
117,140
118,119
118,141
119,120
119,142
120,121
120,143
121,122
121,145
123,122
123,1229
101,902
101,1012
101,146
101,1205
902,231
902,903
902,922
1012,404
1012,1011
1012,1099
146,1185
1205,1203
1205,1204
1205,1206
1008,1359
1008,1095
233,188
233,210
233,232
103,341
341,449
341,1167
341,430
104,1230
104,301
104,192
104,1533
1230,212
1230,450
1230,1035
301,345
301,325
301,1492
192,1559
1533,234
1533,321
105,411
105,1316
105,564
105,1383
1316,144
1316,1297
1316,1315
564,478
564,1539
1383,169
1383,473
1383,1363
106,520
106,280
106,1537
520,282
520,1492
280,651
1537,193
1537,499
782,196
782,762
782,763
671,563
671,1581
671,692
108,412
108,1516
108,172
108,392
412,216
412,391
412,542
1516,148
1516,736
172,740
172,498
172,1579
392,437
392,504
392,458
218,217
218,219
218,869
478,960
478,739
282,239
110,111
110,133
110,1131
111,134
111,1283
133,132
133,134
133,156
1131,267
1131,1154
134,135
134,157
1283,1260
1283,1282
1283,1284
135,136
135,158
136,137
136,159
137,138
137,160
138,139
138,161
139,140
139,162
140,141
140,163
141,142
141,164
142,143
143,990
122,164
122,166
145,298
145,1489
164,163
164,187
166,1382
166,1118
1229,232
1229,253
1229,1227
169,1470
125,1296
125,1206
125,345
1296,452
1296,472
1296,494
1206,1204
345,1472
345,1385
126,171
126,1491
126,1471
171,1517
171,1471
171,278
1491,147
1491,235
1491,237
1471,477
127,739
127,259
127,522
127,173
739,607
739,1540
259,695
259,632
259,501
522,761
522,673
522,566
173,130
173,631
128,454
128,543
128,261
454,477
454,539
543,455
543,784
261,219
261,416
261,719
129,348
129,326
129,1472
129,369
348,197
348,829
348,675
326,325
326,327
326,414
1472,302
1472,433
369,565
369,741
369,541
130,563
130,803
563,430
803,1562
803,1344
262,263
262,437
262,827
132,1045
132,1110
1045,176
1045,1022
1045,1044
1110,199
1110,1087
1110,1133
156,179
156,1067
157,180
157,1259
158,159
158,181
158,1130
159,160
159,182
160,161
160,183
161,162
161,184
162,163
162,185
163,186
990,991
990,1011
990,1013
144,1575
1575,1552
1575,1556
1575,1576
298,1034
298,1250
298,342
1489,1468
1489,1487
1489,1490
1185,209
1185,1184
1185,1187
147,193
147,1559
193,216
193,413
1559,565
1559,1557
148,1381
148,1337
148,1340
1381,212
1381,964
1381,1358
1337,1336
1337,1359
1340,453
1340,1320
1340,1359
149,1405
1405,473
1405,540
150,151
150,1427
150,1581
151,153
151,434
1427,276
1427,368
1581,303
1581,387
153,175
153,393
153,349
434,214
434,784
434,611
608,370
608,479
608,606
175,174
175,828
175,1520
393,416
393,678
393,1026
349,350
349,372
349,830
154,155
154,177
154,1154
154,1175
155,178
155,1132
155,1415
177,176
177,178
177,200
1154,483
1154,1155
1175,1152
1175,1176
1175,1198
178,179
178,201
1132,241
1132,307
1132,397
1415,1414
1415,1416
1415,1438
179,180
179,202
1067,328
1067,1066
1067,1198
180,181
180,203
1259,801
1259,1107
1259,1258
181,182
181,204
1130,1085
1130,1088
182,183
182,205
183,184
183,206
184,185
184,207
185,186
185,208
186,187
186,686
187,210
188,1317
188,407
1382,367
1118,189
1118,898
1118,1117
167,209
209,208
209,210
168,1512
168,1492
1512,189
1512,1510
1492,387
1470,386
170,258
170,234
170,390
258,256
258,281
258,347
234,453
390,651
390,1579
390,500
1517,477
278,277
278,1403
498,1560
498,629
1579,475
1579,1577
631,610
631,698
631,675
174,197
174,240
174,849
197,176
197,1066
240,241
240,718
240,826
849,305
849,826
828,765
828,829
828,851
1520,1519
1520,1521
1520,1543
176,958
958,935
958,957
958,959
200,199
200,201
200,223
201,202
201,224
202,203
202,225
203,204
203,226
204,205
204,227
205,206
205,228
206,207
206,229
207,208
207,967
208,339
686,533
686,597
686,709
210,1317
1317,297
1317,340
407,1080
407,495
407,1254
189,1361
189,1227
1361,429
1361,476
1227,1226
1227,1228
190,363
363,1142
363,1211
191,214
191,1295
191,1274
214,213
214,237
1295,429
1274,1253
1274,1276
1274,1294
216,217
216,826
413,236
413,851
413,873
239,1583
760,1453
760,1583
588,804
588,873
588,762
196,676
196,630
196,1583
676,654
676,983
676,786
630,1473
1583,691
1066,1043
1066,1065
198,199
198,219
198,980
198,1111
199,1284
219,915
980,957
980,979
980,981
1111,220
1111,483
1111,936
1284,1285
1284,1307
223,222
223,224
223,246
224,225
224,247
225,226
225,248
226,227
226,249
227,228
227,250
228,229
228,880
229,230
229,252
967,966
967,968
339,316
339,338
339,340
276,275
276,277
212,236
212,473
236,455
473,495
213,235
213,237
235,1252
237,718
827,761
827,806
1473,716
1473,757
217,673
217,697
673,565
673,1452
697,260
697,523
697,982
869,284
869,870
915,285
915,656
915,916
220,221
220,241
220,243
221,222
221,265
221,1044
241,871
243,242
243,244
243,266
222,244
222,245
265,264
265,266
265,288
1044,1043
1044,1087
244,245
244,1199
245,246
245,268
246,247
246,269
247,248
247,270
248,249
248,271
249,250
249,272
250,273
880,881
880,924
230,231
230,535
252,253
252,773
231,232
231,295
535,797
535,995
535,580
232,1013
295,294
295,296
295,512
1013,297
1013,425
453,320
1252,254
1252,365
1252,1275
718,544
654,1135
654,918
871,546
871,870
871,872
242,263
242,395
242,936
263,305
395,372
395,374
395,396
936,913
936,935
266,267
266,289
1199,1198
1199,1200
1199,1222
268,267
268,269
268,291
269,270
269,292
270,271
270,293
271,272
271,294
272,273
272,968
273,274
273,296
274,275
274,579
253,254
253,361
773,750
773,774
773,796
254,256
254,1057
361,338
361,381
361,881
256,1319
1057,426
1057,469
1057,472
1184,1164
1319,626
1319,649
1319,1299
1406,365
1406,692
1406,1408
476,367
476,499
1297,343
1297,366
281,283
281,1558
281,784
347,916
347,389
347,675
695,260
695,1539
632,437
632,961
501,762
501,677
501,633
260,672
260,761
672,890
672,737
416,439
416,677
719,852
719,804
437,526
305,306
305,328
264,285
264,287
264,482
285,284
285,1087
287,286
287,288
287,310
482,459
482,483
482,505
288,289
288,311
267,290
289,290
289,312
290,291
290,313
291,292
291,314
292,293
292,315
293,294
293,316
294,317
968,969
968,991
296,297
579,556
579,602
579,819
277,342
277,1275
342,539
342,1079
1275,582
1275,648
1403,1402
651,606
283,368
283,394
283,1024
1558,452
1558,496
1558,1556
784,391
368,544
394,371
394,417
394,893
1024,525
1024,1001
284,981
284,1026
981,306
981,526
1026,1025
1026,1158
286,307
286,1198
286,1242
307,306
1242,462
1242,549
1242,1241
310,309
310,311
310,333
311,312
311,334
312,313
312,335
313,314
313,336
314,315
314,337
315,316
315,338
316,317
317,688
512,489
512,511
512,753
297,321
321,320
321,1298
1034,971
1034,1189
1034,1079
1250,1248
1250,1269
1250,1270
1098,1078
1098,1096
1098,1097
1163,1161
1163,1164
1141,1140
1141,1142
1141,1161
325,389
306,329
328,329
328,460
329,308
329,330
308,309
308,331
308,1306
309,332
309,1416
331,330
331,332
331,354
1306,1305
1306,1307
1306,1329
332,333
332,355
1416,1393
1416,1417
333,334
333,356
334,335
334,357
335,336
335,358
336,337
336,359
337,338
337,360
688,797
688,1039
688,1083
318,385
318,1014
318,1080
318,1120
385,384
385,386
1014,668
1014,991
1014,1103
1080,712
1080,713
1120,1139
319,1035
319,1146
319,1100
319,1232
1035,427
1035,1059
1146,471
1146,494
1146,1126
1100,515
1100,992
1100,1099
1232,538
1232,560
1232,584
1298,450
1298,627
1298,757
1385,496
1538,1497
1538,1539
1538,1540
389,653
389,1448
327,350
327,436
327,829
414,852
414,1047
350,351
350,373
436,459
436,524
436,983
829,766
460,938
460,1265
460,655
330,351
330,353
351,1197
351,1244
353,352
353,354
353,376
354,355
354,377
355,356
355,378
356,357
356,379
357,358
357,380
358,359
358,381
359,360
359,578
360,491
360,710
340,536
340,1233
536,1102
536,1144
536,1166
1233,495
1233,689
1233,1231
449,1078
449,1122
1167,496
1167,669
1167,1036
430,1495
539,714
539,541
1079,1060
1079,1078
343,1490
343,1318
1490,1030
1490,1510
1318,429
1318,1320
344,1448
344,499
344,607
1448,366
1448,451
607,475
607,627
916,962
916,1157
372,373
372,1003
830,832
830,1050
830,1225
373,352
373,374
1197,1220
1244,745
1244,1221
1244,1243
352,375
352,1000
375,376
375,398
375,1089
1000,977
1000,999
1000,1001
376,377
376,399
377,378
377,400
378,379
378,401
379,380
379,402
380,381
380,403
381,404
578,555
578,776
578,1038
491,490
491,602
491,667
710,666
710,733
710,755
881,882
881,904
362,426
362,470
362,1211
426,796
426,580
470,1147
470,1211
470,1210
1211,537
1142,1031
1142,1144
364,406
364,1122
364,493
406,1190
406,515
406,1209
1122,471
493,469
493,1235
493,731
365,475
365,1145
475,1407
1145,603
1145,1144
1145,1147
366,1407
366,367
1407,428
1407,560
544,545
544,786
565,611
741,415
741,545
741,1046
541,1321
541,693
370,502
370,939
502,500
502,634
502,1070
939,852
939,1092
939,1180
371,653
371,851
371,895
653,542
851,874
895,635
895,894
895,896
1003,569
1003,613
1003,1002
374,397
374,484
397,398
397,420
484,485
484,505
484,507
398,399
398,421
1089,438
1089,526
1089,1112
399,400
399,422
400,401
400,423
401,402
401,424
402,403
402,425
403,404
403,708
404,687
382,383
382,994
382,1101
383,384
383,689
383,1124
994,447
994,995
994,1017
1101,513
1101,1099
1101,1102
384,1036
384,452
689,557
689,1277
1124,1123
1124,1125
1124,1126
1036,1060
1036,1276
500,523
500,764
391,629
391,721
629,1409
721,458
721,873
721,982
504,1046
504,567
504,785
458,1047
458,1070
678,811
678,963
678,1159
417,418
417,937
417,1025
893,870
893,894
396,419
396,1221
396,1350
419,418
419,420
419,442
1221,1220
1221,1222
1350,1349
1350,1373
420,421
420,443
421,422
421,444
422,423
422,445
423,424
423,446
424,425
424,447
425,601
708,685
708,707
708,709
687,598
687,624
687,820
405,667
405,993
405,1011
405,1015
667,1038
667,1279
993,970
993,1016
993,1170
1011,1010
1015,601
1015,798
1015,1190
1190,603
1190,1168
515,1188
515,1082
1209,1210
1209,1228
495,668
1254,645
1254,733
1254,1231
408,1321
408,1363
1321,472
1321,645
1363,1387
582,1344
582,1058
516,604
516,1144
542,1429
873,919
852,1201
1047,1115
1047,1090
415,720
415,1091
415,1134
720,698
720,700
720,1092
1091,808
1091,1004
1091,1027
1134,568
1134,699
1134,722
439,418
439,440
439,636
677,917
677,982
418,441
937,914
937,938
1025,983
1025,1002
441,442
441,464
442,443
442,465
443,444
443,466
444,445
444,467
445,446
445,468
446,447
446,683
447,711
601,1039
601,1061
796,795
796,819
580,448
580,1103
427,1081
427,668
427,1212
1081,471
1081,1060
1081,1082
668,1388
1212,646
1212,1213
1212,1214
428,1253
428,645
428,1123
1253,1231
1253,1276
645,1191
1123,450
1123,560
429,537
537,1342
537,1125
1495,1496
433,610
433,566
433,1535
610,742
566,1048
566,742
1535,1556
611,1137
611,961
459,635
459,806
524,723
524,894
524,1180
983,1202
526,549
438,548
438,1068
438,1158
548,525
548,571
548,701
1068,763
1068,982
1068,1069
1158,679
1158,745
440,463
440,1112
440,1375
636,614
636,659
636,1289
463,462
463,464
463,486
1112,614
1112,1135
1375,1352
1375,1374
1375,1376
464,465
464,487
465,466
465,488
466,467
466,489
467,468
467,490
468,469
468,794
683,660
683,706
711,756
711,992
711,1062
448,643
448,665
448,732
643,576
643,600
643,731
665,469
665,642
665,798
732,709
732,778
732,1280
1078,1056
450,1278
1278,603
1278,646
1278,1277
451,538
451,1188
538,558
538,1213
1188,625
1188,646
477,479
568,1133
568,763
1070,787
1070,917
635,503
635,658
806,850
806,913
938,896
938,1092
1265,1264
1265,1266
1265,1288
655,766
655,850
655,941
461,1133
461,1179
461,1223
1133,1156
1179,613
1179,1156
1179,1178
1223,612
1223,811
1223,1222
462,483
462,485
485,486
485,508
486,487
486,509
487,488
487,510
488,489
488,511
489,490
490,772
794,771
794,795
794,817
1147,1127
1147,1148
1210,712
471,1342
1342,736
1342,1320
472,558
558,1166
558,1191
1277,1279
479,872
479,786
960,723
960,872
960,959
872,503
786,1069
480,591
480,743
480,850
480,545
591,547
591,592
591,723
743,1334
743,1291
743,918
850,525
545,590
481,612
481,700
481,764
481,1201
612,523
612,959
700,698
700,1136
764,1005
764,808
1201,940
1201,1157
505,702
505,1245
507,506
507,508
507,530
508,509
508,531
509,510
509,532
510,511
510,533
511,534
772,749
772,771
772,795
602,625
492,969
492,1016
492,1059
492,1058
969,555
969,970
1016,494
1016,1039
1059,800
1059,992
1058,1056
1058,1060
1235,1215
1235,1234
1235,1236
731,730
731,754
494,1187
1187,559
1187,1166
496,1452
1452,1474
1452,1497
1560,649
1560,780
523,1046
762,589
633,699
633,807
633,1093
634,590
634,722
634,831
503,525
503,959
1046,742
567,962
567,590
567,698
785,763
785,1113
702,679
702,725
702,857
1245,547
1245,1050
1245,1222
506,527
506,529
506,1333
527,528
527,1243
527,1418
529,528
529,530
529,552
1333,1030
1333,1310
1333,1506
530,531
530,553
531,532
531,554
532,555
532,1549
533,556
533,620
534,557
534,599
534,903
753,730
753,776
753,1017
513,600
513,948
513,1169
600,556
600,820
948,925
948,947
948,949
1169,1150
1169,1168
1169,1171
514,1189
514,1234
514,1255
1189,756
1189,1037
1234,1236
1234,1256
1255,736
1255,800
1255,1231
1082,1084
604,1300
604,606
604,1257
517,581
517,1322
581,690
581,691
1322,628
628,648
628,1453
723,746
894,569
1180,1048
1180,1157
549,550
528,551
528,1246
1243,1220
1243,1266
1418,1417
1418,1419
1418,1394
551,550
551,552
551,574
1246,744
1246,876
1246,1135
552,553
552,575
553,554
553,576
554,555
554,577
1549,620
1549,1526
1549,1548
556,973
620,619
620,621
557,625
557,729
599,576
599,622
599,644
903,904
903,926
797,774
797,820
995,972
995,1018
1102,734
1102,1104
1166,1168
1125,690
1125,1126
1213,757
1213,1214
714,670
714,1476
714,737
540,1408
540,1343
1408,647
1408,1387
1343,649
1343,780
1343,1320
693,583
693,1300
1429,584
1429,716
1429,759
590,744
546,656
546,831
546,874
656,679
656,789
831,832
831,1379
874,897
874,1312
547,657
547,914
657,1178
657,1200
657,1376
914,891
914,913
571,550
571,572
571,1417
701,724
701,856
701,1156
550,573
573,572
573,574
573,596
574,575
574,597
575,576
577,622
577,642
577,775
973,950
973,972
973,996
625,624
729,706
729,728
729,752
1191,1168
1191,1171
559,583
559,1104
559,1387
583,1366
1104,733
1104,1106
1474,670
1409,627
1539,691
1048,589
1048,1136
742,589
962,985
962,1069
569,570
569,592
570,1200
570,1332
570,1397
592,593
592,615
1200,680
1332,1309
1332,1331
1397,1374
1397,1420
572,593
572,595
1417,596
593,594
593,833
595,594
595,618
595,835
596,597
596,619
597,598
622,621
622,623
642,619
642,641
775,752
775,754
775,798
776,777
776,799
1038,1061
1038,1150
819,818
819,842
1103,713
1103,1037
690,1105
690,1237
691,1562
1344,1367
1344,1346
1366,624
1366,670
1366,734
804,802
804,1497
589,807
807,809
807,1092
744,1027
744,1005
615,594
615,616
594,617
833,613
833,834
833,1267
617,616
617,618
617,640
618,619
618,641
835,640
835,814
835,834
598,621
598,793
621,730
793,770
793,792
793,816
644,709
644,1105
644,1170
820,843
1039,1062
1061,1084
603,1037
1037,647
1300,1279
1300,1299
1257,669
1257,951
1257,1151
692,1431
627,1518
1137,1114
1137,1138
1137,1139
961,1247
961,1291
613,614
614,637
637,616
637,638
616,639
639,638
639,662
639,1398
640,641
640,663
641,664
730,707
623,624
623,971
623,1083
971,970
971,972
1083,754
1083,1106
626,736
626,780
780,759
1518,759
1518,1497
648,1432
1453,758
699,940
699,1136
1093,1071
1093,1074
1093,1094
722,1355
722,1225
658,659
658,681
658,746
659,638
659,660
1289,1266
1289,1288
1289,1312
638,661
661,660
661,662
661,684
662,663
662,685
1398,790
1398,1378
1398,1421
663,664
663,1528
664,685
664,752
1105,755
1105,1128
1170,1345
1170,1150
646,1299
1299,1279
647,1256
1256,1258
1256,1276
1432,1455
649,759
1428,1426
1135,788
918,787
918,1178
766,767
766,789
941,1311
941,1006
941,1094
679,680
789,790
789,1267
1178,1177
1376,900
1376,1353
681,660
681,680
681,682
746,769
684,685
684,707
1528,1483
1528,1527
1528,1506
752,751
798,821
666,774
666,974
666,1017
774,751
974,951
974,975
974,997
1388,777
1388,1411
669,845
669,800
845,822
845,844
845,846
670,778
778,779
890,867
890,889
890,891
737,1562
737,779
917,854
917,1203
811,788
811,1334
963,853
963,944
963,1248
1159,812
1159,921
1159,1138
682,705
682,1377
682,1462
705,704
705,706
705,728
1377,745
1377,1354
1462,813
1462,1461
1462,1551
706,707
1237,712
1237,801
1237,1260
1431,1454
940,1049
940,1113
1136,984
724,725
724,1355
856,855
856,857
856,878
1156,1155
725,704
725,726
857,834
704,727
727,726
727,728
727,750
728,751
733,756
755,1019
755,1345
756,802
992,991
1062,1085
1062,1258
712,1149
1149,1127
1149,1148
1149,1150
1476,801
1476,1477
1476,1499
1355,1354
1225,875
1225,1224
726,749
749,748
749,750
750,751
754,1018
1280,952
1280,1281
734,1496
1496,846
1496,1519
779,802
779,1236
1334,855
1334,1311
1291,1268
1291,1290
1027,1004
1027,1090
1005,1247
1005,1269
745,768
768,767
768,769
768,791
769,748
769,770
748,771
748,924
771,770
924,925
924,947
1018,1019
1018,1041
1019,996
1019,1020
1345,758
1345,1368
757,1192
1192,1172
1192,1193
1192,1194
758,1148
758,1301
1148,1127
1301,799
1301,1194
1301,1302
808,810
808,1224
765,832
765,984
765,854
832,834
984,788
984,920
854,1074
767,1267
1267,1266
791,770
791,790
791,792
795,818
777,1323
777,1367
799,822
1323,801
1323,1302
1367,1368
1367,1390
1236,1215
1113,1114
1113,1115
1069,810
787,1117
787,1399
1117,1116
1399,853
1399,899
1399,1378
788,1181
1181,942
1181,1031
1181,1160
790,813
813,792
813,1485
792,815
815,814
815,816
815,838
816,817
816,839
817,818
817,840
818,841
821,822
821,844
821,1411
913,912
809,875
809,1224
809,1115
810,1379
1224,1007
875,898
875,1313
1115,1114
1379,986
1379,1378
812,1464
812,1095
812,1530
1464,1441
1095,1096
1095,1097
1530,944
1530,1529
1485,876
1485,1484
814,837
814,1551
837,838
837,860
1551,1529
838,839
838,861
839,840
839,862
840,841
840,863
841,842
841,864
842,843
842,865
843,844
843,866
844,867
1411,1412
1411,1434
846,847
1454,1455
1454,1477
1050,919
1050,1073
859,860
859,882
860,861
860,883
861,862
861,884
862,863
862,885
863,864
863,886
864,865
864,887
865,866
865,888
866,867
866,889
847,870
853,898
853,1072
898,1202
1072,1004
1072,1006
1072,1051
1074,1075
1074,1094
855,878
878,877
882,883
882,905
883,884
883,906
884,885
884,907
885,886
885,908
886,887
886,909
887,888
887,910
888,889
888,911
889,912
1042,1041
1042,1043
1042,1065
919,896
897,877
897,943
1312,966
1313,1293
1313,1294
876,877
877,900
904,905
904,927
905,906
905,928
906,907
906,929
907,908
907,930
908,909
908,931
909,910
909,932
910,911
910,933
911,912
911,934
912,935
891,1542
1542,1519
1542,1543
896,985
985,986
985,1116
943,966
943,1574
943,1507
1202,1203
1202,1204
899,1441
925,926
922,921
922,966
922,1420
926,927
926,949
927,928
927,950
928,929
928,951
929,930
929,952
930,931
930,953
931,932
931,954
932,933
932,955
933,934
933,956
934,935
934,957
1157,1155
1203,1204
920,921
920,1030
921,1422
1030,1053
1422,1402
1422,1421
1420,1419
947,970
949,950
949,972
950,951
952,953
952,975
953,954
953,976
954,955
954,977
955,956
955,978
956,957
956,979
1049,1292
1049,1073
1049,1421
1311,1288
1311,1310
1006,1226
1094,1075
942,1358
942,1028
1358,1029
1028,1421
1028,1182
1028,1292
1574,1552
1574,1553
1574,1572
1507,1506
944,1488
1488,1468
1336,1315
975,976
975,998
976,977
976,999
977,978
978,979
978,1001
979,1002
1247,1226
1247,1248
1248,1228
964,1576
964,1097
1576,1557
1576,1577
1097,1096
965,987
965,1032
965,1315
987,986
987,1294
1032,1553
1032,1054
996,997
997,998
997,1020
998,999
998,1021
999,1022
1001,1002
986,1009
1116,1096
1116,1114
1009,1010
1294,1293
1007,1140
1073,1052
1020,1021
1020,1043
1021,1022
1021,1239
1004,1177
1177,1176
1177,1155
1269,1268
1269,1270
1226,1228
1140,1138
1239,1129
1239,1216
1239,1262
1090,1071
1090,1088
1182,1160
1182,1161
1292,1290
1292,1293
1029,1071
1071,1051
1053,1051
1053,1052
1053,1054
1031,1139
1139,1138
1553,1552
1553,1572
1054,1052
1054,1055
1065,1240
1084,1107
1085,1086
1258,1238
1240,1217
1240,1263
1240,1346
1106,1107
1106,1086
1107,1086
1128,1129
1128,1151
1128,1109
1129,1152
1129,1109
1151,1109
1152,1304
1304,1281
1304,1305
1304,1261
1176,1309
1171,1172
1172,1193
1309,1308
1309,1310
1193,1216
1193,1194
1216,1217
1216,1195
1194,1217
1217,1218
1195,1218
1195,1214
1195,1215
1218,1241
1328,1305
1328,1327
1328,1329
1241,1264
1241,1260
1260,1238
1262,1263
1262,1285
1262,1261
1263,1264
1263,1286
1346,1326
1346,1327
1264,1287
1285,1286
1285,1308
1286,1287
1286,1505
1287,1288
1287,1310
1281,1282
1281,1519
1282,1305
1282,1238
1307,1308
1307,1330
1308,1331
1505,1482
1505,1504
1505,1506
1302,1303
1302,1325
1303,1326
1303,1261
1303,1327
1326,1325
1326,1327
1329,1330
1329,1352
1330,1331
1330,1353
1331,1354
1325,1348
1348,1349
1348,1369
1352,1353
1353,1354
1368,1369
1368,1391
1370,1369
1370,1371
1370,1393
1349,1371
1349,1372
1373,1372
1373,1374
1373,1396
1390,1391
1390,1413
1369,1392
1391,1392
1391,1414
1392,1393
1392,1371
1371,1372
1393,1394
1372,1395
1395,1394
1395,1396
1395,1440
1396,1419
1412,1413
1412,1435
1413,1414
1413,1436
1414,1437
1394,1440
1434,1435
1434,1457
1435,1436
1435,1458
1436,1437
1436,1459
1437,1438
1437,1460
1438,1461
1455,1456
1455,1478
1456,1457
1456,1479
1457,1458
1457,1480
1458,1459
1458,1481
1459,1460
1459,1482
1460,1461
1460,1483
1461,1484
1477,1478
1477,1500
1478,1479
1478,1501
1479,1480
1479,1502
1480,1481
1480,1503
1481,1482
1481,1504
1482,1483
1483,1484
1499,1500
1499,1522
1500,1501
1500,1523
1501,1502
1501,1524
1502,1503
1502,1525
1503,1504
1503,1526
1504,1527
1521,1522
1521,1544
1522,1523
1522,1545
1523,1524
1523,1546
1524,1525
1524,1547
1525,1526
1525,1548
1526,1527
1543,1544
1544,1545
1545,1546
1546,1547
1547,1548
1051,1052
1055,1056
1055,1075
1086,1088
1088,1109
1126,1127
1160,1161
1214,1215
1238,1261
1268,1270
1268,1290
1270,1290
1468,1487
1510,1529
1552,1572
1556,1557
1557,1577
