41.03972978854355 0.7567955961171988 1212.9324595996547 
39.41872435462256 0.7771265128566116 1615.2501422918622
39.91362137975235 0.7960725812138112 1687.3838861981608 
39.6420833514733 0.7948352944090518 1598.6353327297707 
40.03492696136832 0.7569393806420105 1661.47981840988 
39.34832168349831 0.7541024290221023 1638.7928058742366 
39.6431366961806 0.7973323540538747 1686.9860387318129 
39.17632571980969 0.7691049752215702 1636.0916985536396 
39.473834762971144 0.7298766887738951 1661.3245156452058 
40.13918882071408 0.7680720634004685 1668.3469867534088 
39.156135409236725 0.7191016192808681 1616.8136546948376 
40.08472335484331 0.7746946745164143 1664.6592621942025 
39.64875126156589 0.7840991228392954 1626.7880484875468 
39.58791366764277 0.6616682894719098 1697.7324565756455 
39.50885754560253 0.7712403376619332 1194.9077404501852 
40.203433190437984 0.7677315732273651 1669.8264856291555 
39.569414237648466 0.7635680107296923 1651.0638186008248 
38.56764827965717 0.7844569961159535 1156.074517163423
39.70820446288665 0.7596509625928763 1653.6590893674017
39.39136162068694 0.7479136820781751 1657.969108914235 
39.79672241296617 0.733350230185355 1602.8982337683303 
39.850678122894124 0.7430797785506871 1651.977167733701 
39.63320717347708 0.7909665457384534 1618.8058401777582 
39.78822174156128 0.8110936115809644 1649.1392020788985 
40.36261460338577 0.757966494100089 1701.202935598888 
39.52487104419019 0.7161907509278728 1619.739574891876 
39.13218679741206 0.7510250004598672 1623.0386516592473 
39.305778546737464 0.7932127027319579 1648.5942544739823 
39.29008869305172 0.7690150144981176 1595.8058371700492 
40.015097108735986 0.7774647829896251 1677.61575689197 
39.71425815099708 0.747256072214095 1647.0505109294252
39.85473964026313 0.7543345639828702 1697.729017525553 
39.6744948134174 0.7719879136668695 1663.9104196624903
39.54579948359254 0.773936518669716 1662.6900113452743 
39.64140297893817 0.7272996606886354 1665.0330738957296 
40.130865910425925 0.7772962222164289 1719.3369317868448 
39.69946127063372 0.7129172352628722 1692.4144414404916 
39.94753838913465 0.7553442293913419 1636.9213976624815 
39.18106380691052 0.8003095047584358 1634.2026961824272 
40.415297244741225 0.7311833315910423 1706.186364501313 
39.915380632023435 0.7734643298715391 1670.1202958235126 
39.74071582985536 0.7446397049479017 1674.7624648613491 
39.4271285335868 0.7888314542656167 1660.7606315464009 
38.16109025704695 0.7824311725911763 1151.1325088659225 
40.48373666232768 0.724160652064629 1711.8389102790447 
38.10307198957959 0.785496722411014 1148.3803233672834 
39.67031027298091 0.7368043716054055 1648.566653197018 
38.06102212530078 0.786703240845138 1154.2033869046188 
37.87625995599508 0.7880681467680358 1153.5885942036584 
37.87420153066002 0.7878211639517833 1154.489493441314 
38.04063910352049 0.7887943218133624 1155.315925727991 
37.8717635968736 0.7879295553142018 1155.34713734474 
37.85583326664146 0.7891472890773384 1162.5661198501425 
39.98307588730376 0.7409847461231518 1652.5154003056168 
37.86139001698215 0.7891959399716448 1161.791370720363 
39.156135409236725 0.7191016192808681 1616.8136546948376 
37.85103509787362 0.7894513377516313 1162.5115245866482 
37.947198389805834 0.7908015427462664 1153.5215028934333 
39.89189827305945 0.7660767637800477 1668.1876116880396 
37.856972075187365 0.7883885643911529 1163.0815674624616 
37.85799618101128 0.7889174126953664 1163.1341020850557 
38.13791257329614 0.7843661237501187 1150.5875895781498 
37.846197536713056 0.7878309194493242 1165.109313372522 
38.846748963956564 0.77249395491936 1168.2919702659317 
37.84560060965736 0.7878473524463141 1163.2826777798316 
37.84234389051646 0.786592071898767 1163.4567403974606 
38.10307198957959 0.785496722411014 1148.3803233672834 
37.8319355996389 0.7877906075761396 1164.7663807315878 
37.89452878220925 0.7901780698064359 1155.0433133269134 
37.83493322987199 0.7879010115635986 1165.8009690279773 
38.43237155634901 0.7832258360087956 1157.5754454584662 
37.83153402964632 0.7877646622324659 1165.3034324203988 
37.89409208708769 0.7905554469999133 1153.2881788722539 
38.56764827965717 0.7844569961159535 1156.074517163423 
37.83287407266614 0.788006965884565 1166.005440802639 
37.83217190736966 0.7862870525361291 1166.099331549938 
38.61243740202043 0.7812087586625972 1161.51150041697 
37.84374524486436 0.7866324222250821 1163.574993646866 
37.84494176448248 0.7868726984970086 1164.0890227971774 
38.00967447126545 0.7906149166351932 1150.4488015232089 
37.88980857576084 0.7898660229111493 1154.21941054934 
38.00961717857908 0.7885040031667336 1153.493037086605 
37.96414626251843 0.7910503739026065 1152.4959222488487 
37.87235781202422 0.7897496899567141 1154.6415249134577 
38.230910204772044 0.7862246396364183 1151.9539066760942 
37.82265362979192 0.7855980490579701 1167.2930475403564 
37.973367267764395 0.7938778330644772 1150.3889602868646 
37.8320120091695 0.7878427574605551 1164.4452867462462 
37.842659814085 0.7873346770590482 1163.4262608096037 
37.95809321312108 0.7910020681638326 1152.1077997813652 
37.87188457341494 0.7867685382754379 1154.4869191310775 
38.41177121490975 0.78718621943564 1156.48337939181 
37.82778067146768 0.7876847737528646 1166.8547435170403 
37.87931851259613 0.7874591897786442 1154.1841043522759 
38.325477365012496 0.785566448127612 1151.38176131487 
37.82722080891032 0.7876961730526897 1165.9664393883115 
37.82517300058726 0.7882351424569799 1166.9835776637597 
37.825278509096535 0.7877603521434031 1167.3654229014128 
37.82445945746704 0.7881151480933791 1168.2365211120994 
37.823060237666766 0.788845028103768 1167.9632035069806 
37.77465815010849 0.7918148362648826 1173.8629871956257
37.75563216328966 0.7960953750324355 1174.5290858606666
37.752646792929625 0.7970289694069302 1178.2030302546436
37.69963541904171 0.7981484428622497 1177.9247688456844
37.69457395722819 0.7982520176490394 1180.7918522874504
37.67422408936378 0.8021488888472112 1180.6802452396882
37.67297061347526 0.8051454817728021 1178.0872303172962
37.66127301986495 0.8112909178001777 1177.8790791131055
37.655901919785826 0.8113101509297073 1177.953189011749
37.65558532519015 0.811371378871112 1176.8635338269871
37.56630320603358 0.8116252015246299 1176.432486112576
37.539282779068344 0.8132032448938427 1174.377357521219
37.537423719183195 0.8132544771142028 1171.8668792548267
37.5126179096213 0.8161553699131023 1171.5632682032196
37.5120794938506 0.8161600776369736 1171.6418448025572
37.50505451497943 0.8164657486718188 1172.4947306135332
37.50115200930675 0.817431434547991 1171.347499572444
37.49899097440719 0.8187007648348574 1172.0370520058318
37.49265688856492 0.819191934833139 1171.8828606224247
37.47221315931585 0.8200168525198626 1173.2459104799427
37.471951150076094 0.8200463096652143 1172.6667595734073
37.41088500315771 0.822400950903891 1172.6706908824874
37.409827140464046 0.8224112125064331 1169.6075172930286
37.404260362930394 0.822713891324702 1169.2041156406851
37.32768210313063 0.8256012974424652 1168.5809599071129
37.321940566586214 0.8265013899034891 1162.1271681699054
37.31254557317906 0.8288510892130833 1161.0855792509876
37.310298336362884 0.828851757430928 1159.7840895911488
37.30687656516692 0.828979912618319 1159.7441248234143
37.30654233613056 0.8289947002178378 1159.5000661653544
37.30613766440382 0.828998421201384 1159.6611564871082
37.306116904179866 0.8289984468124164 1161.6602900563255
37.30103323795291 0.8290762215416859 1161.6599350574852
37.28523572998798 0.8306433630974459 1160.0782336294599
37.285071852204474 0.8309507510565419 1160.6640921779565
37.27992480229422 0.8311343704028646 1159.6295915618925
37.27686933758996 0.8333480036727092 1159.5621572477316
37.2659725958637 0.8336396197966801 1161.1116122258009
37.264547211952355 0.8337184491176408 1159.786744153683
37.26451993056711 0.8337669760327066 1160.2706468844312
37.259189780820705 0.8364584661083629 1160.3050005763866
37.25254225288144 0.8365564300389567 1160.0685368315096
37.23847409922687 0.8414795000814966 1159.9435057464639
37.207786936397696 0.8451567716626679 1160.9683429452218
37.20736000346784 0.8452171977594051 1158.9625780387307
37.20686117000087 0.8465693321746024 1158.9937170906571
37.20150188934833 0.8470646636364685 1159.0565107715308
37.201434448157734 0.8470647302831917 1158.8241105917616
37.19945260394018 0.8470961514859309 1158.8536162231533
37.198029024395666 0.8473610410777086 1158.233585979188
37.19624001162463 0.8473687715802314 1158.9580505485676
37.18780779621554 0.8475471917502867 1158.096481570027
37.18518481604438 0.8476272712156198 1155.7039498119118
37.17378310802707 0.8479493334877071 1155.8260247520602
37.172731228993676 0.8479794519213765 1156.2362932937015
37.17011436328583 0.849055057685837 1156.053657238095
37.16981044832976 0.8490827182923268 1156.5190699833915
37.16009319549811 0.8495536602235705 1156.6204013916922
37.15944703640762 0.8495551704985957 1156.4929722948127
37.15722092588179 0.8495979353071276 1156.7782002228325
37.15715233105591 0.849617072270774 1155.6149010484978
37.15634372425869 0.8496371587540693 1155.87554167514
37.14320682381792 0.8503141446642487 1155.9962057786151
37.1431896839532 0.8503278277471495 1157.1684773145867
37.14316279385672 0.8503583673492991 1157.059176439647
37.13321772522475 0.8503651054162004 1157.076105150585
37.13212414678726 0.8522085241918661 1156.9562885794594
37.10943719654958 0.8523885968540188 1157.3093882101357
37.103154856699604 0.8524264298282018 1154.202477048449
37.08429104749716 0.8538771559484918 1155.0277865319833
37.08373723818279 0.8543281450879177 1153.1667377656545
37.08316869310747 0.854455876538919 1153.626568260476
37.08219399270882 0.8544568219279505 1153.5377240876624
37.06764877447572 0.8546985777354212 1153.4379306987723
37.067420145742474 0.8547085856146953 1152.3117524618574
37.06617808755731 0.8547822027926554 1152.8890119904531
37.065786616369 0.8547847829998283 1154.7478090488933
37.06071199017113 0.8560983293141367 1154.734711775454
37.04712891470798 0.8562003934636687 1153.4281000357714
37.04690161306453 0.8562017811311391 1153.1183832337135
37.046836726249126 0.8562018471623237 1153.1977019317223
37.04676782763836 0.8562067782577424 1153.132939819206
37.046087557372466 0.856250874656697 1153.1541809632765
37.044088402092854 0.8565639232755392 1153.3117540204237
37.04393807298099 0.8566081554341862 1153.6865285843091
36.94102380644666 0.8589016712816294 1154.278657746006
36.93874898224229 0.8589139700088799 1150.1990470556764
36.93709638131284 0.8589449300222064 1150.1371458640717
36.93666263597923 0.8590483795198581 1150.1753437941884
36.9284549133788 0.8591787007547014 1150.6243665133716
36.92824981881251 0.8591826458492583 1150.3557624479913
36.925149177828 0.8614525351462179 1150.1994083394563
36.92508856475411 0.8614666910622926 1150.303435766529
36.92312193159647 0.8615319761270706 1150.3039269949156
36.91963523178709 0.8617941433187114 1150.2606019620625
36.91777297197114 0.8619052784895281 1149.3843146282013
36.91658958023524 0.8620453640176328 1149.3971022396179
36.9165606202226 0.862136950626217 1148.9832246312067
36.91641962092209 0.8621370506474595 1149.0120399144023
36.91621351562576 0.8621373824241919 1149.0902625160038
