0,303
0,463
0,376
0,343
1,336
1,345
1,118
1,294
2,372
2,459
2,39
2,48
3,717
3,569
3,605
3,499
4,82
4,210
4,207
4,342
5,645
5,718
5,254
5,250
6,334
6,408
6,256
6,328
7,376
7,495
7,173
7,214
8,47
8,570
8,497
8,495
9,606
9,43
9,127
9,96
10,528
10,576
10,94
10,244
11,49
11,133
11,374
11,614
12,136
12,530
12,533
12,523
13,57
13,370
13,658
13,174
14,441
14,363
14,19
14,371
15,532
15,527
15,247
15,21
16,318
16,484
16,284
16,52
17,406
17,56
17,695
17,477
18,319
18,240
18,620
18,438
19,319
19,138
19,403
20,66
20,696
20,517
20,141
21,694
21,443
21,437
22,706
22,101
22,317
22,392
23,105
23,513
23,143
23,276
24,321
24,104
24,473
24,149
25,361
25,585
25,270
25,27
26,706
26,147
26,224
26,634
27,311
27,105
27,314
28,635
28,184
28,515
28,396
29,504
29,66
29,436
29,354
30,549
30,304
30,113
30,351
31,116
31,514
31,313
31,306
32,266
32,586
32,263
32,186
33,112
33,388
33,195
33,275
34,146
34,466
34,38
34,629
35,711
35,150
35,638
35,708
36,340
36,265
36,717
36,71
37,229
37,70
37,420
37,380
38,683
38,344
38,675
39,425
39,419
39,379
40,380
40,498
40,680
40,715
41,115
41,295
41,375
41,642
42,421
42,502
42,718
42,338
43,334
43,499
43,380
44,680
44,332
44,499
44,606
45,367
45,531
45,121
45,209
46,373
46,379
46,415
46,164
47,50
47,173
47,328
48,689
48,488
48,51
49,449
49,533
49,616
50,134
50,283
50,211
51,97
51,657
51,443
52,565
52,98
52,441
53,522
53,327
53,178
53,485
54,215
54,659
54,491
54,100
55,409
55,321
55,521
55,489
56,94
56,249
56,99
57,140
57,482
57,58
58,142
58,177
58,516
59,403
59,400
59,280
59,402
60,360
60,103
60,481
60,135
61,483
61,392
61,705
61,354
62,103
62,511
62,357
62,702
63,440
63,102
63,184
63,189
64,591
64,667
64,671
64,231
65,708
65,586
65,72
65,632
66,507
66,667
67,469
67,70
67,431
67,629
68,230
68,345
68,353
68,511
69,675
69,470
69,709
69,634
70,586
70,548
71,267
71,543
71,351
72,473
72,354
72,428
73,711
73,267
73,80
73,471
74,670
74,153
74,634
74,304
75,589
75,510
75,673
75,390
76,426
76,672
76,309
76,713
77,429
77,122
77,540
77,160
78,458
78,195
78,539
78,155
79,415
79,155
79,461
79,122
80,500
80,162
80,158
81,384
81,156
81,383
81,535
82,685
82,421
82,543
83,125
83,463
83,420
83,161
84,578
84,538
84,682
84,119
85,492
85,421
85,534
85,416
86,458
86,539
86,409
86,684
87,494
87,691
87,653
87,566
88,693
88,170
88,498
88,366
89,529
89,528
89,164
89,524
90,567
90,95
90,132
90,125
91,364
91,174
91,454
91,534
92,331
92,604
92,527
92,211
93,653
93,100
93,525
93,648
94,611
94,285
95,140
95,483
95,696
96,526
96,180
96,654
97,365
97,484
97,480
98,362
98,483
98,326
99,701
99,402
99,516
100,135
100,519
101,475
101,147
101,515
102,103
102,320
102,399
103,705
104,513
104,628
104,106
105,221
105,138
106,435
106,222
106,559
107,552
107,143
107,393
107,438
108,347
108,430
108,557
109,314
109,476
109,388
109,233
110,387
110,716
110,233
110,509
111,583
111,113
111,315
111,235
112,229
112,114
112,512
113,460
113,582
114,353
114,547
114,428
115,117
115,512
115,381
116,155
116,540
116,156
117,538
117,537
117,426
118,717
118,455
118,199
119,467
119,376
119,496
120,455
120,502
120,542
120,243
121,502
121,378
121,544
122,462
122,158
123,533
123,329
123,331
123,369
124,241
124,126
124,453
124,532
125,330
125,207
126,246
126,285
126,499
127,325
127,693
127,528
128,606
128,655
128,417
128,411
129,245
129,333
129,175
129,210
130,696
130,651
130,295
130,256
131,482
131,609
131,415
131,366
132,296
132,529
132,610
133,531
133,168
133,211
134,650
134,288
134,139
135,601
135,439
136,325
136,173
136,172
137,445
137,221
137,567
137,562
138,140
138,361
139,596
139,257
139,561
140,184
141,182
141,148
141,436
142,554
142,392
142,180
143,220
143,261
144,219
144,435
144,262
144,309
145,472
145,478
145,232
145,192
146,268
146,264
146,480
147,193
147,151
148,465
148,395
148,266
149,517
149,424
149,554
150,471
150,552
150,389
151,196
151,394
151,554
152,505
152,466
152,274
152,225
153,236
153,227
153,666
154,508
154,584
154,546
154,665
155,237
156,505
156,351
157,625
157,423
157,273
157,587
158,506
158,507
159,422
159,277
159,535
159,418
160,239
160,541
160,461
161,577
161,573
161,659
162,572
162,206
162,657
163,203
163,242
163,690
163,492
164,412
164,532
165,459
165,238
165,250
165,283
166,333
166,607
166,370
166,249
167,493
167,370
167,658
167,458
168,201
168,203
168,205
169,688
169,445
169,333
169,202
170,284
170,695
170,533
171,651
171,287
171,329
171,175
172,486
172,521
172,443
173,363
174,214
174,286
175,685
175,411
176,291
176,686
176,334
176,221
177,523
177,257
177,366
178,476
178,442
178,214
179,480
179,679
179,562
179,224
180,186
180,401
181,265
181,478
181,185
181,182
182,477
182,400
183,258
183,523
183,550
183,590
184,259
185,348
185,600
185,477
186,474
186,308
187,677
187,512
187,626
187,588
188,546
188,593
188,432
188,263
189,636
189,391
189,671
190,272
190,229
190,584
190,706
191,231
191,383
191,663
191,474
192,265
192,197
192,676
193,674
193,548
193,279
194,388
194,542
194,345
194,427
195,271
195,580
196,460
196,590
196,276
197,548
197,429
197,626
198,619
198,457
198,275
198,580
199,234
199,423
199,275
200,700
200,359
200,236
200,613
201,583
201,575
201,276
202,538
202,283
202,249
203,536
203,576
204,492
204,617
204,319
204,363
205,579
205,611
205,252
206,447
206,698
206,243
207,323
207,491
208,324
208,413
208,292
208,407
209,525
209,256
209,374
210,287
210,525
211,330
212,293
212,416
212,649
212,601
213,690
213,447
213,444
213,337
214,689
215,598
215,261
215,366
216,648
216,299
216,406
216,368
217,262
217,339
217,644
217,680
218,597
218,567
218,683
218,679
219,600
219,300
219,522
220,521
220,639
220,640
221,268
222,346
222,678
222,599
223,592
223,597
223,593
223,594
224,599
224,266
225,630
225,302
225,712
226,470
226,678
226,716
226,431
227,388
227,390
227,468
228,311
228,707
228,434
228,425
229,714
230,352
230,635
230,670
231,668
231,344
232,310
232,545
232,709
233,279
233,550
234,542
234,468
234,274
235,669
235,510
235,663
236,277
236,666
237,281
237,241
237,282
238,577
238,582
238,541
239,464
239,458
239,698
240,578
240,534
240,660
241,692
241,535
242,697
242,359
242,575
243,327
243,497
244,322
244,448
244,613
245,328
245,654
245,250
246,411
246,326
246,619
247,413
247,690
247,613
248,452
248,332
248,655
248,691
249,291
250,691
251,652
251,253
251,286
251,367
252,329
252,332
252,650
253,530
253,413
253,445
254,258
254,650
254,483
255,688
255,639
255,652
255,646
256,648
257,564
257,299
258,379
258,564
259,297
259,604
259,558
260,646
260,639
260,302
260,298
261,637
261,632
262,638
262,297
263,349
263,562
264,385
264,348
264,549
265,301
266,629
267,428
267,630
268,469
268,509
269,354
269,315
269,628
269,314
270,303
270,343
270,355
271,314
271,555
271,352
272,595
272,703
272,553
273,547
273,710
273,503
274,308
274,385
275,278
276,317
277,657
277,620
278,582
278,656
278,621
279,703
279,661
280,316
280,579
280,583
281,620
281,655
282,365
282,368
282,398
283,535
284,661
284,577
285,692
285,696
286,699
286,695
287,616
287,412
288,453
288,371
288,293
289,568
289,485
289,374
289,645
290,484
290,368
290,451
290,405
291,492
291,687
292,529
292,568
292,654
293,340
293,566
294,340
294,609
294,488
295,522
295,523
296,419
296,565
296,410
297,602
297,685
298,679
298,605
298,381
299,679
299,603
300,341
300,423
300,604
301,377
301,603
301,643
302,339
302,715
303,597
303,389
304,465
304,594
305,423
305,715
305,560
305,349
306,308
306,433
306,595
307,464
307,514
307,630
307,344
308,506
309,434
309,668
310,623
310,671
310,432
311,317
311,312
312,434
312,587
312,465
313,670
313,664
313,545
315,469
315,467
316,622
316,472
316,698
317,622
318,433
318,699
318,664
319,656
320,394
320,702
320,697
321,396
321,615
322,612
322,693
322,362
323,447
323,402
323,440
324,651
324,699
324,325
325,612
326,653
326,403
327,494
327,657
328,331
329,694
330,452
330,569
331,487
332,337
333,449
334,681
335,719
335,337
335,414
335,649
336,493
336,487
336,409
337,344
338,384
338,417
338,718
339,384
339,646
340,677
341,717
341,422
341,460
342,642
342,417
342,384
343,631
343,599
345,430
346,673
346,710
346,634
347,467
347,422
347,675
348,393
348,707
349,631
349,555
350,504
350,387
350,396
350,673
351,592
352,359
352,433
353,705
353,432
355,545
355,475
355,439
356,397
356,471
356,700
356,662
357,705
357,704
357,662
358,707
358,585
358,669
358,700
359,619
360,444
360,474
360,367
361,704
361,519
362,404
362,702
363,445
364,479
364,443
364,659
365,448
365,412
367,527
368,568
369,603
369,606
369,409
370,564
371,450
371,686
372,612
372,605
372,531
373,414
373,524
373,610
374,569
375,526
375,453
375,456
376,497
377,419
377,649
377,641
378,453
378,418
378,416
379,457
380,503
381,678
381,640
382,681
382,639
382,682
382,503
383,501
383,682
385,637
385,549
386,426
386,589
386,465
386,667
387,431
387,543
389,704
389,556
390,588
390,507
391,624
391,469
391,396
392,674
393,471
393,436
394,548
394,665
395,585
395,625
395,479
397,662
397,431
397,400
398,440
398,400
398,401
399,619
399,435
399,480
401,518
401,558
402,694
403,659
404,570
404,613
404,442
405,615
405,451
405,571
406,573
406,609
407,452
407,563
407,658
408,687
408,530
408,411
410,446
410,484
410,571
412,491
413,576
414,526
414,646
415,490
416,537
418,463
418,682
419,421
420,643
420,719
422,542
424,672
424,511
424,680
425,635
425,591
426,625
427,509
427,508
427,470
428,623
429,595
429,624
430,583
430,666
432,439
433,551
434,436
435,626
437,473
437,559
437,627
438,559
438,481
439,665
440,701
441,486
441,488
442,526
442,565
444,697
444,448
446,489
446,653
446,687
447,563
448,609
449,655
450,575
450,683
450,610
451,571
451,528
452,573
454,501
454,538
454,683
455,574
455,652
456,537
456,536
456,532
457,684
457,459
459,577
460,503
461,714
461,581
462,463
462,718
462,719
464,674
464,504
466,624
466,584
467,472
468,672
468,628
470,547
472,708
473,511
474,627
475,703
475,476
476,595
477,554
478,594
478,701
479,486
479,598
481,520
481,518
482,516
482,601
485,686
485,488
486,530
487,524
487,602
489,690
489,686
490,574
490,684
490,608
491,495
493,647
493,498
494,611
494,571
495,608
496,574
496,608
496,617
497,539
498,618
500,536
500,621
500,546
501,536
501,623
502,539
504,588
505,672
505,584
506,663
506,711
507,508
508,714
509,544
510,707
510,673
512,669
513,589
513,549
514,556
514,668
515,708
515,706
516,711
517,636
517,520
518,598
518,519
519,555
520,558
520,638
521,524
522,642
525,560
527,644
529,611
531,614
534,618
537,610
540,624
540,621
541,661
541,580
543,626
544,664
544,585
545,581
546,590
547,550
550,552
551,596
551,557
551,552
553,593
553,713
553,632
555,561
556,597
556,633
557,676
557,599
558,598
559,600
560,641
560,640
561,600
561,643
562,644
563,605
563,566
564,642
565,572
566,567
568,684
569,689
570,647
570,573
572,688
572,647
574,614
575,620
576,688
578,694
578,663
579,581
579,615
580,621
581,627
582,701
586,712
587,630
587,629
588,668
589,703
590,710
591,670
591,633
592,677
592,665
593,596
594,709
596,710
601,676
602,645
602,676
603,607
604,641
607,641
607,689
608,692
612,651
614,617
615,660
616,699
616,660
617,664
618,656
618,625
622,660
622,700
623,702
627,709
628,666
631,635
631,704
632,633
633,712
636,681
636,713
637,674
637,644
638,645
640,715
643,649
647,681
648,687
650,685
652,695
654,661
656,658
662,698
667,669
671,712
675,678
677,716
691,692
693,697
713,716
714,719
