0,41
0,718
0,36
0,37
1,40
1,337
1,379
1,380
2,43
2,681
2,682
2,683
3,682
3,4
3,44
3,684
4,45
4,454
4,536
5,684
5,6
5,7
5,535
6,7
6,251
6,252
7,8
7,249
8,9
8,289
8,452
9,10
9,50
9,571
10,652
10,689
10,16
11,12
11,170
11,607
11,17
12,13
12,208
12,450
13,14
13,54
13,692
14,15
14,55
14,693
15,16
15,56
15,694
16,57
16,695
17,18
17,58
17,696
18,19
18,59
18,697
19,20
19,60
19,698
20,61
20,699
20,279
21,22
21,357
21,24
21,278
22,63
22,356
22,701
23,62
23,478
23,702
23,703
24,64
24,316
24,702
25,703
25,436
25,664
25,29
26,627
26,550
26,552
26,434
27,356
27,392
27,626
27,354
28,66
28,665
28,512
28,186
29,347
29,313
29,192
30,270
30,348
30,147
30,389
31,628
31,231
31,35
31,229
32,188
32,668
32,189
32,75
33,75
33,592
33,193
33,509
34,714
34,266
34,716
34,153
35,712
35,111
35,429
36,385
36,303
36,341
37,302
37,340
37,38
38,681
38,340
38,719
39,76
39,338
39,378
39,381
40,41
40,79
40,81
41,42
41,82
42,43
42,78
42,83
43,44
43,84
44,45
44,85
45,46
45,336
46,170
46,47
46,88
47,49
47,291
47,531
48,170
48,49
48,412
48,449
49,50
49,90
50,51
50,91
51,289
51,52
51,250
52,53
52,568
52,611
53,54
53,94
53,612
54,55
54,95
55,56
55,96
56,57
56,97
57,58
57,98
58,59
58,99
59,60
59,100
60,61
60,101
61,62
61,102
62,65
62,479
63,104
63,517
63,702
64,516
64,106
64,355
65,668
65,67
65,705
66,311
66,269
66,549
67,106
67,71
67,150
68,395
68,191
68,314
68,587
69,388
69,467
69,233
69,310
70,552
70,153
70,711
70,312
71,347
71,74
71,309
72,550
72,189
72,307
72,590
73,429
73,672
73,152
73,384
74,388
74,268
74,508
75,423
75,712
76,380
76,424
76,466
77,379
77,78
77,386
77,503
78,79
78,119
79,80
79,116
80,81
80,119
80,121
81,82
81,122
82,83
82,123
83,84
83,124
84,85
84,125
85,86
85,126
86,87
86,89
86,127
87,88
87,129
87,610
88,89
88,250
89,130
89,691
90,692
90,91
90,367
91,92
91,206
92,129
92,93
92,529
93,94
93,134
93,247
94,95
94,135
95,96
95,171
96,97
96,176
97,98
97,140
98,99
98,141
99,100
99,482
100,101
100,518
101,102
101,142
102,103
102,143
103,104
103,107
103,474
104,105
104,556
105,592
105,148
105,183
106,518
106,630
107,270
107,628
107,110
108,351
108,588
108,547
108,708
109,587
109,507
109,230
109,554
110,111
110,268
110,430
111,113
111,465
112,388
112,113
112,631
112,551
113,466
113,114
114,712
114,115
114,468
115,386
115,546
115,346
116,424
116,157
116,196
117,118
117,158
117,543
117,195
118,503
118,119
118,159
119,120
120,121
120,159
120,161
121,122
121,162
122,123
122,163
123,124
123,164
124,125
124,165
125,126
125,166
126,127
126,167
127,128
127,448
128,129
128,532
128,573
129,130
130,131
130,445
131,529
131,171
131,132
132,133
132,326
132,490
133,134
133,172
133,328
134,171
134,175
135,139
135,176
135,526
136,526
136,137
136,177
136,480
137,479
137,139
137,138
138,524
138,558
138,559
139,140
139,179
140,141
140,143
141,142
141,480
142,143
142,184
143,145
144,594
144,477
144,514
144,151
145,556
145,631
145,595
146,392
146,188
146,557
146,596
147,433
147,430
147,515
148,388
148,349
148,475
149,626
149,509
149,310
149,471
150,385
150,710
150,427
151,274
151,425
151,505
152,392
152,189
152,312
153,671
153,587
154,192
154,230
154,155
154,428
155,547
155,156
155,548
156,157
156,197
156,540
157,158
157,198
158,159
158,199
159,160
160,161
160,199
160,201
161,162
161,202
162,163
162,203
163,164
163,204
164,165
164,205
165,206
165,166
166,167
166,207
167,168
167,413
168,327
168,372
168,489
169,649
169,608
169,648
169,173
170,290
171,411
172,291
172,488
172,647
173,213
173,174
173,212
174,605
174,522
174,178
175,291
175,214
175,257
176,217
176,254
177,482
177,218
177,604
178,522
178,182
178,565
179,564
179,216
179,599
180,558
180,218
180,519
180,523
181,559
181,557
181,596
181,599
182,221
182,560
182,636
183,222
183,597
183,634
184,223
184,263
184,634
185,558
185,515
185,224
185,260
186,711
186,554
186,513
187,671
187,510
187,591
187,674
188,190
188,588
189,627
190,550
190,471
190,707
191,429
191,586
191,309
192,512
192,314
193,426
193,588
193,234
194,195
194,275
194,464
194,469
195,505
195,585
196,237
196,625
196,505
197,198
197,238
197,462
198,199
198,239
199,200
200,201
200,239
200,241
201,202
201,242
202,203
202,243
203,204
203,244
204,205
204,245
205,206
205,246
206,207
207,208
207,368
208,209
208,492
209,612
209,211
209,447
210,214
210,253
210,369
210,530
211,532
211,212
211,530
212,213
212,527
213,563
213,530
214,295
214,645
215,216
215,606
215,528
215,219
216,605
216,643
217,257
217,258
217,483
218,259
218,297
219,560
219,256
219,520
220,221
220,560
220,563
220,561
221,222
221,600
222,266
222,638
223,678
223,260
223,637
224,263
224,264
224,262
225,229
225,637
225,226
225,635
226,516
226,345
226,555
227,269
227,554
227,511
227,473
228,631
228,710
228,427
228,510
229,306
229,310
230,433
230,710
231,349
231,506
231,585
232,590
232,430
232,666
232,315
233,354
233,542
233,235
234,311
234,546
234,548
235,628
235,314
235,506
236,664
236,507
236,544
236,545
237,278
237,504
237,583
238,239
238,279
238,501
239,240
240,241
240,279
240,281
241,242
241,282
242,243
242,283
243,244
243,284
244,245
244,285
245,246
245,286
246,247
246,287
247,531
247,248
248,249
248,649
248,371
249,332
249,613
250,412
250,368
251,333
251,408
251,489
252,288
252,486
252,567
253,608
253,256
253,527
254,683
254,335
254,646
255,683
255,524
255,527
255,335
256,684
256,567
257,566
257,565
258,564
258,299
258,640
259,300
259,298
259,262
260,261
260,642
261,561
261,300
261,301
262,636
262,343
263,718
263,633
264,634
264,679
264,344
265,594
265,674
265,267
265,593
266,350
266,346
267,348
267,271
267,342
268,592
268,551
269,672
269,390
270,708
270,513
271,465
271,469
271,391
272,587
272,507
272,468
272,707
273,467
273,551
273,274
273,670
274,275
274,663
275,276
275,667
276,542
276,277
276,584
277,278
277,318
277,541
278,319
279,280
280,281
280,319
280,321
281,282
281,322
282,283
282,323
283,284
283,324
284,285
284,325
285,326
285,286
286,327
286,287
287,328
287,288
288,289
288,651
289,330
290,367
290,331
290,409
291,292
292,568
292,526
292,334
293,336
293,294
293,487
293,525
294,645
294,296
294,339
295,605
295,566
295,644
296,340
296,339
296,342
297,682
297,340
297,338
298,642
298,680
298,301
299,341
299,600
299,717
300,341
300,602
301,304
301,639
302,679
302,676
302,680
303,718
303,347
303,383
304,307
304,383
304,675
305,348
305,716
305,591
305,553
306,389
306,629
306,673
307,715
307,425
308,631
308,595
308,428
308,674
309,626
309,706
310,469
311,590
311,710
312,431
312,315
313,667
313,351
313,393
314,629
315,389
315,704
316,357
316,584
316,622
317,318
317,622
317,358
317,700
318,319
318,359
319,320
320,321
320,359
320,361
321,322
321,362
322,323
322,363
323,324
323,364
324,325
324,365
325,326
325,366
326,327
327,328
328,329
329,610
329,330
329,370
330,331
330,609
331,332
331,687
332,333
332,570
333,334
333,335
334,570
334,685
335,646
336,604
336,644
337,380
337,644
337,683
338,379
338,381
339,640
339,343
341,382
342,681
342,345
343,424
343,679
344,716
344,384
344,717
345,714
345,716
346,713
346,636
347,670
348,715
349,512
349,425
350,550
350,588
350,428
351,392
351,706
352,547
352,671
352,707
352,589
353,626
353,507
353,546
353,707
354,469
354,394
355,627
355,665
355,586
356,625
356,704
357,398
357,621
358,359
358,399
358,662
359,360
360,361
360,399
360,401
361,362
361,402
362,363
362,403
363,364
363,404
364,365
364,405
365,366
365,406
366,367
366,407
367,368
368,369
369,371
369,410
370,411
370,371
370,486
371,372
372,373
372,650
373,374
373,376
373,414
374,375
374,415
374,453
375,376
375,416
375,688
376,377
376,417
377,719
377,378
377,418
378,719
378,419
379,420
380,421
381,422
381,423
382,714
382,423
382,463
383,717
383,677
384,385
384,677
385,715
386,592
386,425
387,671
387,634
387,426
387,632
389,391
390,427
390,625
390,506
391,511
391,435
393,395
393,708
393,667
394,473
394,396
394,397
395,666
395,437
396,703
396,437
396,397
397,434
397,437
398,399
398,439
398,662
399,400
400,401
400,439
400,515
401,402
401,442
402,403
402,443
403,404
403,444
404,445
404,405
405,406
405,446
406,407
406,484
407,408
407,485
408,450
408,409
409,410
409,491
410,411
410,451
411,412
412,413
413,532
413,414
414,415
414,455
415,416
415,456
416,417
416,457
417,418
417,458
418,419
418,459
419,420
419,460
420,421
420,461
421,462
421,422
422,423
422,463
424,713
426,714
426,427
428,464
429,590
430,549
431,434
431,628
431,468
432,594
432,471
432,591
432,706
433,475
433,511
434,436
435,436
435,705
435,477
436,438
437,516
438,701
438,478
438,439
439,440
440,483
440,441
440,476
441,482
441,442
441,517
442,483
442,443
443,444
443,484
444,445
444,485
445,446
446,447
446,487
447,568
447,448
448,450
448,449
449,491
449,649
450,451
451,452
451,529
452,453
452,493
453,454
453,494
454,455
454,495
455,456
455,496
456,457
456,497
457,458
457,498
458,459
458,499
459,460
459,500
460,501
460,461
461,462
461,502
462,541
463,464
463,504
464,465
465,466
466,467
467,470
468,470
470,711
470,474
471,633
472,594
472,475
472,548
472,473
473,474
474,476
475,476
476,477
477,478
478,481
479,482
479,519
480,484
480,521
481,514
481,520
481,521
483,524
484,525
485,486
485,566
486,487
487,488
488,529
488,489
489,569
490,611
490,491
490,528
491,492
492,493
492,685
493,494
493,534
494,495
494,535
495,496
495,536
496,497
496,537
497,498
497,538
498,499
498,539
499,540
499,500
500,501
500,541
501,542
502,543
502,541
502,539
503,543
503,583
504,585
504,544
505,545
506,545
508,666
508,669
508,709
509,706
509,669
510,708
510,514
511,549
512,630
513,554
513,632
514,520
515,591
516,557
517,518
517,559
518,556
519,558
519,521
520,522
521,598
522,560
523,559
523,562
523,601
524,604
525,647
525,566
526,646
527,647
528,649
528,565
530,648
531,572
531,651
532,533
533,611
533,534
533,574
534,535
534,575
535,576
536,537
536,577
537,538
537,578
538,579
538,581
539,540
539,580
540,581
542,583
543,584
544,623
544,583
545,629
546,625
547,624
548,667
549,705
551,595
552,673
552,596
553,630
553,675
553,673
555,595
555,635
555,593
556,597
557,598
561,563
561,562
562,603
562,601
563,564
564,567
565,601
567,571
568,645
569,607
569,648
569,606
570,571
570,687
571,572
572,611
572,573
573,574
573,614
574,575
574,615
575,576
575,616
576,577
576,617
577,578
577,618
578,579
578,619
579,580
579,620
580,621
580,581
581,622
584,623
585,624
586,623
586,670
589,665
589,711
589,630
593,712
593,673
596,637
597,638
597,678
598,600
598,639
599,635
599,636
600,644
601,642
602,605
602,603
602,639
603,607
603,606
604,645
606,690
607,608
608,609
609,650
609,688
610,652
610,693
612,613
612,653
613,614
613,654
614,615
614,655
615,616
615,656
616,617
616,657
617,618
617,658
618,619
618,659
619,620
619,660
620,621
620,661
621,622
623,663
624,668
624,704
627,664
632,675
632,713
633,672
633,709
635,676
637,641
638,640
638,641
639,678
640,681
641,682
641,642
643,648
643,680
646,647
650,691
650,651
651,652
652,653
653,694
653,654
654,695
654,655
655,696
655,656
656,697
656,657
657,698
657,658
658,699
658,659
659,663
659,660
660,701
660,661
661,702
661,662
662,700
663,704
664,703
665,669
666,709
668,672
669,705
670,709
674,717
675,676
676,679
677,718
677,680
678,719
684,685
685,686
686,689
686,687
686,690
687,688
688,689
689,690
690,691
691,692
692,693
693,694
694,695
695,696
696,697
697,698
698,699
699,700
700,701
713,715
