0,337
0,642
0,335
0,718
1,47
1,301
1,38
1,75
2,418
2,453
2,413
2,119
3,498
3,455
3,648
3,372
4,46
4,491
4,291
4,171
5,495
5,719
5,332
5,412
6,299
6,609
6,331
6,336
7,375
7,454
7,41
7,249
8,533
8,536
8,526
8,93
9,208
9,603
9,608
9,55
10,256
10,657
10,610
10,133
11,295
11,569
11,17
11,126
12,523
12,327
12,56
12,370
13,325
13,617
13,453
13,444
14,490
14,98
14,283
14,285
15,326
15,243
15,614
15,60
16,438
16,649
16,615
16,23
17,699
17,481
17,407
18,659
18,137
18,287
18,400
19,282
19,702
19,439
19,480
20,700
20,321
20,26
20,656
21,695
21,703
21,399
21,621
22,660
22,55
22,441
22,101
23,477
23,586
23,511
24,666
24,234
24,319
24,592
25,31
25,272
25,388
25,105
26,145
26,711
26,518
27,346
27,671
27,663
27,511
28,544
28,194
28,63
28,73
29,631
29,547
29,316
29,664
30,706
30,308
30,345
30,393
31,514
31,37
31,597
32,148
32,302
32,310
32,303
33,271
33,224
33,717
33,117
34,672
34,391
34,194
34,677
35,713
35,301
35,548
35,272
36,192
36,385
36,719
36,230
37,388
37,152
37,505
38,641
38,342
38,304
39,259
39,73
39,680
39,638
40,680
40,301
40,163
40,422
41,503
41,685
41,87
42,78
42,646
42,331
42,79
43,498
43,80
43,643
43,334
44,612
44,452
44,538
44,683
45,645
45,374
45,570
45,604
46,685
46,458
46,459
47,686
47,536
47,495
48,92
48,695
48,614
48,82
49,51
49,457
49,524
49,417
50,336
50,248
50,129
50,491
51,493
51,530
51,657
52,99
52,413
52,288
52,294
53,613
53,409
53,699
53,530
54,616
54,367
54,245
54,700
55,610
55,213
56,444
56,90
56,323
57,696
57,443
57,329
57,440
58,436
58,92
58,97
58,477
59,326
59,445
59,177
59,482
60,96
60,664
60,107
61,138
61,519
61,179
61,402
62,701
62,434
62,438
62,99
63,187
63,592
63,320
64,624
64,314
64,102
64,358
65,589
65,357
65,188
65,400
66,386
66,359
66,704
66,548
67,711
67,701
67,706
67,669
68,549
68,596
68,516
68,705
69,390
69,228
69,586
69,636
70,196
70,350
70,107
70,549
71,223
71,546
71,146
71,313
72,474
72,342
72,148
72,514
73,77
73,425
74,594
74,589
74,424
74,148
75,199
75,714
75,307
76,379
76,199
76,121
76,464
77,158
77,457
77,468
78,340
78,376
78,542
79,539
79,84
79,122
80,461
80,537
80,494
81,159
81,496
81,535
81,421
82,413
82,572
82,684
83,412
83,338
83,454
83,541
84,207
84,166
84,422
85,246
85,455
85,120
85,332
86,374
86,611
86,531
86,647
87,202
87,89
87,130
88,131
88,651
88,129
88,612
89,256
89,404
89,207
90,96
90,455
90,126
91,606
91,573
91,129
91,647
92,608
92,445
93,132
93,648
93,205
94,169
94,646
94,403
94,574
95,176
95,569
95,613
95,405
96,448
96,330
97,250
97,697
97,437
98,138
98,488
98,563
99,564
99,487
100,404
100,442
100,446
100,598
101,518
101,476
101,561
102,179
102,106
102,180
103,473
103,391
103,390
103,550
104,469
104,356
104,512
104,517
105,436
105,592
105,632
106,184
106,314
106,221
107,554
107,429
108,507
108,632
108,273
108,234
109,303
109,428
109,676
109,636
110,155
110,267
110,714
110,509
111,388
111,555
111,224
111,355
112,157
112,467
112,506
112,624
113,626
113,267
113,513
113,227
114,390
114,424
114,228
114,716
115,118
115,232
115,191
115,426
116,190
116,627
116,268
116,120
117,192
117,428
117,384
118,235
118,585
118,383
119,340
119,500
119,387
120,579
120,201
121,159
121,461
121,459
122,156
122,162
122,239
123,375
123,687
123,497
123,619
124,378
124,158
124,539
124,540
125,336
125,490
125,170
125,325
126,526
126,417
127,575
127,570
127,492
127,409
128,657
128,135
128,614
128,644
129,255
130,250
130,215
130,248
131,688
131,369
131,491
132,414
132,363
132,401
133,485
133,442
133,412
134,289
134,452
134,692
134,449
135,208
135,484
135,363
136,564
136,694
136,441
136,288
137,478
137,177
137,216
138,219
138,563
139,566
139,361
139,140
139,260
140,179
140,185
140,437
141,556
141,183
141,437
141,402
142,637
142,597
142,559
142,639
143,309
143,633
143,265
143,431
144,231
144,181
144,400
144,432
145,434
145,182
145,224
146,262
146,625
146,355
147,153
147,709
147,193
147,475
148,558
149,311
149,472
149,186
149,508
150,152
150,225
150,466
150,236
151,716
151,714
151,673
151,583
152,708
152,553
153,553
153,238
153,552
154,466
154,628
154,541
154,276
155,315
155,196
155,392
156,200
156,273
156,463
157,461
157,579
157,384
158,419
158,382
159,241
159,234
160,622
160,583
160,620
160,496
161,493
161,544
161,623
161,198
162,454
162,239
162,462
163,580
163,620
163,582
164,618
164,689
164,415
164,198
165,284
165,324
165,578
165,172
166,533
166,448
166,578
167,171
167,539
167,325
167,655
168,615
168,685
168,407
168,255
169,532
169,369
169,453
170,534
170,291
170,443
171,688
171,566
172,293
172,451
172,692
173,292
173,328
173,528
173,562
174,525
174,610
174,481
174,524
175,290
175,210
175,643
175,521
176,401
176,689
176,219
177,181
177,258
178,568
178,482
178,252
178,181
179,563
180,217
180,220
180,603
181,518
182,189
182,594
182,639
183,264
183,225
183,227
184,474
184,598
184,520
185,310
185,440
185,559
186,472
186,389
186,677
187,312
187,346
187,552
188,266
188,351
188,269
189,547
189,591
189,272
190,276
190,431
190,354
191,236
191,622
191,309
192,513
192,277
193,712
193,306
193,502
194,582
194,715
195,429
195,464
195,545
195,233
196,671
196,241
197,664
197,427
197,497
197,581
198,238
198,317
199,419
199,278
200,540
200,538
200,658
201,500
201,534
201,659
202,279
202,237
202,572
203,690
203,620
203,696
203,616
204,207
204,608
204,653
204,490
205,210
205,488
205,535
206,210
206,536
206,329
206,456
207,322
208,654
208,529
209,411
209,365
209,649
209,290
210,610
211,646
211,650
211,689
211,447
212,486
212,684
212,337
212,416
213,690
213,444
213,335
214,609
214,480
214,415
214,221
215,366
215,449
215,291
216,292
216,441
216,648
217,683
217,261
217,599
218,340
218,261
218,488
218,607
219,226
219,480
220,643
220,560
220,681
221,297
221,639
222,558
222,228
222,557
222,300
223,517
223,602
223,640
224,590
225,383
225,667
226,629
226,270
226,510
227,557
227,593
228,275
229,504
229,676
229,514
229,669
230,508
230,509
230,595
231,351
231,625
231,349
232,389
232,347
232,238
233,589
233,308
233,355
234,664
235,502
235,316
235,242
236,357
236,239
237,628
237,277
237,240
238,576
239,500
240,244
240,397
240,281
241,280
241,248
242,500
242,663
242,278
243,612
243,575
243,363
244,318
244,652
244,696
245,649
245,494
245,453
246,608
246,364
246,528
247,691
247,569
247,577
247,607
248,447
249,330
249,567
249,687
250,333
250,370
251,445
251,695
251,602
251,564
252,492
252,335
252,613
253,287
253,644
253,255
253,530
254,651
254,328
254,691
254,412
255,482
256,520
256,530
257,409
257,605
257,262
257,678
258,379
258,373
258,605
259,604
259,526
259,679
260,606
260,380
260,377
261,337
261,562
262,299
262,678
263,682
263,599
263,595
263,348
264,514
264,598
264,343
265,433
265,467
265,471
266,707
266,593
266,272
267,352
267,274
268,712
268,310
268,270
269,513
269,475
269,387
270,351
270,503
271,551
271,383
271,507
273,674
273,665
274,386
274,466
274,358
275,512
275,398
275,626
276,395
276,698
277,626
277,353
278,396
278,320
279,399
279,621
279,501
280,616
280,397
280,284
281,286
281,660
281,403
282,618
282,694
282,324
283,576
283,532
283,362
284,494
284,621
285,572
285,323
285,570
286,332
286,573
286,571
287,493
287,611
288,374
288,495
289,329
289,325
289,527
290,365
290,565
291,327
292,450
292,377
293,328
293,484
293,407
294,338
294,330
294,376
295,447
295,450
295,687
296,522
296,642
296,688
296,298
297,681
297,300
297,298
298,564
298,680
299,344
299,637
300,684
300,561
301,347
302,633
302,719
302,420
303,561
303,468
304,637
304,628
304,349
305,712
305,505
305,554
305,347
306,463
306,505
306,679
307,512
307,590
307,345
308,596
308,551
309,349
309,471
310,507
311,386
311,389
311,424
312,352
312,672
312,668
313,396
313,352
313,592
314,581
314,427
315,360
315,439
315,622
316,700
316,435
317,540
317,433
317,435
318,576
318,627
318,362
319,696
319,586
319,322
320,617
320,660
321,663
321,363
321,402
322,366
322,446
323,620
323,440
324,408
324,398
326,654
326,614
327,531
327,369
328,404
329,566
330,367
331,644
331,535
332,372
333,566
333,569
333,524
334,644
334,682
334,495
335,641
336,414
337,343
338,418
338,421
339,344
339,715
339,456
339,681
340,460
341,374
341,345
341,640
341,387
342,673
342,638
343,466
343,711
344,682
344,348
345,378
346,679
346,707
347,596
348,431
348,515
349,597
350,594
350,475
350,427
351,631
352,504
353,708
353,358
353,550
354,585
354,708
354,588
355,430
356,630
356,544
356,669
357,584
357,392
358,588
359,658
359,364
359,439
360,476
360,663
360,698
361,435
361,653
361,479
362,695
362,405
364,446
364,411
365,410
365,403
366,568
366,483
367,483
367,647
368,690
368,451
368,535
368,528
369,533
370,692
370,450
371,536
371,490
371,486
371,684
372,488
372,573
373,651
373,498
373,525
375,567
375,460
376,381
376,379
377,716
377,378
378,683
379,714
380,465
380,601
380,642
381,467
381,600
381,458
382,718
382,675
383,422
384,681
384,632
385,460
385,465
385,593
386,506
387,423
388,546
389,674
390,476
391,509
391,675
392,429
392,550
393,667
393,670
393,669
394,591
394,630
394,585
394,477
395,519
395,624
395,593
396,470
396,665
397,661
397,666
398,707
398,517
399,434
399,662
400,406
401,659
401,516
402,439
403,438
404,440
405,697
405,449
406,489
406,444
406,523
407,655
408,606
408,532
408,485
409,442
410,525
410,529
410,533
411,563
411,523
413,451
414,613
414,459
415,686
415,492
416,532
416,499
416,462
417,499
417,457
418,462
418,680
419,498
419,425
420,459
420,504
420,461
421,457
421,715
422,541
423,543
423,719
423,676
424,635
425,633
425,717
426,428
426,709
426,629
427,705
428,473
429,547
430,472
430,475
430,545
431,585
432,507
432,587
432,468
433,473
433,662
434,633
435,670
436,662
436,516
438,662
441,446
442,557
443,478
443,698
445,694
447,573
448,574
448,691
449,689
450,686
451,527
452,647
452,571
454,491
455,458
456,571
456,460
458,497
462,583
463,502
463,581
464,718
464,717
465,673
465,666
467,546
468,716
469,674
469,710
469,552
470,517
470,671
470,511
471,670
471,478
472,667
473,513
474,512
474,481
476,667
477,478
479,519
479,553
479,559
480,560
481,483
482,526
483,518
484,692
484,489
485,567
485,604
486,650
486,561
487,645
487,607
487,603
489,496
489,648
492,527
493,611
494,538
496,503
497,577
499,579
499,574
501,534
501,619
501,587
502,588
503,548
504,629
505,706
506,549
506,550
508,547
508,703
509,670
510,710
510,713
510,623
511,703
515,591
515,553
515,555
516,630
519,599
520,636
520,527
521,637
521,558
521,560
522,640
522,601
522,524
523,558
525,652
528,605
529,605
529,571
531,694
531,565
534,654
537,611
537,541
537,618
538,656
539,657
540,582
542,617
542,577
542,543
543,584
543,577
544,703
545,629
545,666
546,580
548,623
549,554
551,709
551,626
552,673
554,668
555,562
555,559
556,631
556,710
556,635
557,639
560,640
562,603
565,686
565,688
567,649
568,682
568,683
570,645
572,574
575,616
575,579
576,693
580,661
580,618
581,702
582,589
583,586
584,704
584,660
587,622
587,672
588,665
590,712
590,591
594,705
595,713
595,632
596,602
597,641
598,631
599,642
600,677
600,641
600,643
601,606
601,675
602,636
604,646
607,654
609,685
609,693
612,653
615,651
615,661
617,624
619,704
619,621
623,707
625,665
625,706
627,671
627,630
628,635
634,668
634,676
634,635
634,638
638,679
645,690
650,691
650,693
652,655
652,656
653,699
655,661
656,701
658,697
658,702
659,705
668,675
672,717
674,677
678,713
678,711
687,693
697,702
698,699
700,701
704,710
708,709
715,718
