0,294
0,263
0,78
0,420
1,40
1,380
1,295
1,297
2,254
2,255
2,494
2,125
3,4
3,44
3,684
3,252
4,5
4,45
4,454
5,7
5,209
5,566
6,122
6,133
6,612
6,691
7,8
7,249
7,614
8,95
8,655
8,94
9,571
9,326
9,15
9,484
10,652
10,689
10,16
10,11
11,170
11,607
11,324
12,208
12,450
12,323
12,18
13,54
13,692
13,699
13,19
14,55
14,693
14,659
14,658
15,56
15,694
15,660
16,57
16,695
16,660
17,58
17,696
17,318
17,661
18,59
18,697
18,317
19,60
19,698
19,357
20,621
20,663
20,279
20,440
21,623
21,277
21,314
21,624
22,63
22,701
22,704
22,277
23,62
23,478
23,702
23,703
24,702
24,64
24,66
24,185
25,435
25,705
25,30
25,144
26,704
26,589
26,591
26,108
27,703
27,587
27,667
27,396
28,395
28,272
28,151
28,352
29,226
29,630
29,628
29,186
30,346
30,467
30,351
31,587
31,428
31,113
31,312
32,194
32,386
32,670
32,506
33,75
33,592
33,114
33,303
34,111
34,73
34,267
34,36
35,346
35,36
35,342
35,304
36,427
36,342
37,715
37,73
37,717
37,82
38,342
38,677
38,339
38,376
39,76
39,338
39,378
39,381
40,41
40,79
40,81
41,42
41,377
41,645
42,43
42,83
42,419
43,44
43,84
43,646
44,45
44,85
45,46
45,336
46,170
46,47
46,88
47,49
47,291
47,531
48,170
48,49
48,412
48,449
49,50
49,90
50,51
50,91
50,406
51,289
51,52
51,250
52,53
52,568
52,611
53,54
53,94
53,612
54,55
54,95
55,56
55,96
56,57
56,97
57,58
57,98
58,59
58,99
59,60
59,100
60,61
60,101
61,62
61,102
61,517
62,65
62,479
63,104
63,702
63,140
64,516
64,395
64,433
65,67
65,475
65,516
66,311
66,68
66,390
67,71
67,473
67,707
68,151
68,70
68,673
69,186
69,389
69,72
69,547
70,353
70,192
70,511
71,74
71,466
71,708
72,591
72,427
72,266
73,112
73,426
74,715
74,268
74,710
75,151
75,423
75,712
76,380
76,424
76,716
77,379
77,386
77,78
77,503
78,79
78,119
79,80
79,116
80,81
80,119
80,121
81,82
81,122
82,83
82,123
83,84
83,124
84,85
84,335
85,86
85,126
86,87
86,89
86,127
87,88
87,129
87,610
88,89
88,250
89,130
89,691
90,692
90,91
90,367
91,92
91,206
92,129
92,93
92,529
93,94
93,134
93,247
94,95
95,96
96,97
96,518
97,98
97,443
98,99
98,141
99,100
99,482
100,101
100,176
101,102
101,142
102,103
102,143
103,104
103,107
103,474
104,105
104,556
105,396
105,592
105,148
106,516
106,310
106,225
106,188
107,511
107,110
107,307
108,435
108,392
108,508
109,312
109,225
109,590
109,146
110,111
110,310
110,586
111,113
111,465
112,632
112,190
112,509
113,115
113,545
114,115
114,468
114,712
115,233
115,348
116,424
116,157
116,196
117,118
117,158
117,543
117,154
118,119
118,159
118,536
119,378
120,121
120,159
120,161
120,418
121,122
121,162
122,123
123,124
123,164
124,125
124,165
125,126
125,166
126,127
126,167
127,128
127,448
128,129
128,532
128,573
129,130
130,131
130,445
131,529
131,171
131,132
132,133
132,326
132,490
133,134
133,328
134,171
134,175
135,139
135,176
135,526
135,325
136,526
136,137
136,177
136,558
137,479
137,139
137,138
138,524
138,558
138,179
139,140
139,520
140,141
140,143
141,142
141,480
142,143
142,184
143,145
144,594
144,519
144,181
145,631
145,633
145,471
146,309
146,224
146,557
147,311
147,225
147,633
147,230
148,670
148,475
148,349
149,346
149,393
149,273
149,308
150,154
150,347
150,706
150,546
151,667
152,191
152,549
152,505
152,234
153,309
153,234
153,236
153,345
154,428
154,155
155,506
155,156
155,548
156,157
156,197
156,540
157,198
157,457
158,159
158,199
158,461
159,160
160,161
160,199
160,579
161,162
161,202
162,163
162,203
163,164
163,204
163,612
164,165
164,205
165,206
165,166
166,167
166,207
167,168
167,413
168,327
168,372
168,489
169,530
169,215
169,527
169,528
170,290
171,411
171,289
172,291
172,488
172,647
172,252
173,569
173,648
173,253
173,215
174,605
174,564
174,211
174,210
175,291
175,214
175,257
176,217
176,254
177,482
177,218
177,604
178,520
178,481
178,565
178,562
179,557
179,216
179,481
180,558
180,519
180,218
180,598
181,598
181,555
181,521
182,558
182,219
182,221
182,185
183,555
183,222
183,597
183,599
184,186
184,223
184,263
185,636
185,260
186,224
187,628
187,433
187,596
187,515
188,432
188,192
188,674
189,628
189,509
189,594
189,550
190,473
190,673
190,714
191,589
191,230
191,472
192,707
192,711
193,708
193,471
193,627
193,232
194,275
194,464
194,549
195,587
195,547
195,426
195,196
196,237
196,505
197,198
197,238
197,462
198,199
198,239
199,200
200,201
200,239
200,241
201,202
201,242
201,534
202,203
202,243
203,204
203,244
204,205
204,245
205,206
205,246
206,207
207,208
207,368
208,209
208,492
209,211
209,447
210,253
210,211
210,369
211,212
212,213
212,255
212,649
213,565
213,563
213,522
214,295
214,645
214,258
215,294
215,298
216,527
216,600
216,522
217,257
217,258
217,483
218,259
218,297
219,256
219,262
219,261
220,521
220,221
220,599
220,563
221,222
221,600
222,556
222,638
223,226
223,633
223,678
224,634
224,636
225,672
226,590
226,265
227,352
227,596
227,231
227,629
228,390
228,349
228,231
228,554
229,353
229,706
229,550
229,510
230,274
230,588
231,233
231,431
232,667
232,273
232,666
233,625
233,355
234,629
234,665
235,546
235,665
235,624
235,542
236,505
236,585
236,582
237,278
237,504
237,583
238,239
238,279
238,501
239,240
240,241
240,279
240,281
241,242
241,282
242,243
242,283
243,244
243,284
244,245
244,285
245,246
245,286
246,247
246,251
247,531
247,248
248,249
248,569
248,371
249,332
249,613
250,412
250,368
251,333
251,408
251,489
252,288
252,486
253,256
253,606
254,683
254,335
255,683
255,524
256,684
256,567
257,566
257,379
258,299
258,640
259,300
259,603
259,260
260,561
260,642
261,677
261,601
261,301
262,303
262,635
262,300
263,718
263,596
264,633
264,634
264,265
264,676
265,671
265,554
266,675
266,344
266,302
267,715
267,634
267,429
268,589
268,592
268,673
269,710
269,508
269,509
269,306
270,352
270,351
270,673
270,590
271,465
271,348
271,625
271,391
272,505
272,545
272,433
273,274
273,551
274,275
274,544
275,706
275,276
276,542
276,584
276,663
277,318
277,541
278,319
278,357
278,699
279,280
280,281
280,319
280,321
281,282
281,322
282,283
282,323
283,284
283,324
284,285
284,325
285,326
285,286
286,327
286,287
287,328
287,288
287,692
288,289
288,651
289,330
290,367
290,331
290,409
291,292
292,568
292,526
292,334
293,336
293,294
293,487
293,525
294,647
295,566
295,644
296,605
296,564
296,641
296,298
297,682
297,338
298,339
298,300
299,303
299,717
299,341
300,341
301,343
301,639
301,719
302,717
302,344
302,679
303,675
304,386
304,348
304,715
305,636
305,635
305,306
305,553
306,591
306,388
307,551
307,553
307,430
308,428
308,631
308,595
309,708
309,714
310,393
310,545
311,627
311,355
312,432
312,506
313,547
313,354
313,709
313,356
314,589
314,583
314,315
315,353
315,392
315,706
316,357
316,584
316,622
316,512
317,622
317,358
317,700
318,319
318,359
319,320
320,321
320,359
320,361
321,322
321,362
322,323
322,363
323,364
324,325
324,365
325,366
326,327
327,328
328,329
329,610
329,330
329,370
330,331
330,609
331,332
331,687
332,333
332,570
333,334
333,335
334,570
334,685
335,646
336,604
336,644
337,380
337,644
337,683
337,605
338,379
338,381
339,341
339,641
340,717
340,677
340,719
340,383
341,382
342,385
343,674
343,635
343,637
344,385
344,425
345,388
345,385
345,384
346,427
347,351
347,390
347,389
348,631
349,392
349,425
350,392
350,629
350,588
350,514
351,593
352,630
353,512
354,511
354,471
354,436
355,432
355,705
356,625
356,668
356,665
357,398
358,359
358,399
358,662
359,360
360,401
360,518
360,479
361,362
361,402
361,519
362,363
362,403
363,364
363,404
364,365
364,405
365,366
365,406
366,367
366,407
367,368
368,369
369,371
369,410
370,411
370,371
370,486
371,372
372,373
372,650
373,374
373,376
373,414
374,375
374,415
374,453
375,376
375,416
375,688
376,377
377,418
377,643
378,419
378,719
379,420
380,421
381,422
381,423
382,423
382,463
382,384
383,424
383,387
383,425
384,385
384,425
386,592
387,593
387,668
387,713
388,587
388,546
389,553
389,466
390,711
391,435
391,395
391,514
393,627
393,551
394,703
394,625
394,626
394,397
395,396
396,397
397,515
397,664
398,399
398,439
398,662
399,400
399,437
400,401
400,439
400,441
401,402
401,442
402,443
402,518
403,404
403,444
403,483
404,445
404,405
405,406
405,446
406,407
407,408
407,485
408,450
408,409
409,410
409,491
410,411
410,451
411,412
412,413
413,532
413,414
414,415
414,455
415,416
415,456
416,417
416,457
417,418
417,458
417,456
418,459
419,420
419,460
420,421
421,462
421,422
422,423
422,463
424,714
426,716
426,545
427,507
428,464
429,591
429,710
429,430
430,670
430,632
431,468
431,434
431,507
432,512
433,554
434,704
434,512
434,436
435,436
436,438
437,478
437,705
437,516
438,701
438,478
438,439
439,440
440,441
440,476
441,482
441,442
442,483
442,517
443,444
443,484
444,445
444,485
445,446
446,447
446,487
447,568
447,448
448,450
448,449
449,491
449,489
450,451
451,452
451,529
452,453
452,493
452,614
453,454
453,494
454,455
454,495
455,456
455,496
456,497
457,498
457,503
458,459
458,499
458,537
459,460
459,500
460,501
460,461
461,462
461,502
462,541
463,464
463,504
464,465
465,466
466,467
467,470
467,672
468,470
468,552
469,667
469,708
469,590
469,672
470,474
470,713
471,707
472,475
472,473
472,548
473,474
474,476
475,476
476,477
477,478
477,481
477,555
479,482
480,484
480,557
480,517
481,515
483,524
484,525
485,486
485,566
486,487
487,488
488,529
488,489
490,491
490,605
490,569
491,492
492,493
492,685
493,494
493,534
494,535
495,496
495,536
495,683
496,497
496,537
497,498
497,538
498,499
498,539
499,540
499,500
500,501
500,541
501,542
502,543
502,541
502,539
503,543
503,583
504,586
504,544
506,509
507,630
507,626
508,709
508,546
510,513
510,514
510,669
511,588
513,632
513,709
513,514
515,597
517,596
518,556
519,522
520,599
520,559
521,560
521,599
522,603
523,530
523,562
523,561
523,559
524,604
525,647
525,684
526,646
527,648
527,528
528,532
528,530
530,611
531,572
531,651
532,533
533,611
533,539
533,580
534,535
534,575
535,536
535,576
536,577
537,538
537,578
538,579
538,581
539,580
540,581
540,617
542,585
543,584
544,627
544,623
547,669
548,585
548,671
549,586
549,626
550,712
550,594
551,595
552,630
552,674
552,559
553,671
554,595
555,593
556,597
557,560
559,562
560,563
560,637
561,601
561,637
562,602
563,564
564,567
565,608
565,602
567,571
567,682
568,645
569,606
570,571
570,687
571,572
572,611
572,573
573,574
573,653
574,575
574,615
574,658
575,576
575,616
576,577
576,617
577,578
577,618
578,579
578,619
579,620
580,621
580,581
581,622
582,585
582,583
582,664
584,623
586,666
588,668
593,712
594,709
595,598
597,678
598,639
600,644
600,718
601,642
601,639
602,681
602,679
603,607
603,606
604,645
606,690
607,608
607,649
608,649
608,609
609,650
609,688
610,652
610,693
612,613
613,614
613,654
614,615
615,616
615,656
616,617
616,657
617,618
618,619
618,659
619,620
619,660
620,621
620,661
621,622
623,663
624,704
624,668
626,666
628,666
629,669
631,635
632,713
634,710
636,676
637,639
638,640
638,641
638,675
640,681
640,678
641,682
642,680
642,643
643,648
643,649
646,647
650,691
650,651
651,652
652,653
653,694
653,654
654,695
654,655
655,696
655,656
656,697
656,657
657,698
657,658
658,659
659,663
660,701
661,702
661,662
662,700
664,703
664,665
669,705
670,711
671,672
674,716
675,714
676,713
676,679
677,679
678,719
680,718
680,681
680,716
681,682
684,685
685,686
686,689
686,687
686,690
687,688
688,689
689,690
690,691
692,693
693,694
694,695
695,696
696,697
697,698
698,699
699,700
700,701
707,711
