0,716
0,35
0,263
0,416
1,380
1,605
1,123
1,457
2,683
2,87
2,254
2,40
3,4
3,44
3,684
3,252
4,5
4,45
4,454
5,6
5,7
5,368
6,252
6,286
6,246
7,53
7,287
7,326
8,9
8,289
8,452
8,52
9,10
9,50
9,571
10,11
10,652
10,689
11,12
11,170
11,607
12,13
12,208
12,450
13,14
13,54
13,692
14,15
14,55
14,693
15,16
15,56
15,694
16,17
16,57
16,695
17,58
17,696
17,700
18,19
18,59
18,697
18,317
19,60
19,698
19,240
20,21
20,699
20,279
20,517
21,356
21,357
21,663
22,63
22,701
22,64
22,667
23,62
23,478
23,702
23,703
24,64
24,702
24,316
24,67
25,356
25,313
25,471
25,392
26,109
26,351
26,355
26,144
27,704
27,511
27,430
27,435
28,547
28,31
28,552
28,434
29,552
29,508
29,267
29,507
30,307
30,469
30,192
30,352
31,671
31,345
31,634
32,627
32,548
32,715
32,588
33,75
33,592
33,151
33,191
34,510
34,150
34,38
34,343
35,343
35,342
35,467
36,384
36,677
36,714
36,72
37,345
37,342
37,383
37,304
38,716
38,345
38,425
39,76
39,338
39,378
39,381
40,41
40,79
40,83
41,42
41,82
41,119
42,43
42,78
42,457
43,44
43,84
43,88
44,45
44,85
45,46
45,336
46,170
46,47
46,88
47,49
47,291
47,531
48,170
48,49
48,412
48,449
49,50
49,90
50,51
50,91
51,289
51,52
51,250
52,568
52,611
53,54
53,94
53,612
54,55
54,95
55,56
55,96
56,57
56,97
57,58
57,517
58,59
58,99
59,60
59,100
60,61
60,101
61,62
61,102
61,63
62,65
62,479
63,104
63,702
64,516
64,515
65,67
65,554
65,432
66,704
66,272
66,666
66,229
67,71
67,310
68,308
68,227
68,314
68,185
69,193
69,349
69,226
69,106
70,313
70,507
70,432
70,347
71,74
71,73
71,549
72,384
72,231
72,390
73,228
73,545
73,390
74,343
74,268
74,230
75,423
75,712
75,424
76,380
76,424
76,505
77,379
77,78
77,386
77,503
78,79
78,119
79,80
79,116
80,81
80,119
80,121
81,82
81,122
81,459
82,83
82,456
83,84
83,124
84,85
84,125
85,86
85,126
86,87
86,89
86,127
87,129
87,610
88,89
88,250
89,130
89,691
90,692
90,91
90,367
91,92
91,206
92,129
92,93
92,529
93,94
93,134
93,247
94,95
94,135
95,96
95,171
96,97
96,518
97,98
97,140
98,99
98,141
98,517
99,100
99,482
100,101
100,176
101,102
101,142
102,103
102,143
103,104
103,107
103,474
104,105
104,556
105,592
105,148
105,184
106,310
106,147
106,709
107,435
107,110
107,589
108,147
108,475
108,595
108,309
109,146
109,630
109,708
110,111
110,273
110,194
111,508
111,113
111,465
112,549
112,231
112,385
112,713
113,228
113,115
113,269
114,191
114,115
114,468
114,350
115,233
115,348
116,424
116,157
116,196
117,196
117,118
117,158
117,543
118,119
118,159
118,536
120,121
120,159
120,161
120,458
121,122
121,162
122,123
122,163
123,124
123,164
124,125
124,165
125,126
125,166
126,127
126,167
127,128
127,448
128,129
128,532
128,573
129,130
130,131
130,445
131,529
131,171
131,132
132,133
132,490
132,249
133,134
133,172
133,328
134,171
134,175
135,139
135,176
135,526
136,526
136,137
136,177
136,480
137,479
137,139
137,138
138,524
138,558
138,182
139,140
139,557
140,141
140,513
141,142
141,480
142,143
142,184
143,145
143,515
144,554
144,476
144,188
145,392
145,631
145,431
146,435
146,510
146,349
147,512
147,553
148,349
148,347
148,475
149,634
149,226
149,346
149,711
150,273
150,347
150,427
151,267
151,545
151,629
152,350
152,591
152,311
152,186
153,352
153,711
153,670
153,628
154,549
154,155
154,428
154,389
155,548
155,427
155,156
156,157
156,197
156,540
157,158
157,198
158,159
158,199
159,160
160,161
160,199
160,201
161,162
161,202
162,163
162,203
163,164
163,204
164,165
164,205
165,206
165,166
166,167
166,207
167,168
167,413
168,327
168,372
168,489
169,608
169,210
169,648
169,174
170,290
171,411
172,291
172,488
172,647
173,213
173,605
173,527
173,294
174,608
174,605
174,181
175,291
175,214
175,257
176,217
176,254
177,482
177,218
177,604
178,559
178,565
178,216
178,560
179,480
179,558
179,559
179,219
180,218
180,519
180,598
180,523
181,220
181,599
181,520
182,219
182,221
182,520
183,599
183,222
183,597
183,514
184,223
184,263
185,675
185,472
185,598
186,306
186,225
186,260
187,469
187,630
187,224
187,633
188,351
188,189
188,591
189,392
189,512
189,667
190,674
190,426
190,707
190,429
191,354
191,628
192,232
192,713
192,350
193,196
193,586
193,235
194,275
194,464
194,623
195,383
195,628
195,541
195,236
196,237
197,198
197,238
197,462
198,199
198,239
199,200
200,201
200,239
200,241
201,202
201,242
202,203
202,243
203,204
203,244
204,205
204,245
205,206
205,251
206,207
207,208
207,368
208,209
208,492
209,612
209,211
209,447
210,253
210,369
210,213
211,213
211,649
211,212
212,214
212,569
212,296
213,563
214,255
214,645
215,216
215,606
215,522
215,528
216,527
216,260
217,257
217,258
217,483
218,259
218,297
219,558
219,256
220,221
220,563
220,602
221,222
221,600
222,556
222,638
223,678
223,637
223,675
224,228
224,514
224,672
225,557
225,550
225,301
226,633
226,265
227,710
227,632
227,264
228,555
229,307
229,630
229,268
230,467
230,388
230,309
231,506
231,625
232,507
232,352
232,269
233,666
233,314
233,625
234,272
234,667
234,623
234,583
235,544
235,663
235,626
236,389
236,586
236,582
237,278
237,504
237,583
238,239
238,279
238,501
239,240
240,241
240,281
241,242
241,282
242,243
242,283
243,244
243,284
244,245
244,580
245,246
245,286
246,247
246,287
247,531
247,248
248,249
248,648
248,371
249,332
249,613
250,412
250,368
251,333
251,408
251,489
252,288
252,486
253,490
253,605
253,256
254,683
254,646
255,683
255,524
255,681
256,684
256,567
257,297
257,566
258,560
258,299
258,600
259,300
259,561
259,637
260,603
260,643
261,678
261,264
261,262
261,635
262,299
262,641
262,718
263,718
263,344
264,598
264,633
265,345
265,634
265,635
266,511
266,710
266,635
266,305
267,346
267,514
268,592
268,517
269,473
269,433
270,511
270,671
270,549
270,626
271,434
271,589
271,630
271,465
272,585
272,393
273,274
273,551
274,355
274,467
274,275
275,351
275,276
276,277
276,542
276,584
277,541
277,278
277,318
278,279
278,319
279,280
280,281
280,319
280,321
281,282
281,322
282,283
282,323
283,284
283,324
284,285
284,325
285,326
285,286
285,533
286,327
287,328
287,288
288,289
288,651
289,330
290,367
290,331
290,409
291,292
292,568
292,526
292,334
293,336
293,294
293,487
293,525
294,645
294,601
295,681
295,566
295,644
295,337
296,300
296,339
296,298
297,682
297,338
298,638
298,339
298,301
299,341
299,719
300,341
300,642
301,341
301,302
302,342
302,677
302,303
303,716
303,343
303,385
304,597
304,339
304,340
305,718
305,385
305,713
306,672
306,429
306,426
307,552
307,708
308,428
308,595
308,631
309,632
309,673
310,708
310,668
311,387
311,668
311,705
312,552
312,708
312,433
312,315
313,509
313,391
314,666
314,665
315,704
315,353
315,394
316,357
316,584
316,622
317,318
317,622
317,358
318,319
318,359
319,320
320,321
320,359
320,361
321,322
321,362
322,323
322,363
323,324
323,364
324,325
324,365
325,326
325,366
326,327
327,328
328,329
329,610
329,330
329,370
330,331
330,609
331,332
331,687
332,333
332,570
333,334
333,335
334,570
334,685
335,646
335,682
335,336
336,644
337,380
337,644
337,683
338,379
338,381
339,680
340,342
340,383
340,643
341,382
344,384
344,713
344,679
346,715
346,550
347,512
348,425
348,631
348,711
349,425
350,391
351,546
352,707
353,626
353,509
353,590
354,709
354,705
354,397
355,471
355,437
356,625
356,393
357,398
357,621
358,359
358,399
358,662
359,360
360,399
360,401
360,518
361,362
361,402
361,479
362,363
362,403
363,364
363,404
364,365
364,405
365,366
365,406
366,367
366,407
367,368
369,371
369,410
369,684
370,411
370,371
370,486
371,372
372,373
372,650
373,374
373,376
373,414
374,375
374,415
374,453
375,376
375,416
375,688
376,377
376,417
377,378
377,680
377,418
378,419
378,719
379,420
379,604
380,421
381,422
381,423
382,423
382,424
382,463
383,462
384,676
385,714
386,592
386,676
386,673
387,505
387,389
387,470
388,430
388,588
388,513
389,673
390,551
390,707
391,591
391,395
392,670
393,624
393,397
394,471
394,432
394,706
395,472
395,397
395,396
396,437
396,706
396,477
397,706
398,399
398,439
398,662
399,400
400,401
400,439
400,441
401,402
401,442
402,403
402,443
403,404
403,444
404,445
404,405
405,406
405,446
406,407
406,484
407,408
407,485
408,450
408,409
409,410
409,491
410,411
410,451
411,412
412,413
413,532
413,414
414,415
414,455
415,416
415,456
416,417
417,418
417,458
418,419
418,459
419,420
419,460
420,421
420,461
421,462
421,422
422,423
422,463
425,504
426,671
426,672
427,505
427,431
428,510
428,464
429,674
429,509
430,668
430,586
431,434
431,468
432,471
433,627
433,510
434,436
435,705
436,704
436,513
436,438
437,515
437,481
438,701
438,478
438,439
439,440
440,476
440,483
440,441
441,482
441,442
442,483
442,443
443,444
443,484
444,445
444,485
445,446
446,447
446,487
447,568
447,448
448,450
448,449
449,607
449,491
450,451
451,452
451,529
452,453
452,493
453,454
453,494
454,455
454,495
455,456
455,496
456,497
457,498
457,534
458,499
458,540
459,533
459,541
460,501
460,461
460,534
461,462
461,502
463,464
463,504
464,465
465,466
466,588
466,709
466,590
467,586
468,469
468,470
469,629
470,474
470,590
472,548
472,473
473,474
473,477
474,476
475,476
475,706
477,478
477,516
478,481
479,482
480,484
481,516
481,519
483,524
484,525
485,486
485,566
486,487
487,488
488,529
488,489
489,606
490,491
490,647
491,492
492,493
492,685
493,494
493,534
494,495
494,535
495,496
495,536
496,497
496,537
497,498
497,538
498,499
498,539
499,500
499,574
500,501
500,575
500,540
501,503
502,543
502,541
502,539
503,583
503,537
504,544
505,588
506,627
506,548
506,585
507,669
508,585
508,544
509,673
511,634
512,554
513,710
514,550
515,596
516,521
518,556
518,520
519,558
519,555
520,562
521,522
521,561
521,562
522,599
522,528
523,527
523,559
523,562
524,604
525,647
525,566
526,646
527,611
528,649
528,530
530,648
530,649
530,569
531,572
531,651
532,533
532,569
533,611
534,578
535,576
535,619
535,542
536,577
536,543
537,538
537,578
538,579
538,581
539,580
539,579
540,581
542,545
542,582
543,584
544,623
545,624
546,625
546,583
546,590
547,712
547,667
547,665
550,551
551,595
553,669
553,591
553,710
554,598
555,631
555,593
556,597
557,599
557,596
559,560
560,637
561,565
561,637
562,564
563,564
563,642
564,602
564,567
565,569
565,643
567,571
567,682
568,645
570,571
570,687
571,572
572,611
572,573
573,574
573,614
574,575
574,615
575,576
575,616
576,577
576,617
577,578
577,618
578,579
579,620
580,621
580,581
581,622
582,587
582,624
584,623
585,663
587,703
587,668
589,627
589,593
593,712
593,594
594,714
594,676
594,636
595,596
596,635
597,678
600,602
600,644
601,640
601,679
601,639
602,639
603,607
603,606
603,643
604,645
606,690
607,608
608,609
609,650
609,688
610,652
610,693
612,613
612,653
613,614
613,654
614,615
614,655
615,616
615,656
616,617
616,657
617,618
617,658
618,619
618,659
619,620
619,660
620,621
620,661
621,622
624,664
626,664
628,670
629,707
629,669
632,636
632,669
633,711
636,677
636,639
638,640
638,641
639,642
640,681
640,679
641,681
641,682
642,679
646,647
648,649
650,691
650,651
651,652
652,653
653,694
653,654
654,695
654,655
655,696
655,656
656,697
656,657
657,698
657,658
658,699
658,659
659,663
659,660
660,701
660,661
661,702
661,662
662,700
664,703
664,705
665,703
665,666
670,674
671,675
672,709
674,712
675,677
676,716
678,719
680,719
680,717
684,685
685,686
686,689
686,687
686,690
687,688
688,689
689,690
690,691
691,692
692,693
693,694
694,695
695,696
696,697
697,698
698,699
699,700
700,701
714,715
715,718
