0,340
0,714
0,343
0,346
1,418
1,416
1,260
1,298
2,377
2,7
2,292
2,117
3,454
3,42
3,719
3,82
4,535
4,570
4,340
4,296
5,122
5,607
5,647
5,338
6,46
6,689
6,286
6,367
7,688
7,641
7,40
8,328
8,287
8,296
8,447
9,42
9,215
9,408
9,536
10,577
10,452
10,491
10,691
11,334
11,335
11,610
11,445
12,136
12,135
12,174
12,251
13,362
13,214
13,55
13,254
14,203
14,699
14,650
14,657
15,653
15,359
15,439
15,363
16,404
16,410
16,659
16,137
17,206
17,51
17,697
17,135
18,25
18,248
18,483
18,282
19,397
19,356
19,618
19,700
20,619
20,62
20,656
20,364
21,697
21,360
21,694
21,323
22,394
22,436
22,443
22,398
23,390
23,59
23,703
23,479
24,429
24,145
24,62
24,354
25,437
25,318
25,32
26,516
26,548
26,710
26,666
27,554
27,187
27,357
27,706
28,155
28,146
28,183
28,391
29,392
29,595
29,673
29,553
30,71
30,106
30,230
30,149
31,588
31,229
31,467
31,347
32,474
32,625
32,156
33,638
33,550
33,389
33,551
34,195
34,311
34,308
34,543
35,548
35,341
35,226
35,387
36,682
36,549
36,305
36,671
37,75
37,422
37,462
37,717
38,379
38,712
38,385
38,711
39,113
39,680
39,387
39,303
40,300
40,423
40,343
41,418
41,375
41,299
41,461
42,460
42,416
43,646
43,681
43,536
43,412
44,369
44,649
44,78
44,339
45,89
45,286
45,46
45,246
46,496
46,131
47,692
47,293
47,94
47,172
48,609
48,656
48,169
48,215
49,408
49,495
49,376
49,453
50,695
50,123
50,57
50,213
51,569
51,332
51,566
52,649
52,567
52,211
52,245
53,565
53,88
53,205
53,290
54,659
54,491
54,439
54,89
55,95
55,92
55,365
56,481
56,480
56,360
56,528
57,442
57,402
57,487
58,361
58,659
58,101
58,97
59,66
59,437
59,325
60,696
60,438
60,67
60,480
61,100
61,322
61,319
61,106
62,97
62,478
63,549
63,102
63,227
63,107
64,110
64,435
64,700
64,589
65,435
65,480
65,189
65,557
66,633
66,434
66,626
67,623
67,507
67,702
68,466
68,224
68,596
68,315
69,474
69,516
69,663
69,593
70,353
70,555
70,356
70,429
71,233
71,275
71,311
72,678
72,79
72,77
72,151
73,423
73,504
73,710
73,667
74,675
74,709
74,194
74,425
75,547
75,709
75,593
76,198
76,301
76,159
76,386
77,118
77,640
77,420
78,154
78,464
78,303
79,716
79,505
79,119
80,374
80,165
80,87
80,582
81,82
81,499
81,577
81,682
82,198
82,420
83,419
83,497
83,611
83,162
84,421
84,128
84,118
84,88
85,374
85,336
85,287
85,292
86,368
86,452
86,90
86,451
87,169
87,332
87,338
88,571
88,250
89,484
89,371
90,203
90,168
90,333
91,569
91,256
91,363
91,604
92,128
92,166
92,371
93,99
93,695
93,693
93,562
94,695
94,401
94,205
95,128
95,489
95,402
96,179
96,440
96,526
96,137
97,180
97,525
98,217
98,526
98,483
98,443
99,482
99,139
99,556
100,437
100,524
100,561
101,515
101,599
101,514
102,144
102,361
102,219
103,436
103,475
103,477
103,519
104,634
104,105
104,264
104,442
105,705
105,428
105,550
106,181
106,111
107,357
107,704
107,312
108,223
108,303
108,350
108,187
109,357
109,633
109,434
109,396
110,114
110,348
110,186
111,545
111,313
111,263
112,349
112,511
112,234
112,631
113,508
113,544
113,390
114,314
114,352
114,513
115,539
115,266
115,458
115,313
116,588
116,341
116,498
116,463
117,155
117,587
117,383
118,584
118,197
119,718
119,457
119,538
120,153
120,454
120,196
120,581
121,421
121,542
121,158
121,583
122,196
122,538
122,161
123,500
123,492
123,503
124,205
124,493
124,498
124,411
125,454
125,208
125,330
125,579
126,527
126,649
126,371
126,533
127,249
127,537
127,370
127,535
128,129
129,214
129,364
129,372
130,650
130,204
130,645
130,331
131,609
131,370
131,452
132,409
132,283
132,645
132,245
133,404
133,533
133,450
133,136
134,294
134,445
134,292
134,644
135,255
135,182
136,482
136,518
137,561
137,402
138,564
138,217
138,520
138,213
139,261
139,485
139,566
140,225
140,444
140,555
141,560
141,434
141,558
141,600
142,432
142,398
142,183
142,558
143,269
143,179
143,511
143,218
144,304
144,595
144,220
145,261
145,596
145,220
146,185
146,392
146,714
147,628
147,478
147,431
147,470
148,315
148,673
148,266
148,314
149,193
149,506
149,346
150,713
150,677
150,186
150,194
151,586
151,430
151,387
152,554
152,553
152,508
152,503
153,427
153,714
153,188
154,432
154,235
154,708
155,621
155,239
156,710
156,459
156,589
157,539
157,509
157,585
157,497
158,541
158,465
158,163
159,204
159,160
159,499
160,577
160,580
160,206
161,575
161,579
161,282
162,499
162,542
162,454
163,237
163,620
163,279
164,375
164,283
164,573
164,616
165,693
165,531
165,287
166,457
166,610
166,247
167,692
167,171
167,242
167,249
168,336
168,294
168,207
169,327
169,450
170,283
170,569
170,527
170,488
171,245
171,414
171,416
172,523
172,209
172,248
173,216
173,612
173,373
173,295
174,180
174,368
174,414
175,404
175,210
175,328
175,563
176,441
176,602
176,608
176,333
177,529
177,179
177,528
177,442
178,484
178,643
178,527
178,182
179,561
180,639
180,184
181,560
181,444
181,476
182,260
182,634
183,305
183,228
184,711
184,598
184,221
185,552
185,630
185,669
186,518
186,188
187,438
187,591
188,304
188,302
189,674
189,433
189,265
190,303
190,510
190,312
190,715
191,466
191,502
191,542
191,275
192,663
192,422
192,193
192,468
193,541
193,503
194,508
194,501
195,667
195,468
195,587
196,671
196,547
197,202
197,238
197,661
198,664
198,618
199,461
199,456
199,319
199,540
200,359
200,358
200,582
200,699
201,540
201,658
201,622
201,580
202,576
202,653
202,623
203,612
203,697
204,207
204,241
205,212
206,531
206,568
207,327
207,241
208,408
208,496
208,325
209,565
209,374
209,523
210,691
210,337
210,407
211,654
211,368
211,297
212,571
212,652
212,684
213,249
213,600
214,373
214,295
215,530
215,367
216,444
216,447
216,221
217,486
217,520
218,338
218,642
218,604
219,259
219,559
219,298
220,564
220,562
221,513
221,516
222,563
222,262
222,269
222,300
223,552
223,630
223,298
224,521
224,713
224,709
225,589
225,516
225,597
226,344
226,301
226,590
227,467
227,349
227,556
228,548
228,465
228,669
229,233
229,387
229,463
230,471
230,393
230,470
231,393
231,625
231,272
231,347
232,630
232,629
232,548
232,474
233,273
233,504
234,235
234,392
234,590
235,507
235,424
236,349
236,500
236,240
236,395
237,537
237,662
237,543
238,615
238,582
238,665
239,278
239,581
239,661
240,274
240,319
240,615
241,362
241,279
242,574
242,611
242,281
243,658
243,496
243,575
243,277
244,321
244,288
244,539
244,700
245,612
246,530
246,491
246,369
247,415
247,614
247,528
248,606
248,494
249,655
250,448
250,607
250,484
251,410
251,257
251,683
252,651
252,533
252,642
252,411
253,486
253,531
253,526
253,328
254,293
254,564
254,289
255,337
255,451
255,563
256,526
256,416
256,299
257,602
257,340
257,263
258,679
258,342
258,375
258,334
259,634
259,641
259,338
260,345
260,685
261,347
261,344
262,386
262,297
262,632
263,308
263,719
264,715
264,351
264,679
265,631
265,717
265,515
266,425
266,598
267,271
267,632
267,381
267,302
268,424
268,472
268,304
268,669
269,546
269,351
270,588
270,276
270,627
270,707
271,428
271,628
271,475
272,358
272,668
272,274
273,358
273,463
273,429
274,666
274,584
275,312
275,391
276,627
276,278
276,318
277,399
277,505
277,310
278,580
278,587
279,360
279,702
280,283
280,617
280,318
280,354
281,320
281,658
281,701
282,320
282,699
284,619
284,617
284,324
284,613
285,325
285,399
285,660
285,360
286,488
286,486
287,330
288,572
288,570
288,291
289,405
289,697
289,567
290,696
290,652
290,372
291,417
291,571
291,606
292,681
293,449
293,685
294,446
294,492
295,679
295,300
296,485
296,637
297,343
297,334
298,378
299,642
299,599
300,560
301,718
301,380
302,637
302,305
304,509
305,675
306,309
306,473
306,706
306,672
307,394
307,557
307,350
307,505
308,704
308,635
309,556
309,350
309,547
310,584
310,631
310,543
311,673
311,355
312,664
313,591
313,712
314,395
314,712
315,473
315,543
316,620
316,703
316,661
316,469
317,660
317,439
317,701
317,321
318,662
319,542
320,581
320,401
321,437
321,357
322,692
322,657
322,620
323,572
323,657
323,618
324,617
324,699
324,532
325,403
326,570
326,524
326,528
326,446
327,448
327,527
328,654
329,534
329,688
329,406
329,696
330,576
330,566
331,529
331,488
331,409
332,339
332,682
333,644
333,647
334,683
335,453
335,691
335,487
336,376
336,639
337,718
337,414
339,718
339,675
340,638
341,715
341,427
342,595
342,676
342,684
343,345
344,629
344,555
345,668
345,472
346,461
346,347
348,385
348,597
348,512
349,666
350,511
351,471
351,389
352,626
352,356
352,388
353,358
353,398
353,435
354,701
354,664
355,669
355,545
355,660
356,621
359,439
359,477
361,703
361,657
362,446
362,400
363,485
363,399
364,655
364,479
365,402
365,369
365,687
366,651
366,646
366,406
366,482
367,612
367,373
368,446
369,489
370,649
370,375
371,377
372,606
372,494
373,458
374,652
376,449
376,378
377,418
377,421
378,677
378,679
379,496
379,603
379,719
380,645
380,384
380,426
381,459
381,506
381,419
382,676
382,420
382,675
382,419
383,509
383,469
383,711
384,588
384,592
384,426
385,389
385,636
386,393
386,422
388,714
388,547
388,422
389,626
390,467
390,665
391,546
391,672
392,587
393,631
394,622
394,632
395,546
395,666
396,512
396,630
396,659
397,398
397,435
397,624
399,694
400,441
400,403
400,522
401,521
401,440
403,436
403,519
404,449
405,607
405,487
405,412
406,610
406,686
407,573
407,450
407,613
408,447
409,412
409,653
410,684
410,456
411,611
411,576
412,451
413,534
413,487
413,655
413,647
414,690
415,681
415,686
415,568
417,421
417,644
417,460
418,425
419,540
420,716
423,507
423,678
424,635
424,544
425,677
426,707
426,545
427,585
427,592
428,502
428,705
429,664
430,676
430,551
430,513
431,589
431,711
431,702
432,477
432,551
433,512
433,591
433,596
434,551
436,698
438,708
438,513
440,522
440,481
441,448
441,517
442,489
443,567
443,690
444,605
445,607
445,606
447,563
448,692
449,532
450,493
451,648
452,644
453,572
453,529
455,609
455,498
455,686
455,540
456,530
456,531
457,537
457,579
458,578
458,575
459,494
459,503
460,544
460,465
461,464
462,717
462,541
462,502
463,584
464,586
464,471
465,466
466,713
467,501
468,705
468,672
469,705
469,554
470,629
470,514
471,518
472,558
472,706
473,628
473,597
474,553
475,670
475,520
476,479
476,553
476,477
478,519
478,599
479,522
480,520
481,600
481,523
482,565
483,608
483,525
484,687
485,492
486,690
488,611
489,566
490,696
490,685
490,650
490,654
491,689
492,604
493,656
493,646
494,498
495,608
495,688
495,616
497,615
497,535
499,581
500,585
500,504
501,536
501,544
502,623
504,710
505,707
506,510
506,668
507,625
508,626
509,585
510,671
510,624
511,628
512,586
514,667
514,635
515,517
515,595
517,599
517,635
518,594
519,638
521,637
521,636
522,598
523,557
524,651
524,560
525,602
525,567
529,574
530,616
532,578
532,615
533,648
534,574
534,695
535,539
536,574
537,583
538,541
538,622
545,708
546,625
549,586
549,624
550,670
550,672
552,709
552,559
554,591
555,715
556,590
557,601
558,632
559,561
559,602
562,568
562,600
564,571
565,638
568,603
569,688
570,651
572,686
573,658
573,614
575,578
576,583
577,654
578,621
579,580
582,665
583,618
590,594
592,633
592,671
593,594
593,713
594,597
596,601
598,636
601,603
601,648
603,640
604,680
605,609
605,639
605,643
608,691
610,647
613,650
613,687
614,661
614,620
616,652
617,623
619,662
619,653
621,622
624,702
627,670
627,674
629,633
634,707
636,641
637,674
639,674
640,643
640,684
641,685
642,648
643,683
645,646
655,660
656,690
663,670
663,704
665,708
667,703
668,704
673,706
676,719
677,716
678,680
678,712
680,683
681,687
682,689
689,693
693,694
694,698
698,700
698,701
716,717
