0,676
0,297
0,73
0,302
1,459
1,8
1,686
1,301
2,259
2,497
2,419
2,340
3,339
3,40
3,128
3,129
4,413
4,573
4,171
4,369
5,458
5,288
5,571
5,39
6,603
6,333
6,411
6,650
7,338
7,328
7,256
7,530
8,653
8,654
8,214
9,127
9,335
9,572
9,484
10,408
10,253
10,689
10,252
11,369
11,453
11,164
11,570
12,48
12,367
12,128
12,414
13,690
13,444
13,566
13,361
14,88
14,208
14,283
14,135
15,288
15,171
15,241
15,138
16,574
16,366
16,132
16,485
17,23
17,703
17,206
17,441
18,94
18,54
18,447
18,699
19,56
19,478
19,697
19,700
20,474
20,139
20,398
20,242
21,241
21,624
21,142
21,278
22,695
22,479
22,400
22,363
23,318
23,62
23,518
24,187
24,587
24,701
24,399
25,112
25,393
25,361
25,145
26,477
26,226
26,101
26,360
27,622
27,153
27,60
27,306
28,142
28,435
28,630
28,61
29,386
29,435
29,143
29,706
30,677
30,184
30,433
30,514
31,555
31,229
31,76
31,676
32,106
32,666
32,586
32,33
33,716
33,229
33,593
34,548
34,554
34,119
34,303
35,461
35,680
35,69
35,420
36,682
36,263
36,261
36,191
37,159
37,418
37,342
37,506
38,425
38,378
38,712
38,600
39,679
39,43
39,640
40,373
40,377
40,539
41,83
41,126
41,163
41,43
42,340
42,502
42,459
42,380
43,414
43,254
44,646
44,379
44,165
44,331
45,494
45,169
45,84
45,421
46,420
46,256
46,203
46,89
47,458
47,606
47,131
47,93
48,88
48,335
48,531
49,536
49,91
49,655
49,176
50,331
50,212
50,492
50,535
51,525
51,533
51,135
51,404
52,451
52,611
52,607
52,567
53,523
53,488
53,245
53,482
54,322
54,688
54,402
55,287
55,649
55,410
55,657
56,364
56,57
56,567
57,322
57,63
57,358
58,654
58,135
58,321
58,482
59,484
59,362
59,365
59,403
60,140
60,479
60,442
61,477
61,405
61,64
62,181
62,404
62,480
63,472
63,434
63,226
64,590
64,661
64,509
65,357
65,223
65,183
65,315
66,592
66,515
66,550
66,516
67,635
67,664
67,556
67,227
68,590
68,233
68,105
68,108
69,509
69,116
69,274
70,387
70,264
70,635
70,513
71,106
71,514
71,225
71,154
72,227
72,313
72,155
72,265
73,511
73,715
73,466
74,391
74,592
74,547
74,588
75,543
75,463
75,464
75,268
76,458
76,499
76,633
77,84
77,115
77,155
77,301
78,152
78,683
78,682
78,641
79,415
79,504
79,416
79,506
80,536
80,417
80,158
80,383
81,239
81,337
81,123
81,341
82,373
82,376
82,382
82,374
83,165
83,334
83,531
84,91
84,494
85,692
85,607
85,202
85,652
86,92
86,335
86,417
86,537
87,210
87,538
87,572
87,419
88,452
88,615
89,647
89,609
89,125
90,486
90,689
90,333
90,497
91,368
91,374
92,604
92,367
92,332
93,452
93,133
93,246
94,364
94,170
94,140
95,283
95,324
95,100
95,613
96,362
96,444
96,172
96,561
97,175
97,438
97,401
97,369
98,404
98,480
98,103
98,323
99,478
99,361
99,519
99,105
100,218
100,702
100,700
101,595
101,182
101,219
102,183
102,519
102,358
102,179
103,442
103,511
103,481
104,441
104,555
104,143
104,353
105,307
105,311
106,675
106,224
107,507
107,426
107,397
107,226
108,429
108,392
108,347
109,393
109,189
109,268
109,705
110,716
110,269
110,152
110,469
111,230
111,471
111,675
111,355
112,627
112,628
112,384
113,629
113,191
113,674
113,673
114,512
114,350
114,503
114,593
115,160
115,121
115,504
116,349
116,312
116,308
117,305
117,540
117,309
117,711
118,421
118,422
118,192
118,545
119,344
119,462
119,497
120,161
120,203
120,543
120,506
121,619
121,122
121,463
122,541
122,498
122,539
123,687
123,616
123,378
124,581
124,570
124,536
124,574
125,490
125,686
125,416
126,578
126,531
126,204
127,577
127,285
127,533
128,691
128,693
129,369
129,248
129,447
130,692
130,693
130,370
130,527
131,688
131,208
131,407
132,286
132,684
132,292
133,614
133,453
133,529
134,692
134,654
134,445
134,326
135,490
136,564
136,610
136,563
136,567
137,526
137,522
137,174
137,481
138,144
138,562
138,524
139,519
139,221
139,443
140,556
140,473
141,633
141,185
141,260
141,259
142,517
143,349
143,675
144,182
144,630
144,227
145,560
145,313
145,226
146,630
146,428
146,350
146,394
147,262
147,271
147,714
147,510
148,636
148,154
148,396
148,388
149,629
149,556
149,435
149,711
150,196
150,193
150,312
150,709
151,192
151,473
151,552
151,715
152,471
152,309
153,276
153,267
153,381
154,671
154,510
155,391
155,712
156,579
156,462
156,159
156,586
157,237
157,382
157,588
157,502
158,460
158,458
158,584
159,507
159,380
160,535
160,584
160,582
161,534
161,204
161,580
162,461
162,612
162,502
162,543
163,577
163,579
163,286
164,652
164,651
164,610
165,613
165,334
166,286
166,570
166,172
166,496
167,657
167,405
167,370
167,326
168,332
168,375
168,694
168,568
169,363
169,368
169,611
170,610
170,249
170,283
171,576
171,529
172,485
172,528
173,402
173,251
173,643
173,686
174,573
174,178
174,290
175,644
175,689
175,249
176,216
176,528
176,598
177,211
177,262
177,605
177,442
178,217
178,293
178,641
179,554
179,261
179,223
180,642
180,183
180,602
180,478
181,523
181,187
181,595
182,266
182,219
183,218
184,561
184,559
184,632
185,190
185,599
185,389
186,476
186,588
186,633
186,669
187,599
187,265
188,234
188,232
188,467
188,513
189,714
189,233
189,713
190,550
190,347
190,554
191,424
191,268
192,349
192,238
193,668
193,236
193,434
194,584
194,509
194,545
194,465
195,421
195,589
195,706
195,388
196,664
196,581
196,549
197,319
197,429
197,232
197,467
198,316
198,243
198,314
198,617
199,279
199,585
199,661
199,238
200,205
200,540
200,655
200,245
201,540
201,323
201,660
201,621
202,697
202,279
202,537
203,454
203,449
204,240
204,453
205,655
205,493
205,366
206,450
206,454
206,695
207,690
207,489
207,486
207,214
208,331
208,413
209,372
209,368
209,617
209,616
210,576
210,563
210,523
211,522
211,693
211,486
212,365
212,652
212,298
213,371
213,612
213,520
213,568
214,255
214,451
215,444
215,599
215,451
215,296
216,565
216,560
216,301
217,678
217,640
217,441
218,336
218,295
219,642
219,524
220,594
220,718
220,600
220,296
221,297
221,302
221,679
222,303
222,638
222,553
222,264
223,557
223,562
224,640
224,679
224,550
225,508
225,272
225,707
227,625
228,464
228,351
228,271
228,431
229,354
229,516
230,594
230,671
230,312
231,357
231,583
231,345
231,582
232,274
232,307
233,669
233,703
234,317
234,709
234,586
235,427
235,544
235,591
235,358
236,541
236,503
236,359
237,538
237,320
237,505
238,464
238,463
239,583
239,577
239,273
240,280
240,618
240,502
241,248
241,623
242,583
242,493
242,618
243,701
243,246
243,360
244,694
244,657
244,247
244,404
245,532
245,698
246,282
246,250
247,532
247,693
247,329
248,534
248,409
249,253
249,332
250,487
250,483
250,296
251,651
251,252
251,563
252,293
252,608
253,290
253,298
254,449
254,685
254,336
255,300
255,527
255,522
256,687
256,300
257,377
257,411
257,605
257,334
258,379
258,377
258,639
258,335
259,684
259,637
260,636
260,643
260,340
261,524
261,680
262,719
262,561
263,385
263,298
263,518
264,425
264,675
265,632
265,671
266,518
266,629
266,551
267,343
267,630
267,593
268,473
269,474
269,585
269,546
270,468
270,389
270,515
270,552
271,357
271,542
272,668
272,393
272,542
273,592
273,391
273,315
274,310
274,553
275,670
275,581
275,469
275,397
276,313
276,391
276,582
277,319
277,542
277,623
277,538
278,317
278,658
278,323
279,319
279,317
280,623
280,619
280,327
281,357
281,320
281,318
281,402
282,359
282,614
282,695
283,689
284,494
284,690
284,291
284,660
285,495
285,696
285,290
286,487
287,293
287,698
287,415
288,648
288,372
289,496
289,648
289,490
289,446
290,568
291,406
291,691
291,446
292,572
292,564
292,641
293,495
294,604
294,532
294,691
294,483
295,489
295,648
295,449
296,333
297,717
297,521
298,605
299,716
299,419
299,340
299,601
300,384
300,594
301,680
302,341
302,713
303,634
303,347
304,351
304,511
304,596
304,673
305,352
305,310
305,627
306,589
306,386
306,553
307,672
307,473
308,352
308,669
308,508
309,311
309,431
310,512
310,622
311,394
311,591
312,506
313,314
314,542
314,390
315,631
315,549
316,472
316,471
316,618
317,580
318,541
318,696
319,577
320,396
320,620
321,653
321,397
321,328
322,407
322,699
323,443
324,576
324,569
324,697
325,449
325,661
325,361
325,650
326,527
326,613
327,534
327,575
327,492
328,371
328,372
329,656
329,491
329,573
330,651
330,569
330,523
330,575
331,456
332,692
333,457
334,683
336,646
336,678
337,644
337,607
337,649
338,646
338,339
338,643
339,454
339,341
341,345
342,601
342,376
342,597
343,420
343,378
343,383
344,642
344,599
344,552
345,631
345,468
346,470
346,597
346,424
346,638
347,713
348,708
348,422
348,551
348,626
349,666
350,548
350,554
351,511
351,670
352,662
352,589
353,555
353,672
353,663
354,620
354,394
354,708
355,392
355,624
355,390
356,546
356,701
356,620
356,587
358,707
359,625
359,397
360,663
360,364
362,436
362,443
363,615
363,529
364,405
365,694
365,648
366,527
366,493
367,529
367,530
368,373
370,411
370,609
371,405
371,457
372,418
373,688
374,496
374,455
375,489
375,649
375,460
376,492
376,603
377,681
378,678
379,644
379,385
380,645
380,500
381,681
381,639
381,466
382,683
382,501
383,462
383,632
384,389
384,385
385,468
386,587
386,387
387,711
387,549
388,633
388,390
389,547
390,396
392,426
392,507
393,622
394,547
395,435
395,702
395,508
395,661
396,621
398,440
398,402
398,621
399,401
399,444
399,665
400,705
400,407
400,557
401,403
401,482
403,656
403,440
406,613
406,484
406,446
407,446
408,487
408,604
408,412
409,483
409,533
409,685
410,645
410,526
410,611
411,606
412,565
412,415
412,418
413,533
413,642
414,488
414,455
415,419
416,574
416,718
417,537
417,493
418,717
420,504
421,455
422,457
422,462
423,508
423,426
423,677
423,501
424,592
424,674
425,503
425,626
426,631
427,674
427,471
427,628
428,545
428,596
428,430
429,625
429,704
430,636
430,470
430,665
431,433
431,715
432,466
432,591
432,436
432,553
433,711
433,662
434,706
434,667
436,628
436,557
437,700
437,510
437,443
437,703
438,515
438,481
438,665
439,445
439,472
439,558
439,441
440,481
440,475
442,517
445,519
445,480
447,573
447,685
448,688
448,484
448,645
448,608
450,495
450,656
450,647
451,488
452,652
452,525
453,494
454,571
455,492
456,682
456,680
456,614
457,461
459,461
459,501
460,501
460,717
463,716
464,504
465,708
465,467
466,549
467,469
468,676
469,624
470,590
470,596
472,550
474,512
474,510
475,478
475,482
475,557
476,595
476,479
476,559
477,479
477,598
480,485
483,606
485,560
486,530
487,650
488,575
489,608
490,654
491,572
491,569
491,530
495,570
496,612
497,498
498,500
498,539
499,619
499,578
499,544
500,541
500,505
503,623
505,668
505,673
507,663
509,706
512,595
513,552
513,713
514,627
514,551
515,673
516,594
516,703
517,705
518,524
520,596
520,598
520,602
521,556
521,597
521,640
522,603
525,686
525,526
526,564
528,643
528,685
531,605
532,646
534,694
535,582
535,580
536,659
537,538
539,585
540,587
543,619
544,622
544,588
545,628
546,625
546,667
547,551
548,710
548,586
555,712
558,561
558,637
558,635
559,601
559,565
560,682
562,639
562,568
563,609
564,684
565,608
566,571
566,647
566,651
567,607
569,574
571,653
575,653
576,609
578,583
578,660
579,617
579,615
581,616
584,666
585,667
589,667
590,674
591,672
593,634
597,714
598,639
600,681
600,636
601,719
602,637
602,684
603,687
604,687
606,647
610,649
611,658
612,696
614,658
615,662
616,700
617,690
618,620
621,627
624,658
626,631
626,664
629,704
632,670
634,710
634,638
635,709
637,710
638,719
641,677
644,718
645,681
650,683
655,698
656,691
657,695
659,665
659,705
659,702
660,697
662,708
663,666
664,707
668,670
669,707
671,709
672,677
676,712
678,679
696,699
698,704
699,701
702,704
710,715
714,719
717,718
