0,643
0,459
0,498
0,376
1,345
1,75
1,420
1,418
2,124
2,37
2,641
3,422
3,570
3,41
3,529
4,681
4,122
4,292
4,257
5,250
5,129
5,491
5,297
6,214
6,532
6,683
6,602
7,335
7,453
7,175
7,207
8,378
8,49
8,531
8,172
9,532
9,163
9,206
9,84
10,404
10,374
10,176
10,609
11,692
11,645
11,55
11,293
12,248
12,487
12,405
12,605
13,693
13,167
13,176
13,95
14,648
14,323
14,482
14,658
15,138
15,534
15,697
15,365
16,205
16,53
16,96
16,287
17,207
17,443
17,320
17,280
18,436
18,652
18,437
18,287
19,63
19,100
19,481
19,95
20,436
20,27
20,702
20,437
21,517
21,703
21,283
21,399
22,657
22,402
22,103
22,107
23,394
23,658
23,319
23,102
24,69
24,231
24,476
24,622
25,631
25,479
25,518
25,622
26,427
26,30
26,709
26,388
27,318
27,547
27,476
28,512
28,392
28,70
28,183
29,551
29,392
29,634
29,113
30,305
30,546
30,676
31,105
31,34
31,65
31,548
32,349
32,382
32,637
32,262
33,465
33,77
33,192
33,350
34,70
34,75
34,667
35,471
35,547
35,628
35,595
36,385
36,300
36,718
36,461
37,268
37,420
37,270
38,676
38,467
38,263
38,463
39,296
39,639
39,81
39,343
40,159
40,158
40,119
40,641
41,646
41,501
41,76
42,717
42,689
42,48
42,75
43,644
43,336
43,689
43,457
44,490
44,604
44,419
44,608
45,653
45,85
45,120
45,80
46,495
46,168
46,132
46,613
47,285
47,570
47,451
47,534
48,447
48,329
48,53
49,613
49,607
49,363
50,246
50,256
50,88
50,362
51,684
51,645
51,372
51,364
52,57
52,401
52,528
52,292
53,56
53,400
54,449
54,91
54,651
54,530
55,611
55,451
55,170
56,327
56,246
56,245
57,653
57,140
57,524
58,483
58,358
58,438
58,93
59,98
59,700
59,402
59,178
60,178
60,435
60,359
60,319
61,440
61,139
61,315
61,142
62,354
62,67
62,312
62,319
63,394
63,356
63,187
64,355
64,143
64,71
64,703
65,348
65,667
65,392
66,711
66,475
66,630
66,109
67,226
67,145
67,149
68,628
68,227
68,152
68,104
69,633
69,471
69,72
70,72
70,591
71,588
71,553
71,197
72,636
72,431
73,462
73,191
73,155
73,272
74,190
74,719
74,421
74,715
75,226
76,380
76,80
76,233
77,379
77,416
77,346
78,82
78,377
78,84
78,158
79,374
79,455
79,679
79,81
80,159
80,680
81,458
81,577
82,379
82,543
82,413
83,685
83,164
83,688
83,463
84,681
84,120
85,452
85,614
85,683
86,372
86,203
86,131
86,646
87,366
87,537
87,91
87,615
88,406
88,370
88,577
89,256
89,606
89,123
89,371
90,211
90,333
90,612
90,408
91,688
91,205
92,133
92,177
92,604
92,325
93,492
93,446
93,528
94,218
94,562
94,247
94,324
95,285
95,248
96,138
96,407
96,485
97,402
97,523
97,179
97,211
98,566
98,133
98,180
99,137
99,442
99,555
99,526
100,556
100,401
100,480
101,596
101,356
101,514
101,519
102,362
102,520
102,103
103,353
103,482
104,549
104,590
104,183
105,390
105,476
105,518
106,702
106,559
106,349
106,597
107,191
107,518
107,312
108,390
108,310
108,596
108,274
109,429
109,669
109,477
110,556
110,467
110,677
110,713
111,234
111,224
111,550
111,635
112,385
112,237
112,627
112,502
113,433
113,351
113,159
114,424
114,502
114,504
114,548
115,669
115,192
115,230
115,119
116,670
116,304
116,676
116,547
117,196
117,466
117,549
117,711
118,419
118,680
118,540
118,460
119,382
119,154
120,539
120,544
121,123
121,158
121,126
121,154
122,538
122,423
122,460
123,618
123,369
124,497
124,158
124,648
125,448
125,171
125,496
125,241
126,456
126,160
126,529
127,411
127,283
127,498
127,486
128,448
128,173
128,576
128,131
129,133
129,649
129,209
130,169
130,490
130,286
130,327
131,252
131,363
132,611
132,533
132,534
133,285
134,176
134,410
134,256
134,412
135,253
135,365
135,440
135,173
136,568
136,288
136,691
136,598
137,444
137,527
137,556
138,403
138,221
139,474
139,525
139,261
140,638
140,141
140,261
141,552
141,142
141,478
142,483
142,560
143,181
143,479
143,671
144,178
144,437
144,673
144,390
145,710
145,596
145,473
146,677
146,396
146,472
146,708
147,672
147,546
147,223
147,716
148,189
148,229
148,230
148,187
149,668
149,274
149,275
150,225
150,711
150,273
150,266
151,186
151,345
151,315
151,590
152,199
152,387
152,189
153,387
153,626
153,155
153,270
154,664
154,625
155,232
155,196
156,507
156,510
156,497
156,629
157,621
157,380
157,417
157,198
159,238
160,617
160,162
160,536
161,621
161,581
161,614
161,495
162,415
162,655
162,166
163,204
163,581
163,494
164,199
164,571
164,412
165,458
165,239
165,243
165,207
166,617
166,446
166,539
167,328
167,566
167,323
168,695
168,610
168,324
169,288
169,612
169,489
170,609
170,409
170,289
171,648
171,326
171,374
172,246
172,450
172,337
173,409
173,174
174,490
174,573
174,694
175,644
175,366
175,564
176,260
177,223
177,520
177,638
178,183
179,516
179,440
179,483
180,260
180,219
180,564
181,635
181,299
181,600
182,188
182,554
182,521
182,519
183,474
184,673
184,601
184,598
184,261
185,705
185,264
185,675
185,509
186,469
186,220
186,599
187,193
187,559
188,273
188,595
188,437
189,344
189,710
190,344
190,274
190,271
191,227
191,713
192,391
192,356
193,394
193,592
193,349
194,633
194,667
194,541
194,391
195,505
195,579
195,348
195,269
196,712
196,461
197,583
197,241
197,582
198,468
198,541
198,626
199,618
199,620
200,616
200,280
200,625
200,575
201,623
201,248
201,580
201,660
202,582
202,542
202,536
202,205
203,449
203,535
203,691
204,407
204,571
204,331
205,533
206,406
206,567
206,615
207,695
208,448
208,289
208,490
208,645
209,571
209,449
209,687
210,695
210,375
210,405
210,488
211,370
211,521
212,690
212,606
212,325
212,334
213,256
213,483
213,692
213,330
214,289
214,602
214,528
215,369
215,443
215,337
215,604
216,484
216,219
216,412
216,560
217,332
217,687
217,480
217,522
218,523
218,642
218,516
219,642
219,484
220,633
220,257
220,222
221,639
221,565
221,640
222,263
222,593
222,262
223,710
223,517
224,561
224,266
224,429
225,344
225,709
225,434
226,671
226,393
227,309
227,546
228,272
228,355
228,435
228,671
229,356
229,543
229,344
230,633
230,351
231,542
231,314
231,317
232,551
232,513
232,235
233,586
233,707
233,234
234,668
234,238
235,500
235,701
235,353
236,465
236,425
236,540
236,319
237,500
237,536
237,539
238,280
238,538
239,665
239,503
239,581
240,658
240,698
240,246
240,620
241,244
241,583
242,533
242,535
242,360
242,322
243,572
243,574
243,651
244,537
244,689
244,541
245,449
245,619
245,282
247,453
247,692
247,371
248,416
249,526
249,656
249,649
250,531
250,253
250,686
251,569
251,376
251,526
251,575
252,601
252,413
252,686
253,291
253,683
254,453
254,414
254,642
254,494
255,569
255,415
255,561
255,443
257,521
257,297
258,569
258,482
258,298
258,682
259,557
259,563
259,679
259,640
260,558
260,682
261,638
262,341
262,562
263,632
263,340
264,432
264,597
264,297
265,466
265,636
265,669
265,679
266,708
266,588
267,381
267,302
267,513
267,467
268,512
268,306
268,629
269,706
269,557
269,348
270,706
270,307
271,584
271,278
271,428
272,627
272,665
273,431
273,312
274,628
275,545
275,623
275,591
276,707
276,510
276,669
276,464
277,661
277,351
277,701
277,709
278,624
278,398
278,586
279,541
279,542
279,665
279,696
280,575
281,617
281,314
281,315
281,537
282,692
282,283
282,623
283,328
284,320
284,649
284,697
284,612
285,454
286,568
286,689
286,492
287,485
287,650
288,412
288,652
289,651
290,575
290,646
290,445
290,612
291,523
291,369
291,488
292,327
292,529
293,375
293,651
293,525
294,603
294,406
294,339
294,494
295,414
295,566
295,447
295,329
296,376
296,373
296,331
297,603
298,299
298,640
298,641
299,636
299,346
300,423
300,338
300,675
301,593
301,600
301,426
301,302
302,602
302,634
303,710
303,631
303,680
303,340
304,516
304,597
304,342
305,638
305,421
305,388
306,346
306,674
306,715
307,589
307,673
307,352
308,466
308,515
308,504
308,354
309,596
309,395
309,388
310,705
310,630
310,550
311,586
311,590
311,544
311,358
312,507
313,354
313,629
313,673
313,632
314,704
314,430
315,389
316,583
316,357
316,439
316,509
317,663
317,660
317,321
318,700
318,616
318,621
320,659
320,663
321,702
321,322
321,704
322,699
322,399
323,576
323,657
324,410
324,700
325,661
325,525
326,696
326,524
326,359
327,615
328,527
328,373
329,365
329,404
330,363
330,530
330,643
331,567
331,365
332,655
332,601
332,524
333,447
333,334
333,641
334,454
334,489
335,496
335,342
335,572
336,378
336,491
336,530
337,458
337,491
338,608
338,604
338,685
339,719
339,418
339,717
340,386
340,600
341,423
341,680
341,460
342,637
342,376
343,427
343,377
343,718
345,512
345,382
346,510
347,594
347,463
347,711
347,386
348,675
349,592
350,507
350,624
350,625
351,670
352,429
352,435
352,395
353,432
353,622
354,467
355,703
355,398
357,619
357,704
357,706
358,620
358,628
359,627
359,360
360,481
360,477
361,440
361,367
361,396
361,662
362,442
362,369
363,569
364,398
364,438
364,700
366,659
366,452
367,574
367,489
367,533
368,646
368,688
368,687
368,525
370,456
370,493
371,378
371,605
372,527
372,693
373,574
373,415
374,568
375,379
375,650
377,494
377,688
378,718
379,684
380,682
380,678
381,712
381,502
381,500
382,462
383,424
383,430
383,426
383,506
384,466
384,418
384,587
384,464
385,390
385,388
386,712
386,672
387,715
387,584
389,393
389,592
389,431
391,474
391,547
392,663
393,511
393,666
394,470
395,626
395,624
396,555
396,441
397,696
397,699
397,398
397,434
399,435
399,664
400,407
400,698
400,662
401,704
401,408
402,522
403,444
403,443
403,657
404,487
404,450
405,691
405,613
406,567
407,493
408,697
408,528
409,657
409,526
410,656
410,615
411,686
411,531
411,535
413,450
413,611
414,576
414,457
415,496
416,532
416,501
417,461
417,685
417,418
419,453
419,493
420,424
420,499
421,507
421,716
422,465
422,717
422,678
423,540
424,681
425,591
425,678
425,428
426,505
426,548
427,671
427,473
428,666
428,472
429,474
430,634
430,631
431,625
432,436
432,585
433,513
433,557
433,469
434,510
434,515
436,595
438,699
438,706
439,696
439,441
439,698
441,486
441,556
442,447
442,519
444,647
444,655
445,652
445,607
445,492
446,573
446,608
448,484
450,454
451,694
451,456
452,499
452,654
454,691
455,685
455,457
455,459
456,607
457,577
458,499
459,501
459,502
460,718
461,468
462,498
462,585
463,500
464,503
464,717
465,583
468,508
468,550
469,512
469,552
470,587
470,707
470,635
471,511
471,624
472,664
472,477
473,514
473,630
475,702
475,479
475,594
476,701
477,554
478,555
478,520
478,559
479,481
480,523
480,481
482,562
484,690
485,570
485,693
486,563
486,524
487,561
487,606
488,572
488,605
489,656
491,565
492,645
493,577
495,684
495,579
496,572
497,614
497,582
498,534
499,582
501,578
503,668
503,589
504,588
504,714
505,715
505,668
506,545
506,631
506,549
508,589
508,585
508,635
509,703
509,705
511,545
511,665
513,594
514,626
514,672
515,714
515,558
516,557
517,552
517,522
518,594
519,637
520,598
521,560
522,647
527,694
529,564
530,644
531,565
532,616
535,538
536,653
537,578
538,576
539,580
540,544
542,548
543,619
543,661
544,629
545,666
546,713
549,675
550,553
551,555
551,627
552,670
553,554
553,592
554,676
558,564
558,598
559,593
560,567
561,643
562,679
563,601
563,600
565,682
566,609
568,684
570,650
571,654
573,613
573,690
574,610
578,623
578,658
579,616
579,697
580,620
580,660
581,619
584,705
584,587
585,621
586,663
587,591
588,667
589,713
590,630
593,670
595,599
597,677
599,642
599,637
602,719
603,648
603,677
605,683
606,652
607,614
608,647
609,610
610,687
611,647
617,660
618,693
618,698
622,708
632,674
632,672
634,678
636,716
639,681
639,640
643,650
644,686
649,654
653,695
654,659
655,690
656,694
659,664
661,707
666,708
674,719
674,712
699,701
709,714
714,716
