0,334
0,376
0,420
0,6
1,118
1,38
1,452
1,415
2,414
2,120
2,677
2,8
3,89
3,124
3,378
3,609
4,294
4,569
4,568
4,529
5,131
5,331
5,689
5,164
6,420
6,530
6,49
7,131
7,376
7,496
7,88
8,449
8,83
8,92
9,650
9,535
9,208
9,122
10,209
10,244
10,252
10,605
11,493
11,128
11,605
11,571
12,52
12,449
12,531
12,129
13,333
13,414
13,19
13,647
14,616
14,440
14,411
14,482
15,95
15,290
15,18
15,690
16,101
16,701
16,483
16,205
17,699
17,405
17,660
17,437
18,21
18,443
18,360
19,692
19,321
19,358
20,363
20,324
20,475
20,101
21,102
21,360
21,474
22,60
22,394
22,62
22,476
23,68
23,473
23,550
23,667
24,27
24,359
24,475
24,107
25,359
25,624
25,664
25,185
26,632
26,63
26,700
26,628
27,622
27,195
27,545
28,62
28,195
28,392
28,710
29,702
29,550
29,715
29,311
30,629
30,548
30,556
30,145
31,345
31,106
31,32
31,346
32,269
32,353
32,72
33,270
33,461
33,227
33,462
34,591
34,380
34,150
34,145
35,640
35,77
35,339
35,508
36,266
36,151
36,261
36,380
37,378
37,503
37,263
37,506
38,678
38,115
38,72
39,384
39,76
39,678
39,45
40,340
40,420
40,377
40,453
41,342
41,118
41,74
41,496
42,380
42,160
42,377
42,461
43,379
43,418
43,490
43,251
44,48
44,47
44,613
44,248
45,688
45,286
45,534
46,375
46,418
46,538
46,682
47,295
47,457
47,207
48,54
48,568
48,616
49,333
49,334
49,215
50,374
50,606
50,496
50,576
51,330
51,368
51,58
51,571
52,565
52,522
52,403
53,329
53,251
53,523
53,481
54,289
54,449
54,168
55,610
55,135
55,566
55,655
56,96
56,101
56,325
56,170
57,357
57,280
57,699
57,518
58,395
58,659
58,105
59,694
59,516
59,442
59,441
60,397
60,555
60,699
61,361
61,398
61,320
61,316
62,403
62,140
63,97
63,698
63,473
64,312
64,321
64,478
64,186
65,106
65,548
65,360
65,358
66,228
66,429
66,109
66,701
67,709
67,433
67,670
67,668
68,470
68,433
68,544
69,188
69,152
69,310
69,396
70,707
70,424
70,146
70,382
71,469
71,555
71,387
71,150
72,543
72,228
73,593
73,672
73,631
73,79
74,467
74,198
74,510
75,114
75,386
75,501
75,717
76,229
76,382
76,509
77,385
77,117
77,464
78,194
78,376
78,641
78,467
79,682
79,681
79,156
80,536
80,342
80,121
80,200
81,119
81,452
81,536
81,381
82,167
82,541
82,199
82,83
83,381
83,492
84,334
84,456
84,199
84,608
85,489
85,450
85,490
85,253
86,159
86,687
86,206
86,337
87,649
87,244
87,575
87,373
88,169
88,496
88,416
89,254
89,489
89,575
90,494
90,491
90,332
90,403
91,252
91,608
91,93
91,211
92,367
92,331
92,217
93,698
93,402
93,206
94,284
94,170
94,361
94,207
95,325
95,489
95,364
96,370
96,402
96,656
97,328
97,442
97,691
98,138
98,398
98,527
98,562
99,479
99,698
99,323
99,486
100,359
100,360
100,320
100,400
101,705
102,702
102,432
102,475
103,700
103,441
103,147
103,703
104,314
104,147
104,226
104,703
105,435
105,142
105,587
106,113
106,480
107,428
107,627
107,673
108,272
108,477
108,113
108,598
109,677
109,188
109,675
110,146
110,316
110,223
110,306
111,433
111,585
111,231
111,157
112,226
112,429
112,383
112,305
113,716
113,513
114,504
114,385
114,393
115,380
115,350
115,674
116,710
116,507
116,267
116,237
117,191
117,382
117,547
118,583
118,238
119,540
119,239
119,582
120,155
120,455
120,584
121,614
121,240
121,239
122,497
122,158
122,499
123,370
123,691
123,157
123,159
124,502
124,498
124,541
125,539
125,172
125,501
125,368
126,166
126,458
126,162
126,573
127,291
127,644
127,214
127,534
128,326
128,457
128,532
129,336
129,447
129,365
130,484
130,375
130,208
130,249
131,402
131,645
132,370
132,169
132,603
132,363
133,253
133,139
133,324
133,522
134,654
134,139
134,443
134,560
135,286
135,479
135,610
136,446
136,482
136,568
136,216
137,256
137,448
137,365
137,211
138,485
138,482
138,364
139,483
139,564
140,484
140,439
140,141
141,178
141,593
141,521
142,443
142,178
142,554
143,556
143,592
143,223
143,514
144,179
144,435
144,472
144,477
145,513
145,180
146,307
146,181
147,190
147,431
148,225
148,234
148,430
148,553
149,385
149,229
149,156
149,596
150,590
150,675
151,265
151,633
151,345
152,356
152,272
152,427
153,231
153,666
153,714
153,711
154,228
154,382
154,430
154,705
155,586
155,271
155,511
156,232
156,201
157,386
157,586
158,468
158,500
158,417
159,422
159,463
160,234
160,242
160,620
161,418
161,577
161,541
161,495
162,537
162,241
162,539
163,615
163,288
163,168
163,657
164,238
164,609
164,249
165,411
165,693
165,245
165,209
166,454
166,657
166,203
167,492
167,174
167,445
168,210
168,293
169,244
169,537
170,213
170,614
171,287
171,532
171,332
171,363
172,526
172,484
172,566
173,645
173,494
173,447
173,209
174,690
174,531
174,651
175,527
175,651
175,287
175,250
176,331
176,528
176,407
176,604
177,297
177,256
177,478
177,557
178,637
178,221
179,256
179,477
179,218
180,523
180,214
180,217
181,602
181,261
181,561
182,302
182,218
182,564
182,438
183,348
183,222
183,261
183,634
184,394
184,347
184,592
184,349
185,266
185,436
185,272
186,512
186,549
186,637
187,314
187,394
187,708
187,509
188,632
188,549
189,395
189,636
189,506
189,511
190,709
190,234
190,432
191,625
191,668
191,311
192,552
192,623
192,307
192,392
193,673
193,310
193,545
193,277
194,308
194,539
194,587
195,235
195,582
196,388
196,620
196,314
196,630
197,388
197,466
197,502
197,460
198,497
198,456
198,466
199,541
199,279
200,459
200,662
200,573
201,325
201,623
201,654
202,535
202,492
202,579
202,692
203,621
203,611
203,367
204,690
204,529
204,327
204,691
205,446
205,616
205,324
206,618
206,686
207,447
207,245
208,454
208,497
209,366
210,563
210,572
210,650
211,327
211,654
212,607
212,406
212,488
212,255
213,374
213,606
213,442
214,487
214,522
215,525
215,294
215,611
216,251
216,599
216,445
217,517
217,297
218,446
218,481
219,293
219,597
219,644
219,718
220,261
220,519
220,297
220,300
221,440
221,714
221,639
222,642
222,671
222,341
223,640
223,227
224,349
224,552
224,305
224,268
225,480
225,347
225,432
226,595
226,712
227,391
227,351
228,625
229,546
229,553
230,430
230,423
230,351
230,667
231,634
231,233
232,583
232,305
232,236
233,548
233,702
233,674
234,662
235,665
235,271
235,464
236,501
236,705
236,710
237,282
237,539
237,314
238,316
238,461
239,318
239,578
240,704
240,614
240,660
241,318
241,661
241,576
242,538
242,498
242,581
243,652
243,535
243,279
243,583
244,366
245,288
245,658
246,328
246,288
246,659
246,456
247,579
247,616
247,409
247,280
248,495
248,697
248,567
249,575
249,290
250,685
250,607
250,523
251,286
252,290
252,692
253,533
253,299
254,567
254,411
254,416
255,570
255,410
255,647
256,289
257,412
257,259
257,481
257,643
258,379
258,599
258,681
258,559
259,522
259,298
259,299
260,264
260,297
260,556
260,635
262,267
262,303
262,634
262,712
263,265
263,601
263,711
264,602
264,299
264,520
265,601
265,680
266,599
266,597
267,514
267,674
268,301
268,594
268,384
269,470
269,476
269,589
270,583
270,464
270,475
271,474
271,589
272,346
273,469
273,629
273,352
273,672
274,502
274,623
274,701
274,312
275,664
275,395
275,505
275,436
276,588
276,590
276,702
276,388
277,507
277,310
277,283
278,503
278,502
278,280
278,399
279,320
279,701
280,666
281,621
281,697
281,540
281,319
282,655
282,580
282,401
283,284
283,658
283,533
284,317
284,403
285,697
285,608
285,404
285,654
286,577
287,571
287,569
288,567
289,655
289,368
290,571
291,572
291,415
291,642
292,681
292,408
292,611
292,405
293,371
293,681
294,445
294,679
295,418
295,375
295,493
296,337
296,560
296,339
296,684
298,559
298,602
298,520
299,683
300,421
300,684
300,641
301,563
301,387
301,601
302,633
302,597
302,593
303,632
303,340
303,594
304,351
304,590
304,338
304,680
305,308
306,549
306,552
306,515
307,715
307,387
308,717
308,353
309,625
309,464
309,588
309,311
310,516
311,397
312,354
312,436
313,355
313,661
313,669
313,503
315,660
315,590
315,319
315,437
316,511
317,627
317,577
317,696
318,354
318,352
319,656
319,353
320,362
321,704
321,659
322,619
322,326
322,399
322,404
323,438
323,610
323,327
324,368
325,617
326,450
326,444
327,372
328,613
328,687
329,574
329,367
329,653
330,336
330,603
330,656
331,491
332,648
332,655
333,608
333,377
334,495
335,528
335,447
335,719
335,684
336,638
336,525
337,683
337,639
338,682
338,562
338,636
339,375
339,679
340,645
340,646
341,673
341,460
341,679
342,635
342,596
343,426
343,591
343,594
343,383
344,506
344,421
344,425
344,600
345,632
345,636
346,389
346,430
347,474
347,383
348,676
348,554
348,630
349,463
350,436
350,389
350,428
351,544
352,470
352,543
353,554
354,665
354,591
355,626
355,358
355,547
356,630
356,628
356,550
357,665
357,390
357,705
358,584
359,698
361,441
361,440
362,486
362,479
362,699
363,365
364,574
364,451
365,531
366,483
366,653
367,605
369,606
369,566
369,374
369,574
370,523
371,694
371,533
371,652
372,488
372,409
372,457
373,643
373,680
373,564
374,609
376,411
377,413
378,646
378,419
379,644
379,683
381,504
381,719
383,677
384,714
384,719
385,710
386,676
386,595
387,514
388,585
389,391
389,547
390,515
390,465
390,711
391,545
391,510
392,469
392,706
393,709
393,515
393,394
395,630
396,510
396,398
396,473
397,697
397,513
398,624
399,703
399,437
400,663
400,478
400,401
401,696
401,658
402,657
404,530
404,695
405,688
405,439
406,648
406,615
406,696
407,694
407,442
407,449
408,613
408,570
408,657
409,483
409,525
410,609
410,412
410,565
412,488
412,536
413,687
413,529
413,457
414,417
414,573
415,450
415,569
416,422
416,688
417,454
417,460
419,421
419,686
419,500
420,642
421,507
422,455
422,498
423,425
423,463
423,424
424,504
424,508
425,631
425,627
426,471
426,668
426,428
427,629
427,717
427,677
428,462
429,587
429,717
431,473
431,517
431,669
432,672
433,703
434,707
434,592
434,706
434,514
435,512
435,628
437,700
438,661
438,558
439,519
439,662
440,525
441,563
443,689
444,691
444,607
444,518
445,446
448,572
448,484
448,524
450,454
451,645
451,648
451,489
452,531
452,615
453,458
453,460
453,497
455,491
455,611
456,459
458,542
458,459
459,578
461,467
462,581
462,716
463,716
465,472
465,544
465,546
466,512
466,591
467,582
468,548
468,626
468,584
469,552
470,543
471,633
471,516
471,477
472,708
472,506
474,551
476,708
476,511
478,598
479,554
480,601
480,638
481,519
482,488
485,653
485,646
485,521
486,612
486,560
487,570
487,651
487,695
490,533
490,612
491,530
492,690
493,615
493,647
494,579
494,649
495,652
498,612
499,579
499,620
499,500
500,575
501,618
503,585
504,708
505,669
505,622
505,551
507,714
508,622
508,709
509,595
509,635
510,545
512,549
513,676
515,553
516,555
517,562
517,557
518,562
518,560
519,635
520,600
520,596
521,527
521,561
524,651
524,565
524,557
526,606
526,604
526,603
527,528
528,693
529,614
530,696
532,537
532,617
534,538
534,618
535,689
536,582
537,619
538,584
540,586
540,576
542,622
542,621
542,580
543,547
544,672
546,631
546,711
550,624
551,675
551,670
553,626
555,559
556,558
557,678
558,594
558,561
559,641
561,680
563,605
564,685
565,649
566,692
567,607
568,650
569,686
570,685
572,693
574,581
576,619
577,613
578,660
578,619
580,656
580,658
581,664
585,618
586,704
587,662
588,664
588,589
589,624
592,637
593,599
595,670
596,602
597,715
598,713
598,642
600,638
600,604
603,604
610,694
612,689
617,623
617,695
620,659
621,625
626,663
627,671
628,668
629,631
633,669
634,713
636,675
637,712
638,718
639,640
639,679
640,644
641,648
643,646
643,718
647,653
649,685
650,684
652,686
661,695
663,665
663,700
666,707
666,667
667,706
670,676
671,673
671,712
674,678
682,687
683,716
688,693
704,707
706,713
713,715
718,719
