0,718
0,345
0,302
0,638
1,462
1,414
1,39
1,122
2,253
2,47
2,454
2,43
3,643
3,496
3,8
3,122
4,82
4,83
4,452
4,415
5,487
5,456
5,602
5,490
6,412
6,43
6,297
6,531
7,42
7,52
7,164
7,48
8,488
8,327
8,125
9,87
9,575
9,335
9,205
10,610
10,374
10,534
10,50
11,89
11,608
11,685
11,370
12,449
12,692
12,129
12,46
13,288
13,166
13,289
13,165
14,613
14,445
14,360
14,570
15,439
15,242
15,20
15,61
16,612
16,530
16,100
16,251
17,366
17,324
17,360
17,23
18,368
18,25
18,59
18,701
19,658
19,617
19,20
19,702
20,363
20,402
21,281
21,704
21,619
21,441
22,623
22,435
22,276
22,102
23,437
23,701
23,390
24,352
24,107
24,108
24,314
25,516
25,671
25,234
26,226
26,310
26,142
26,30
27,712
27,673
27,469
27,550
28,112
28,309
28,236
28,511
29,672
29,72
29,468
29,396
30,113
30,388
30,509
31,392
31,665
31,544
31,192
32,114
32,155
32,387
32,706
33,595
33,344
33,304
33,507
34,637
34,716
34,342
34,503
35,506
35,632
35,429
35,186
36,430
36,115
36,265
36,70
37,641
37,260
37,119
37,298
38,684
38,375
38,462
38,500
39,79
39,459
39,680
40,455
40,505
40,460
40,419
41,379
41,44
41,340
41,537
42,166
42,379
42,643
43,682
43,458
44,293
44,131
44,420
45,420
45,127
45,376
45,80
46,326
46,338
46,530
47,571
47,577
47,332
48,651
48,497
48,529
49,324
49,649
49,294
49,124
50,528
50,256
50,656
51,568
51,570
51,207
51,137
52,482
52,688
52,488
53,204
53,698
53,137
53,650
54,325
54,178
54,58
54,403
55,611
55,568
55,252
55,614
56,363
56,247
56,522
56,177
57,175
57,99
57,485
57,523
58,283
58,358
58,478
59,657
59,358
59,101
60,399
60,140
60,398
60,519
61,68
61,559
61,144
62,188
62,403
62,663
62,104
63,432
63,106
63,662
63,354
64,477
64,479
64,711
64,559
65,150
65,592
65,703
65,187
66,313
66,476
66,194
66,186
67,592
67,226
67,147
67,509
68,392
68,471
68,387
69,553
69,543
69,556
69,195
70,591
70,145
70,423
71,153
71,546
71,677
71,594
72,391
72,341
72,383
73,313
73,392
73,594
73,718
74,340
74,431
74,543
74,422
75,587
75,199
75,352
75,116
76,154
76,591
76,114
76,548
77,429
77,676
77,339
77,462
78,117
78,682
78,419
78,81
79,501
79,339
79,301
80,125
80,580
80,498
81,196
81,504
81,154
82,118
82,455
82,578
83,461
83,539
83,417
84,616
84,648
84,169
84,689
85,127
85,285
85,491
85,369
86,495
86,412
86,414
86,132
87,165
87,329
87,651
88,566
88,684
88,246
88,165
89,336
89,95
89,129
90,255
90,368
90,363
90,213
91,447
91,569
91,445
91,576
92,290
92,409
92,217
92,363
93,486
93,569
93,132
93,449
94,573
94,446
94,608
94,444
95,691
95,604
95,177
96,611
96,139
96,368
96,656
97,518
97,135
97,249
97,289
98,408
98,399
98,561
98,560
99,177
99,140
99,218
100,134
100,699
100,394
101,364
101,142
101,483
102,471
102,361
102,702
103,189
103,185
103,597
103,359
104,230
104,397
104,395
105,631
105,518
105,355
105,151
106,268
106,108
106,110
107,513
107,306
107,509
108,305
108,311
109,713
109,194
109,147
109,670
110,190
110,555
110,463
111,586
111,310
111,236
111,504
112,709
112,309
112,624
113,713
113,628
113,466
114,353
114,229
115,541
115,229
115,425
116,421
116,345
116,385
117,509
117,197
117,235
118,340
118,715
118,462
119,418
119,378
119,458
120,575
120,539
120,195
120,198
121,198
121,422
121,238
121,464
122,499
122,162
123,245
123,125
123,159
123,330
124,461
124,250
124,570
125,159
126,455
126,375
126,537
126,250
127,292
127,450
128,644
128,446
128,332
128,283
129,450
129,214
130,652
130,529
130,444
130,655
131,572
131,695
131,485
132,334
132,484
133,292
133,172
133,491
133,178
134,480
134,331
134,140
135,365
135,169
135,254
136,481
136,249
136,478
136,442
137,527
137,562
138,561
138,517
138,439
138,141
139,218
139,220
139,601
140,554
141,552
141,219
141,399
142,187
142,219
143,220
143,518
143,178
143,708
144,629
144,639
144,184
145,353
145,508
145,263
146,547
146,397
146,346
146,466
147,635
147,231
148,628
148,351
148,437
148,672
149,225
149,675
149,587
149,673
150,388
150,433
150,226
151,194
151,469
151,395
152,348
152,434
152,624
152,383
153,189
153,633
153,386
154,381
154,432
155,585
155,156
155,239
156,588
156,163
156,315
157,541
157,577
157,588
157,460
158,428
158,161
158,459
158,193
159,500
159,498
160,244
160,458
160,456
160,278
161,497
161,417
161,534
162,502
162,657
162,278
163,457
163,243
163,454
164,199
164,200
164,283
165,374
166,364
166,687
167,690
167,658
167,243
167,647
168,574
168,493
168,696
168,490
169,210
169,645
170,323
170,614
170,691
170,573
171,365
171,210
171,486
171,453
172,286
172,216
172,217
173,685
173,208
173,569
173,367
174,291
174,688
174,213
174,331
175,327
175,692
175,450
176,180
176,216
176,563
176,558
177,600
178,259
179,400
179,294
179,519
179,183
180,187
180,261
180,440
181,593
181,633
181,302
181,599
182,558
182,640
182,472
182,562
183,481
183,219
183,267
184,517
184,230
184,512
185,470
185,440
185,636
186,390
186,432
187,393
188,312
188,471
188,638
189,275
189,551
190,427
190,591
190,472
191,595
191,622
191,266
191,303
192,506
192,393
192,422
193,198
193,513
193,591
194,234
195,199
195,270
196,630
196,550
196,664
197,461
197,510
197,542
198,239
199,459
200,617
200,246
200,661
201,585
201,574
201,532
201,579
202,660
202,612
202,241
202,655
203,282
203,324
203,610
203,490
204,571
204,572
204,541
205,611
205,494
205,206
206,650
206,327
206,290
207,646
207,569
207,289
208,448
208,329
208,497
209,611
209,376
209,252
209,328
210,653
210,613
211,293
211,413
211,297
211,253
212,490
212,573
212,451
212,415
213,247
213,410
214,603
214,291
214,564
215,250
215,252
215,486
215,374
216,299
216,683
217,257
217,565
218,300
218,484
219,224
220,520
220,636
221,227
221,340
221,634
221,520
222,639
222,601
222,554
222,342
223,344
223,224
223,268
223,713
224,352
224,551
225,667
225,475
225,636
226,476
227,388
227,630
227,516
228,590
228,674
228,344
228,266
229,425
229,630
230,549
230,384
231,232
231,714
231,394
232,503
232,587
232,314
233,308
233,356
233,588
233,269
234,620
234,711
235,669
235,630
235,355
236,707
236,317
237,582
237,657
237,498
237,700
238,618
238,699
238,657
239,464
239,504
240,536
240,540
240,362
240,545
241,398
241,362
241,360
242,538
242,361
242,581
243,539
243,407
244,698
244,577
244,278
245,536
245,654
245,689
246,288
246,489
247,615
247,612
248,454
248,616
248,332
248,328
249,293
249,456
250,372
251,646
251,527
251,375
252,337
253,407
253,482
254,687
254,648
254,523
255,371
255,605
255,292
256,650
256,412
256,641
257,649
257,264
257,647
258,337
258,485
258,637
258,556
259,676
259,263
259,374
260,381
260,300
260,520
261,516
261,644
261,641
262,268
262,631
262,602
262,523
263,305
263,269
264,380
264,671
264,674
265,386
265,350
265,633
266,351
266,594
267,435
267,349
267,634
268,588
269,426
269,473
270,623
270,636
270,551
271,463
271,470
271,549
271,594
272,425
272,627
272,589
272,515
273,550
273,277
273,511
273,622
274,319
274,625
274,627
274,709
275,394
275,592
275,583
276,353
276,472
276,621
277,661
277,281
277,704
278,319
279,320
279,319
279,503
279,706
280,705
280,583
280,403
280,318
281,404
281,284
282,325
282,405
282,653
283,369
284,322
284,701
284,321
285,576
285,689
285,321
286,319
286,660
286,373
287,618
287,329
287,484
287,372
288,690
288,684
289,369
290,535
290,692
291,614
291,414
292,411
293,640
294,652
294,680
295,341
295,688
295,524
295,608
296,303
296,563
296,600
296,524
297,681
297,521
298,338
298,679
298,382
299,379
299,674
299,421
300,595
300,599
301,716
301,348
301,681
302,719
302,306
303,309
303,641
304,391
304,673
304,598
305,341
305,422
306,669
306,512
307,669
307,434
307,348
307,431
308,635
308,717
308,712
309,708
310,393
310,464
311,710
311,389
311,436
312,582
312,711
312,464
313,507
313,347
314,511
314,436
315,659
315,631
315,663
316,668
316,505
316,659
316,438
317,353
317,625
317,582
318,666
318,655
318,618
320,325
320,621
320,439
321,702
321,396
322,442
322,580
322,479
323,326
323,368
323,406
324,650
325,327
326,365
326,607
328,605
328,697
329,526
330,526
330,567
330,483
331,646
331,337
332,643
333,525
333,334
333,528
333,534
334,371
334,413
335,651
335,342
335,336
336,370
336,524
337,719
338,380
339,377
339,423
341,561
342,383
343,350
343,718
343,675
343,680
344,421
345,388
345,637
346,508
346,670
346,513
347,678
347,428
347,548
348,391
349,424
349,433
349,544
350,595
350,555
351,506
351,424
352,465
354,544
354,633
354,546
355,621
355,468
356,698
356,401
356,700
357,433
357,697
357,662
357,627
358,437
358,663
359,437
359,658
359,626
360,698
361,439
361,653
362,703
362,402
364,530
364,451
365,651
366,606
366,451
366,686
367,410
367,571
367,688
369,416
370,408
370,567
371,606
371,609
372,643
372,535
373,568
373,531
373,418
375,600
376,420
376,457
377,493
377,461
377,412
378,460
378,678
378,719
379,497
380,681
380,499
381,501
381,416
382,672
382,679
382,642
383,682
384,628
384,502
384,712
385,430
385,428
385,585
386,460
386,666
387,632
387,504
389,628
389,675
389,390
390,583
391,465
392,467
393,553
394,515
395,709
395,477
396,441
396,700
397,475
397,479
398,704
398,438
399,518
400,434
400,659
400,559
401,477
401,446
401,704
402,702
402,448
403,481
404,409
404,486
404,564
405,615
405,409
405,610
406,452
406,686
406,697
407,693
407,563
408,445
408,411
409,443
410,616
410,528
411,525
411,649
413,533
413,447
414,689
415,448
415,682
416,492
416,575
417,494
417,456
418,537
418,453
419,495
419,642
420,678
421,676
423,468
423,717
424,718
424,680
425,500
426,507
426,549
426,634
427,542
427,708
427,432
428,548
429,706
429,668
430,707
430,667
431,715
431,436
433,667
434,474
435,552
435,547
436,470
438,558
438,479
440,480
440,563
441,523
441,694
442,560
442,565
443,447
443,566
443,605
444,609
444,564
445,478
446,647
447,494
448,449
449,685
450,696
451,572
452,694
452,531
453,578
453,532
454,653
455,499
457,458
457,498
459,463
463,710
465,670
465,668
466,586
466,468
467,546
467,553
467,584
469,624
469,514
470,475
471,557
472,585
473,555
473,667
473,593
474,517
474,559
474,512
475,666
476,592
476,664
477,478
480,599
480,519
481,566
482,489
482,565
483,604
483,529
484,561
485,527
487,522
487,652
487,530
488,603
488,683
489,655
489,609
491,574
491,494
492,686
492,645
492,573
493,576
493,690
495,654
495,501
496,536
496,691
496,580
499,545
500,540
501,547
502,623
502,626
503,620
505,665
505,710
506,593
507,626
508,545
508,622
510,552
510,589
510,709
511,547
512,670
513,556
514,589
514,520
514,598
515,707
515,556
516,555
517,706
519,521
521,596
521,526
522,604
522,565
524,601
525,684
525,528
526,693
527,533
529,683
531,537
532,656
532,574
533,615
533,568
534,687
535,570
535,613
536,654
538,620
538,584
538,581
539,579
540,615
540,658
541,660
542,581
542,618
543,705
543,665
544,621
545,579
548,664
549,596
550,705
551,586
552,671
553,598
554,672
554,589
557,632
557,638
557,677
558,639
560,645
560,638
562,597
562,567
564,683
566,648
567,694
571,617
572,687
575,649
576,614
577,579
578,692
578,695
580,662
581,656
582,583
584,663
584,586
587,631
590,673
590,703
590,596
593,710
596,714
597,711
597,679
598,642
599,639
600,605
601,646
602,603
602,635
603,681
604,691
606,607
606,640
607,654
607,652
608,695
609,648
610,612
613,696
616,660
617,623
619,693
620,664
622,699
624,671
625,705
625,661
626,713
627,669
629,676
629,665
629,714
632,712
634,716
635,640
637,644
642,677
644,685
645,679
647,686
659,661
662,699
666,668
674,719
675,715
677,717
678,716
690,696
693,700
694,695
697,701
703,707
708,714
715,717
