0,457
0,341
0,258
0,642
1,685
1,424
1,601
1,84
2,463
2,643
2,88
2,457
3,372
3,10
3,601
3,497
4,165
4,416
4,610
4,497
5,292
5,49
5,165
5,566
6,449
6,603
6,645
6,83
7,123
7,492
7,490
7,458
8,451
8,45
8,210
8,170
9,615
9,288
9,286
9,289
10,535
10,615
10,326
11,450
11,295
11,291
11,408
12,373
12,404
12,137
12,569
13,135
13,446
13,168
13,91
14,691
14,451
14,409
14,58
15,411
15,332
15,524
15,479
16,482
16,248
16,284
16,23
17,133
17,172
17,404
17,369
18,326
18,285
18,136
18,698
19,64
19,101
19,60
19,701
20,693
20,359
20,61
20,694
21,313
21,697
21,357
21,101
22,356
22,441
22,433
22,698
23,142
23,706
23,700
24,351
24,402
24,551
24,697
25,225
25,192
25,64
25,63
26,554
26,514
26,704
26,275
27,707
27,391
27,192
27,103
28,511
28,517
28,474
28,267
29,545
29,668
29,354
29,595
30,235
30,623
30,516
30,677
31,714
31,185
31,68
31,628
32,350
32,472
32,589
32,145
33,550
33,382
33,114
33,343
34,554
34,38
34,149
34,345
35,80
35,348
35,261
35,545
36,265
36,76
36,637
36,431
37,386
37,636
37,338
37,713
38,423
38,158
38,260
39,154
39,297
39,260
39,295
40,504
40,75
40,425
40,339
41,342
41,421
41,373
41,497
42,647
42,124
42,158
42,78
43,164
43,719
43,337
43,539
44,118
44,46
44,249
44,172
45,652
45,682
45,610
46,644
46,291
46,206
47,296
47,487
47,406
47,685
48,167
48,491
48,374
48,128
49,327
49,614
49,337
50,687
50,292
50,213
50,406
51,255
51,252
51,172
51,215
52,255
52,285
52,527
52,99
53,363
53,445
53,687
53,286
54,214
54,212
54,402
54,168
55,529
55,526
55,405
55,613
56,250
56,94
56,483
56,280
57,366
57,367
57,659
57,58
58,283
58,657
59,101
59,139
59,486
59,355
60,99
60,703
60,403
61,399
61,319
61,441
62,551
62,701
62,103
62,700
63,98
63,595
63,705
64,358
64,320
65,664
65,318
65,480
65,479
66,555
66,227
66,514
66,102
67,436
67,506
67,273
67,146
68,594
68,266
68,585
69,196
69,150
69,351
69,344
70,473
70,147
70,382
70,430
71,508
71,394
71,431
71,475
72,502
72,627
72,344
72,430
73,464
73,311
73,231
73,275
74,186
74,672
74,667
74,509
75,631
75,632
75,470
76,157
76,418
76,119
77,377
77,680
77,304
77,379
78,428
78,342
78,305
79,719
79,641
79,418
79,501
80,538
80,85
80,378
81,542
81,82
81,159
82,198
82,455
82,166
83,337
83,503
83,89
84,118
84,334
84,201
85,570
85,330
85,212
86,246
86,453
86,371
86,203
87,167
87,530
87,685
87,89
88,162
88,284
88,644
89,566
89,567
90,493
90,484
90,486
90,565
91,290
91,133
91,489
92,169
92,609
92,205
92,531
93,481
93,252
93,212
93,133
94,361
94,521
94,520
95,403
95,449
95,689
95,606
96,218
96,525
96,248
96,611
97,409
97,483
97,175
97,321
98,137
98,175
98,324
99,523
99,134
100,358
100,399
100,441
100,516
101,700
102,220
102,143
102,481
103,149
103,180
104,711
104,475
104,599
104,665
105,312
105,226
105,356
105,311
106,558
106,150
106,625
106,557
107,712
107,588
107,710
107,152
108,710
108,669
108,194
108,466
109,274
109,390
109,550
109,228
110,624
110,550
110,427
110,304
111,543
111,709
111,430
111,354
112,313
112,633
112,715
112,472
113,232
113,630
113,506
113,344
114,232
114,229
114,513
115,310
115,267
115,160
115,501
116,668
116,465
116,238
116,350
117,710
117,121
117,199
117,120
118,151
118,429
119,161
119,537
119,419
120,460
120,163
120,123
121,415
121,619
121,202
122,533
122,126
122,240
122,417
123,169
123,541
124,171
124,209
124,160
125,205
125,413
125,654
125,130
126,452
126,529
126,412
127,174
127,535
127,575
127,445
128,530
128,651
128,652
129,363
129,166
129,444
129,132
130,368
130,445
130,366
131,608
131,255
131,324
131,610
132,485
132,442
132,175
133,565
134,135
134,256
134,362
135,253
135,569
136,327
136,562
136,444
137,184
137,403
138,173
138,517
138,401
138,556
139,181
139,259
139,560
140,519
140,598
140,559
140,479
141,553
141,638
141,440
141,403
142,149
142,394
142,515
143,635
143,435
143,436
144,639
144,511
144,559
144,395
145,345
145,468
145,396
146,269
146,638
146,665
147,230
147,352
147,438
148,346
148,182
148,708
148,311
149,309
150,672
150,157
151,422
151,157
151,355
152,468
152,511
152,710
153,278
153,346
153,471
153,583
154,712
154,199
154,197
155,346
155,509
155,234
155,465
156,461
156,628
156,238
156,307
157,536
158,539
158,459
159,425
159,464
159,537
160,319
160,616
161,279
161,542
161,584
162,573
162,454
162,245
163,610
163,536
163,413
164,659
164,617
164,499
165,410
165,649
166,249
166,618
167,656
167,456
168,608
168,295
169,453
169,683
170,369
170,174
170,247
171,178
171,655
171,524
172,531
173,407
173,206
173,612
174,600
174,252
175,607
176,180
176,527
176,215
176,645
177,449
177,607
177,293
177,252
178,292
178,402
178,477
179,599
179,480
179,524
179,602
180,517
180,599
181,256
181,188
181,262
182,518
182,267
182,306
183,217
183,218
183,440
183,522
184,671
184,675
184,225
185,388
185,223
185,389
186,668
186,469
186,627
187,555
187,392
187,470
187,274
188,626
188,350
188,432
189,356
189,226
189,596
189,590
190,548
190,384
190,391
190,629
191,384
191,631
191,670
191,514
192,546
192,423
193,390
193,237
193,383
193,671
194,666
194,425
194,667
195,472
195,582
195,669
195,272
196,502
196,389
196,308
197,546
197,420
197,536
198,539
198,500
198,499
199,273
199,585
200,242
200,278
200,283
200,238
201,577
201,500
201,659
202,277
202,622
202,287
203,496
203,581
203,619
204,322
204,458
204,695
204,573
205,613
205,580
206,247
206,416
207,413
207,486
207,531
207,689
208,325
208,452
208,293
208,444
209,329
209,609
209,446
210,372
210,607
210,404
211,683
211,449
211,254
211,375
212,413
213,693
213,612
213,642
214,561
214,376
214,532
215,647
215,409
216,526
216,525
216,254
216,562
217,681
217,218
217,442
218,596
219,603
219,485
219,338
219,257
220,478
220,227
220,340
221,482
221,633
221,301
221,519
222,673
222,258
222,512
222,303
223,261
223,552
223,711
224,597
224,271
224,229
224,678
225,670
225,520
226,591
226,679
227,597
227,510
228,343
228,588
228,637
229,676
229,231
230,354
230,634
230,712
231,587
231,705
232,351
232,435
233,703
233,268
233,353
233,674
234,540
234,348
234,625
235,276
235,391
235,465
236,314
236,658
236,280
236,353
237,669
237,702
237,352
238,540
239,617
239,315
239,458
239,495
240,696
240,360
240,354
241,362
241,244
241,245
241,660
242,365
242,285
242,363
243,623
243,653
243,577
243,578
244,579
244,655
244,533
245,653
245,447
246,580
246,650
246,329
247,569
247,331
248,281
248,406
249,485
249,696
250,283
250,691
250,564
251,454
251,408
251,525
251,562
253,367
253,335
253,492
254,640
254,378
255,645
256,371
256,719
257,600
257,641
257,566
258,483
258,522
259,686
259,637
259,560
260,379
260,595
261,642
261,296
262,521
262,301
262,515
263,297
263,681
263,678
263,301
264,561
264,557
264,552
264,473
265,434
265,640
265,381
266,303
266,590
266,387
267,597
268,466
268,505
268,271
269,635
269,593
269,471
270,715
270,714
270,585
270,670
271,630
271,426
272,664
272,634
272,307
273,276
273,709
274,467
274,392
275,352
275,319
276,629
276,389
277,398
277,399
277,658
278,707
278,617
279,281
279,577
279,660
280,658
280,541
281,359
281,364
282,694
282,288
282,400
282,317
283,651
284,367
284,653
285,578
286,360
286,532
287,415
287,612
287,411
288,453
288,569
289,574
289,330
289,404
290,366
290,329
290,643
291,646
291,522
292,614
293,603
293,573
294,337
294,372
294,377
294,332
295,644
296,717
296,300
297,373
297,719
298,687
298,560
298,304
298,379
299,678
299,421
299,634
299,641
300,374
300,635
300,558
301,601
302,672
302,640
302,349
302,425
303,467
303,714
304,431
305,676
305,505
305,595
306,593
306,716
306,341
307,435
307,507
308,549
308,471
308,426
309,551
309,672
309,636
310,429
310,471
310,516
311,468
312,661
312,582
312,663
313,593
313,632
314,625
314,353
314,588
315,702
315,513
315,393
316,626
316,361
316,433
316,544
317,586
317,581
317,656
318,627
318,321
318,439
319,586
320,393
320,323
320,394
321,359
321,580
322,622
322,358
322,360
323,575
323,406
323,699
324,614
324,443
325,493
325,691
325,447
326,578
326,450
327,612
327,696
328,492
328,332
328,693
328,368
329,571
330,494
330,532
331,529
331,646
331,374
332,534
333,608
333,375
333,496
333,602
334,650
334,419
334,375
335,684
335,605
335,608
336,600
336,452
336,488
336,370
338,564
338,640
339,680
339,677
339,639
340,684
340,343
340,457
341,377
341,682
342,636
342,419
343,718
344,384
345,380
345,631
346,379
347,668
347,553
347,627
347,431
348,428
348,628
349,554
349,551
349,707
350,432
351,715
352,469
353,673
355,663
355,589
356,544
357,549
357,708
357,475
358,395
359,619
360,474
361,400
361,444
362,409
362,400
363,695
364,654
364,694
364,611
365,492
365,523
365,411
366,402
367,613
368,688
368,686
369,370
369,650
370,568
370,690
371,456
371,571
372,692
373,606
374,533
375,499
376,568
376,494
376,421
377,494
378,385
378,383
380,384
380,500
380,415
381,676
381,639
381,426
382,503
382,679
383,503
383,463
385,590
385,713
385,506
386,590
386,591
386,473
387,626
387,463
387,546
388,543
388,592
388,510
389,505
390,713
390,507
391,429
392,592
392,661
393,706
393,438
394,547
395,587
395,478
396,518
396,477
396,662
397,434
397,708
397,697
397,518
398,440
398,620
398,435
399,695
400,474
401,446
401,703
401,521
405,658
405,478
405,572
407,534
407,530
407,653
408,690
408,646
410,490
410,483
410,646
411,574
412,537
412,692
412,694
414,683
414,648
414,574
414,495
415,649
416,680
416,573
417,460
417,462
417,498
418,644
418,462
419,498
420,422
420,461
420,716
421,496
422,501
422,675
423,503
423,681
424,717
424,670
424,504
426,632
427,716
427,629
427,705
428,677
428,542
429,462
430,509
432,553
432,713
433,437
433,709
434,437
434,510
436,519
436,517
437,705
437,663
438,702
438,479
439,662
439,477
440,484
441,443
442,561
442,567
443,561
443,529
445,564
446,645
447,489
447,533
448,535
448,688
448,656
448,485
450,693
450,454
451,575
451,655
452,576
453,459
454,567
455,491
455,690
455,498
456,688
456,499
457,680
458,538
459,681
459,540
460,579
460,717
461,582
461,537
462,506
463,671
464,674
464,547
465,706
466,548
466,629
467,591
467,552
468,502
469,549
469,586
470,712
470,669
472,714
473,508
474,512
475,559
476,558
476,589
476,628
476,550
477,594
478,512
480,520
480,515
481,520
481,602
482,519
482,557
484,568
484,487
486,691
487,491
487,527
488,605
488,688
488,685
489,495
489,654
490,604
490,690
491,604
493,692
493,500
494,532
495,611
496,616
497,689
498,502
501,618
504,546
504,584
505,666
507,548
507,584
508,673
508,541
509,554
510,513
511,623
512,594
513,555
514,592
515,598
516,593
518,556
521,563
522,559
523,563
523,528
524,604
525,528
526,648
526,605
527,652
528,692
528,564
530,572
531,617
534,686
534,657
535,541
536,652
538,544
538,622
539,624
540,583
542,666
543,626
543,584
544,624
545,661
545,673
547,711
547,549
548,704
552,592
553,707
555,556
556,558
557,638
560,677
562,566
563,604
563,596
565,602
565,598
567,613
568,607
570,683
570,603
570,609
571,606
571,575
572,578
572,654
574,616
576,609
576,579
576,621
577,615
579,620
580,625
581,698
581,619
582,622
583,621
583,623
585,660
586,708
587,662
587,667
588,633
589,706
591,675
594,597
596,635
598,718
599,718
600,641
601,682
605,638
606,647
611,686
614,651
615,699
616,659
618,701
618,698
620,664
620,702
621,700
621,665
624,671
630,636
630,664
631,717
632,674
633,675
634,637
639,676
642,649
643,648
643,679
647,648
649,650
651,657
655,701
656,689
657,699
660,696
661,666
662,703
663,665
667,711
674,679
678,682
684,718
684,687
695,699
697,704
704,709
715,716
