0,261
0,420
0,375
0,379
1,333
1,643
1,461
1,424
2,423
2,298
2,124
2,4
3,380
3,679
3,650
3,413
4,452
4,409
4,10
5,131
5,652
5,609
5,339
6,686
6,687
6,248
6,652
7,291
7,491
7,485
7,573
8,567
8,654
8,294
8,496
9,131
9,12
9,205
9,93
10,696
10,13
10,408
11,525
11,407
11,617
11,132
12,213
12,281
12,370
13,486
13,409
13,247
14,608
14,610
14,441
14,442
15,211
15,531
15,613
15,169
16,369
16,438
16,407
16,54
17,612
17,653
17,54
17,98
18,368
18,691
18,248
18,401
19,662
19,97
19,139
19,406
20,283
20,55
20,405
20,519
21,620
21,99
21,695
21,658
22,354
22,59
22,439
22,699
23,273
23,390
23,317
23,355
24,701
24,188
24,279
24,189
25,69
25,142
25,661
25,105
26,429
26,354
26,275
26,667
27,510
27,472
27,546
27,357
28,437
28,468
28,107
28,623
29,274
29,702
29,466
29,468
30,552
30,593
30,68
30,193
31,431
31,343
31,670
31,709
32,383
32,554
32,503
32,193
33,510
33,194
33,545
33,630
34,309
34,268
34,719
34,426
35,75
35,422
35,676
35,553
36,422
36,225
36,418
36,78
37,382
37,636
37,77
37,341
38,158
38,76
38,423
38,714
39,42
39,421
39,386
39,641
40,73
40,123
40,463
40,79
41,85
41,538
41,534
41,498
42,338
42,48
42,297
43,450
43,208
43,457
43,120
44,372
44,296
44,295
44,159
45,414
45,80
45,87
45,90
46,88
46,686
46,289
46,330
47,254
47,49
47,693
47,419
48,643
48,246
48,566
49,415
49,684
49,692
50,645
50,652
50,250
50,530
51,695
51,495
51,327
51,290
52,449
52,98
52,362
52,365
53,96
53,407
53,138
53,246
54,699
54,607
55,244
55,361
55,402
56,696
56,361
56,96
56,526
57,696
57,445
57,659
57,406
58,364
58,438
58,64
58,142
59,97
59,558
59,102
60,281
60,357
60,105
60,399
61,63
61,663
61,484
61,559
62,318
62,661
62,443
62,439
63,559
63,551
63,139
64,626
64,141
64,518
65,708
65,273
65,112
65,66
66,152
66,273
66,556
67,108
67,317
67,513
67,670
68,437
68,348
68,115
69,588
69,549
69,624
70,154
70,232
70,585
70,111
71,346
71,150
71,629
71,553
72,149
72,668
72,313
72,388
73,263
73,629
73,77
74,390
74,152
74,466
74,76
75,227
75,548
75,630
76,189
76,199
77,417
77,349
78,117
78,119
78,341
79,385
79,304
79,160
80,535
80,157
80,376
81,127
81,500
81,461
81,200
82,456
82,120
82,537
82,377
83,166
83,422
83,572
83,377
84,455
84,608
84,117
84,421
85,172
85,685
85,86
86,575
86,651
86,203
87,295
87,166
87,173
88,496
88,123
88,576
89,243
89,209
89,455
89,568
90,97
90,646
90,128
91,566
91,249
91,126
91,455
92,528
92,605
92,365
92,614
93,494
93,245
93,373
94,171
94,290
94,450
94,177
95,563
95,137
95,646
95,404
96,180
96,250
97,519
98,485
98,405
99,359
99,215
99,140
100,174
100,440
100,400
100,525
101,438
101,141
101,134
101,700
102,705
102,146
102,135
103,475
103,353
103,106
103,436
104,266
104,226
104,398
104,315
105,310
105,187
106,393
106,479
106,148
107,551
107,589
107,511
108,663
108,597
108,232
109,226
109,627
109,384
109,556
110,114
110,587
110,429
110,270
111,348
111,587
111,224
112,665
112,146
112,594
113,199
113,468
113,305
113,148
114,507
114,713
114,551
115,155
115,312
115,306
116,469
116,425
116,629
116,161
117,385
117,340
118,539
118,497
118,381
118,680
119,376
119,536
119,503
120,458
120,278
121,495
121,207
121,205
121,198
122,502
122,503
122,198
122,128
123,450
123,162
124,453
124,656
124,415
125,609
125,293
125,615
125,456
126,287
126,536
126,655
127,453
127,375
127,657
128,448
128,410
129,492
129,443
129,610
129,654
130,442
130,175
130,604
130,693
131,686
131,206
132,452
132,323
132,413
133,440
133,208
133,690
133,402
134,325
134,486
134,218
135,603
135,176
135,177
136,490
136,527
136,569
136,325
137,212
137,447
137,217
138,404
138,446
138,401
139,181
139,601
140,183
140,147
140,595
141,436
141,179
142,393
142,222
143,352
143,521
143,593
143,635
144,593
144,356
144,434
144,350
145,478
145,394
145,666
145,428
146,473
146,509
147,188
147,181
147,512
148,552
148,313
149,435
149,434
149,708
150,543
150,549
150,228
151,156
151,195
151,550
151,345
152,501
152,706
153,394
153,593
153,199
153,470
154,276
154,545
154,633
155,666
155,667
155,312
156,460
156,589
156,539
157,277
157,237
157,502
158,460
158,537
158,547
159,162
159,278
159,540
160,458
160,494
160,619
161,497
161,542
161,583
162,581
162,456
163,576
163,241
163,457
163,198
164,496
164,458
164,619
164,531
165,691
165,204
165,501
165,369
166,206
166,692
167,651
167,172
167,611
167,618
168,210
168,570
168,571
168,245
169,615
169,609
169,367
170,403
170,444
170,453
170,456
171,285
171,447
171,534
172,571
172,413
173,648
173,602
173,213
174,181
174,253
174,412
175,366
175,212
175,481
176,490
176,293
176,449
177,257
177,521
178,407
178,557
178,642
178,601
179,214
179,479
179,401
180,478
180,214
180,566
181,267
182,598
182,266
182,513
182,558
183,229
183,306
183,228
184,225
184,440
184,637
184,597
185,308
185,639
185,266
185,230
186,386
186,391
186,476
186,387
187,433
187,506
187,233
188,304
188,626
189,504
189,632
190,504
190,515
190,467
190,343
191,349
191,667
191,434
191,268
192,541
192,309
192,586
192,430
193,540
193,279
194,233
194,622
194,347
195,706
195,466
195,585
196,348
196,709
196,425
196,278
197,548
197,236
197,240
197,426
198,666
199,507
200,538
200,623
200,577
201,578
201,280
201,614
201,700
202,502
202,235
202,575
202,208
203,288
203,277
203,622
204,581
204,578
204,617
205,689
205,365
206,606
206,686
207,567
207,444
207,214
208,254
209,454
209,574
209,409
210,694
210,373
210,290
211,326
211,284
211,612
212,572
212,218
213,404
213,569
214,295
215,491
215,519
215,689
216,483
216,647
216,480
216,683
217,525
217,298
217,337
218,561
218,262
219,561
219,603
219,594
219,563
220,515
220,600
220,519
220,481
221,592
221,642
221,599
221,638
222,552
222,302
222,639
223,300
223,432
223,631
223,711
224,478
224,431
224,384
225,549
225,597
226,636
226,300
227,435
227,717
227,471
228,672
228,512
229,343
229,308
229,624
230,396
230,233
230,506
231,633
231,588
231,344
231,472
232,234
232,470
233,505
234,585
234,423
234,542
235,390
235,310
235,350
236,539
236,617
236,580
237,508
237,543
237,355
238,320
238,615
238,620
238,278
239,545
239,357
239,665
239,501
240,586
240,578
240,660
241,692
241,327
241,657
242,541
242,580
242,363
242,701
243,320
243,283
243,325
244,582
244,249
244,698
245,612
245,615
246,280
246,488
247,606
247,250
247,536
248,616
248,689
249,569
249,684
250,652
251,643
251,284
251,602
251,655
252,571
252,574
252,448
252,642
253,647
253,299
253,562
254,289
254,416
255,411
255,329
255,607
255,529
256,263
256,605
256,449
256,569
257,258
257,639
257,638
258,487
258,339
258,718
259,563
259,303
259,644
259,260
260,599
260,336
260,555
261,553
261,633
261,340
262,300
262,267
262,297
263,550
263,381
264,351
264,520
264,388
264,381
265,510
265,270
265,298
265,678
266,635
267,706
267,666
268,436
268,673
269,705
269,427
269,344
269,669
270,464
270,516
271,305
271,584
271,707
271,671
272,702
272,713
272,509
272,554
273,672
274,672
274,582
274,393
275,547
275,710
275,664
276,465
276,310
276,318
277,433
277,669
279,701
279,358
280,322
280,401
281,323
281,314
282,700
283,320
283,580
284,321
284,692
285,620
285,613
285,486
286,328
286,322
286,696
286,409
287,656
287,321
287,446
288,653
288,649
288,453
289,684
289,534
290,492
291,375
291,643
291,410
292,694
292,608
292,366
292,682
293,333
293,649
294,408
294,688
294,682
295,488
296,418
296,683
296,521
297,414
297,377
298,644
299,341
299,675
299,559
300,301
301,562
301,680
301,378
302,560
302,717
302,711
303,344
303,592
303,719
304,599
304,714
305,668
305,311
306,594
306,669
307,469
307,710
307,555
307,711
308,555
308,637
309,628
309,587
310,473
311,663
311,432
311,476
312,543
312,592
313,544
313,504
314,356
314,627
314,358
315,626
315,358
315,710
316,354
316,433
316,469
316,579
317,359
317,628
318,357
318,392
319,579
319,700
319,698
319,321
320,356
321,698
322,443
322,359
323,576
323,697
324,448
324,441
324,400
324,491
325,486
326,489
326,361
326,656
327,363
327,616
328,523
328,332
328,491
329,568
329,408
329,526
330,452
330,371
330,684
331,483
331,648
331,609
331,411
332,572
332,650
333,685
333,604
334,604
334,416
334,568
334,375
335,419
335,376
335,533
335,641
336,414
336,492
336,457
337,641
337,566
337,459
338,600
338,373
338,678
339,345
339,382
340,599
340,718
341,383
342,597
342,715
342,719
342,635
343,461
344,671
345,554
345,347
346,591
346,627
346,464
347,716
347,427
348,556
349,704
349,715
350,676
350,513
351,424
351,628
351,625
352,662
352,623
352,703
353,508
353,391
353,629
354,544
355,543
355,619
356,391
358,580
359,694
360,435
360,361
360,405
360,402
362,397
362,699
362,613
363,364
363,488
364,411
364,530
365,694
366,412
366,527
367,372
367,605
367,524
368,531
368,493
368,533
369,610
369,572
370,528
370,688
370,654
371,604
371,376
371,418
372,494
372,489
373,681
374,563
374,449
374,575
374,527
377,679
378,493
378,640
378,719
379,638
379,499
380,681
380,600
380,454
381,504
382,676
382,633
383,461
383,712
384,632
384,419
385,425
385,387
386,628
386,514
387,718
387,464
388,389
388,467
389,668
389,465
389,473
390,396
391,465
392,465
392,432
392,712
393,662
394,474
394,631
395,430
395,698
395,399
395,470
396,475
396,587
397,699
397,658
397,659
398,664
398,660
398,704
399,664
399,518
400,516
400,520
402,521
403,695
403,445
403,482
404,480
405,614
406,483
406,646
408,612
410,485
410,683
411,645
412,489
412,524
413,526
414,538
415,688
415,690
416,462
416,649
417,648
417,459
417,687
418,451
419,715
420,460
420,642
420,540
421,462
421,502
422,546
423,463
424,592
424,458
425,544
426,460
426,707
427,590
427,632
428,505
428,430
428,553
429,623
429,547
430,708
431,706
431,474
432,516
433,550
434,515
435,661
436,472
437,591
437,697
438,513
439,697
439,479
440,482
441,516
441,481
442,697
442,485
443,522
444,695
444,565
445,528
445,448
446,565
446,651
447,655
447,530
450,691
451,524
451,564
451,682
452,533
454,575
454,529
455,529
457,500
459,533
459,498
462,717
462,503
463,547
463,541
464,542
466,508
467,590
467,505
468,711
469,716
470,507
471,584
471,635
471,671
472,705
473,474
474,664
475,556
475,588
476,481
476,595
477,512
477,558
477,707
477,703
478,522
479,596
480,638
482,523
482,517
483,518
484,560
484,693
484,645
487,644
487,690
487,602
488,650
489,685
490,571
490,653
492,568
493,685
493,495
494,574
495,539
496,499
497,535
497,617
498,532
498,537
499,542
500,576
500,618
501,622
505,506
506,540
507,634
508,714
509,663
509,704
510,624
511,665
511,710
511,667
512,557
514,712
514,675
514,549
515,703
517,669
517,590
517,708
518,557
520,562
520,560
522,607
522,608
523,564
523,600
524,611
525,647
526,687
527,693
528,603
529,602
530,564
531,614
532,645
532,579
532,654
534,541
535,688
535,538
536,570
537,583
544,621
545,630
546,632
546,552
548,714
548,703
550,675
551,677
554,596
555,559
557,672
558,598
560,565
561,647
561,596
562,637
564,681
565,598
567,644
567,605
570,611
570,606
573,613
573,607
573,577
574,618
577,661
577,584
578,660
579,583
581,588
581,627
582,658
582,621
583,585
584,702
586,591
586,620
589,595
589,594
590,636
591,625
595,679
596,674
598,634
601,646
601,718
603,689
606,649
610,616
611,687
616,618
619,665
621,622
621,624
625,668
625,670
626,673
630,674
631,704
631,637
634,716
634,640
636,673
639,675
640,673
640,682
641,674
648,681
651,691
653,657
655,659
656,702
657,690
658,660
659,701
662,705
670,709
671,677
674,679
676,680
677,712
677,713
678,713
678,715
680,716
683,717
707,709
