0,41
0,719
0,717
0,421
41,40
41,42
41,82
719,301
719,678
717,38
717,265
717,345
421,420
421,422
421,462
1,680
1,35
1,36
1,39
680,38
680,679
680,675
2,43
2,681
2,335
2,682
43,42
43,44
43,84
681,339
681,640
681,645
335,296
335,333
335,334
682,3
682,297
682,641
3,4
3,44
3,46
4,5
4,45
4,683
44,45
44,85
46,45
46,47
46,92
5,6
5,684
5,608
45,86
683,602
683,642
683,685
6,7
6,252
6,291
684,256
684,643
684,685
608,607
608,609
608,649
7,8
7,253
7,609
252,486
252,647
252,649
291,47
291,169
291,173
8,9
8,49
8,289
253,88
253,332
253,686
609,527
609,650
9,10
9,50
9,688
49,48
49,50
49,90
289,248
289,288
289,330
10,11
10,51
10,689
50,51
50,91
688,132
688,687
688,689
11,12
11,690
11,250
51,52
51,250
689,686
689,690
12,13
12,486
12,532
690,649
690,691
250,88
250,610
13,14
13,54
13,692
486,485
486,487
532,131
532,531
532,533
14,15
14,55
14,693
54,53
54,55
54,95
692,251
692,691
692,693
15,16
15,56
15,694
55,56
55,96
693,652
693,694
16,17
16,57
16,695
56,57
56,97
694,653
694,695
17,18
17,58
17,696
57,58
57,98
695,654
695,696
18,19
18,59
18,697
58,59
58,99
696,655
696,697
19,20
19,60
19,698
59,60
59,100
697,656
697,698
20,21
20,61
20,699
60,61
60,101
698,657
698,699
21,22
21,62
21,700
61,62
61,102
699,658
699,700
22,23
22,63
22,701
62,63
62,103
700,659
700,701
23,24
23,64
23,702
63,64
63,104
701,24
701,660
24,25
24,435
64,65
64,140
702,314
702,661
702,703
25,26
25,314
25,707
435,393
435,434
435,436
26,27
26,311
26,351
314,588
314,310
707,309
707,389
707,396
27,28
27,66
27,549
311,152
311,275
311,708
351,66
351,433
351,353
28,29
28,547
28,430
66,65
66,67
549,227
549,548
549,629
29,70
29,150
29,230
547,505
547,630
547,626
430,429
430,431
430,469
70,69
70,71
70,111
150,109
150,151
150,548
230,189
230,193
230,231
30,71
30,709
30,466
30,670
71,72
71,273
709,427
709,668
709,672
466,113
466,465
466,467
670,312
670,386
670,472
31,587
31,268
31,388
31,710
587,235
587,393
587,626
268,145
268,710
268,631
388,426
388,634
388,627
710,267
710,632
32,708
32,506
32,513
32,352
708,271
708,551
506,235
506,505
506,507
513,307
513,512
513,514
352,350
352,668
352,353
33,588
33,715
33,676
33,37
588,545
588,590
715,266
715,306
715,386
676,223
676,674
676,675
37,718
37,380
37,386
34,72
34,342
34,711
34,75
72,73
72,74
342,303
342,344
342,302
711,191
711,265
711,310
75,74
75,76
75,116
35,112
35,712
35,302
112,111
112,113
112,508
712,226
712,308
712,718
302,339
302,301
36,423
36,39
36,40
423,382
423,422
423,424
718,263
718,382
380,376
380,379
380,381
386,350
38,79
38,424
79,40
79,78
79,80
424,425
424,387
39,77
39,260
77,76
77,78
77,118
40,81
81,80
81,82
81,122
42,83
42,78
82,83
82,123
83,84
83,124
78,119
84,85
84,125
85,86
85,126
86,87
86,127
47,48
47,251
48,169
48,209
251,333
251,645
169,172
169,648
209,208
209,210
209,211
90,89
90,91
90,131
91,92
91,132
52,53
52,651
52,170
53,94
53,526
651,650
651,652
651,644
170,292
170,173
170,210
94,93
94,95
94,135
526,525
526,527
526,530
95,96
95,136
96,97
96,137
97,98
97,138
98,99
98,178
99,100
99,481
100,101
100,518
101,102
101,142
102,103
102,143
103,104
103,397
104,105
104,145
65,475
65,146
475,474
475,476
475,516
146,145
146,147
146,183
67,68
67,190
67,512
68,69
68,188
68,106
190,149
190,231
190,471
512,266
512,511
69,110
69,548
188,187
188,189
188,514
106,105
106,107
106,149
110,109
110,111
110,151
548,429
111,267
273,272
273,274
273,550
73,74
73,550
73,504
74,383
550,509
550,591
504,503
504,505
504,544
383,303
383,677
383,713
76,384
76,425
116,115
116,117
116,157
384,307
384,347
384,387
425,426
425,507
118,117
118,119
118,159
119,80
119,120
80,121
121,120
121,122
121,162
122,123
122,163
123,124
123,164
124,125
124,165
125,126
125,166
126,127
126,167
87,88
87,211
87,412
127,128
127,168
88,89
211,210
211,212
412,371
412,411
412,413
89,130
89,691
130,129
130,131
130,290
691,650
131,132
92,93
92,606
132,133
93,134
93,524
606,255
606,605
606,607
134,133
134,135
134,175
524,523
524,525
524,522
135,136
135,176
136,137
136,177
137,138
137,484
138,139
138,178
178,181
178,141
481,176
481,480
481,482
518,479
518,517
518,519
142,141
142,143
142,184
143,144
143,184
397,395
397,706
397,705
105,477
105,515
145,144
477,476
477,478
477,438
515,514
515,516
515,632
107,108
107,591
107,590
149,148
149,674
108,109
108,669
108,627
591,151
591,592
590,270
590,392
109,392
669,269
669,355
669,629
627,313
627,584
392,628
392,706
151,152
267,184
267,714
113,114
113,154
508,507
508,509
508,625
114,115
114,193
114,234
154,153
154,155
154,195
115,156
115,233
193,276
193,391
234,233
234,235
234,509
156,155
156,157
156,197
233,232
233,432
117,158
117,505
157,158
157,198
158,159
158,199
159,120
159,160
120,161
161,160
161,162
161,202
162,163
162,203
163,164
163,204
164,165
164,205
165,166
165,206
166,167
166,207
167,168
167,208
128,129
128,573
128,171
168,569
168,489
129,568
129,567
573,572
573,574
573,614
171,294
171,649
171,605
568,294
568,567
568,569
567,254
567,566
290,249
290,254
290,331
133,610
133,483
610,293
610,373
483,442
483,482
483,564
175,174
175,216
175,528
176,217
176,487
177,139
177,218
177,140
484,443
484,525
484,563
139,140
139,180
140,141
180,181
180,179
180,183
141,179
184,556
144,225
144,476
225,223
225,226
225,595
476,438
147,148
147,510
147,634
183,219
183,637
148,434
148,593
510,469
510,511
510,551
634,263
634,344
434,433
434,705
593,592
593,594
593,671
674,675
674,632
152,153
152,385
153,232
153,349
385,269
385,426
385,671
232,231
232,507
349,266
349,628
349,465
155,196
155,467
195,236
195,583
195,543
196,237
196,463
196,542
467,312
467,468
197,198
197,238
197,545
198,199
198,239
199,160
199,200
160,201
201,200
201,202
201,242
202,203
202,243
203,204
203,244
204,205
204,245
205,206
205,246
206,207
206,247
207,208
207,248
208,249
569,565
569,570
489,448
489,488
489,530
172,650
172,647
172,488
648,210
648,607
648,647
292,254
292,334
292,490
294,338
294,261
605,527
605,604
647,646
488,487
488,529
173,174
173,214
174,447
174,254
214,213
214,215
214,255
447,406
447,446
447,448
216,215
216,217
216,257
528,527
528,529
528,572
217,218
217,258
487,446
218,219
218,259
181,560
181,179
179,557
557,223
557,516
557,598
560,561
560,599
560,596
182,185
182,224
182,517
182,221
185,186
185,222
185,633
224,220
224,713
224,636
517,437
517,516
221,220
221,222
221,600
219,220
219,256
637,303
637,596
637,678
556,514
556,597
556,558
186,187
186,630
186,631
222,266
222,558
633,269
633,673
633,635
187,554
187,473
630,470
630,474
631,304
631,668
554,471
554,553
554,555
473,355
473,472
473,474
189,629
189,628
629,432
628,666
231,192
471,470
471,472
191,592
191,194
191,192
592,589
194,192
194,309
194,310
192,671
671,271
276,275
276,277
276,317
391,229
391,474
391,704
236,235
236,237
236,277
583,275
583,542
583,624
543,464
543,502
543,584
237,238
237,278
463,422
463,462
463,464
542,501
542,586
238,239
238,279
545,465
545,541
239,200
239,240
200,241
241,240
241,242
241,282
242,243
242,283
243,244
243,284
244,245
244,285
245,246
245,286
246,247
246,287
247,248
247,611
248,249
249,288
212,213
212,491
212,215
213,687
213,564
491,450
491,490
491,492
215,259
687,332
687,686
564,563
564,565
255,296
255,334
259,300
259,638
257,337
257,300
257,639
258,299
258,639
258,641
220,262
256,644
256,565
262,261
262,295
262,298
600,599
600,641
600,678
558,559
558,599
223,559
559,520
559,523
713,636
713,673
636,263
636,264
226,227
226,307
595,228
595,264
595,594
227,228
227,511
307,389
228,229
228,265
511,312
229,270
229,706
265,345
270,271
270,551
706,355
432,431
432,433
509,468
277,278
277,318
278,279
278,319
279,240
279,280
240,281
281,280
281,282
281,322
282,283
282,323
283,284
283,324
284,285
284,325
285,286
285,326
286,287
286,327
287,288
287,328
611,570
611,612
611,652
288,329
333,332
333,334
645,603
645,646
332,331
686,685
296,297
296,337
644,603
644,685
565,566
337,378
337,601
300,299
300,341
639,598
639,640
299,340
299,303
641,261
638,596
638,597
638,679
260,264
260,601
260,261
264,716
601,301
601,642
263,673
673,350
716,306
716,640
716,714
345,348
345,635
714,308
714,635
269,546
546,309
546,431
546,589
271,272
551,552
272,394
272,468
394,274
394,356
394,396
468,469
274,275
274,703
703,665
703,662
317,316
317,318
317,358
318,319
318,359
319,280
319,320
280,321
321,320
321,322
321,362
322,323
322,363
323,324
323,364
324,325
324,365
325,326
325,366
326,327
326,367
327,328
327,368
328,329
328,369
329,330
329,370
330,331
330,371
331,372
490,449
490,531
293,295
293,298
293,336
338,297
338,339
338,379
295,643
295,298
643,602
643,604
297,602
602,561
298,679
679,640
340,339
340,341
340,381
341,304
341,382
301,642
642,646
304,597
304,672
597,598
672,589
672,594
305,389
305,677
305,346
305,306
389,343
677,343
677,346
346,347
346,348
306,348
348,308
308,390
390,350
390,553
390,586
309,427
427,426
427,428
310,586
586,624
312,395
395,705
395,357
313,584
313,315
313,664
584,315
315,358
315,663
664,623
664,663
664,665
358,359
358,399
663,354
663,662
316,357
316,666
316,622
357,398
357,356
666,665
666,667
622,581
622,621
622,623
359,320
359,360
320,361
361,360
361,362
361,402
362,363
362,403
363,364
363,404
364,365
364,405
365,366
365,406
366,367
366,407
367,368
367,408
368,369
368,409
369,370
369,410
370,371
370,411
371,372
372,373
372,413
336,377
336,375
336,646
377,376
377,378
377,418
375,374
375,376
375,416
378,379
378,419
379,420
381,382
381,422
344,347
344,343
343,387
347,431
635,555
465,464
433,396
353,625
353,354
668,667
625,624
625,626
354,436
354,356
436,356
436,437
355,667
667,393
398,396
398,399
398,439
399,360
399,400
360,401
401,400
401,402
401,442
402,403
402,443
403,404
403,444
404,405
404,445
405,406
405,446
406,407
407,408
407,485
408,409
408,449
409,410
409,450
410,411
410,451
411,452
373,374
373,414
413,414
413,454
374,415
374,453
414,415
414,455
415,416
415,456
453,452
453,454
453,494
376,417
416,417
416,457
417,418
417,458
418,419
418,459
419,420
419,460
420,461
387,502
553,552
553,594
393,705
439,400
439,438
439,440
400,441
441,440
441,442
441,478
442,443
443,444
444,445
444,485
445,446
445,523
485,482
449,448
449,450
450,451
451,452
451,492
452,493
454,455
454,495
455,456
455,496
456,457
456,497
457,458
457,498
458,459
458,499
459,460
459,500
460,461
460,501
461,462
461,502
462,503
428,429
428,464
428,552
429,470
552,555
470,469
437,438
437,440
440,479
479,478
479,480
478,519
523,522
448,529
529,570
492,493
492,533
493,494
493,534
494,495
494,535
495,496
495,536
496,497
496,537
497,498
497,538
498,499
498,539
499,500
499,540
500,501
500,541
501,502
503,544
503,585
472,632
519,480
519,520
480,521
521,520
521,522
521,562
482,563
563,562
525,566
530,531
530,571
531,572
533,534
533,574
534,535
534,575
535,536
535,576
536,537
536,577
537,538
537,578
538,579
538,581
539,540
539,580
539,613
540,581
540,582
541,582
541,585
544,585
544,582
585,626
520,561
561,562
522,604
562,603
566,607
572,571
570,571
571,612
574,575
574,615
575,576
575,616
576,577
576,617
577,578
577,618
578,579
578,619
579,580
579,620
581,580
580,621
582,623
589,665
555,596
598,599
603,604
612,613
612,653
614,613
614,615
614,655
615,616
615,656
616,617
616,657
617,618
617,658
618,619
618,659
619,620
619,660
620,621
620,661
621,662
623,624
678,675
652,653
613,654
653,654
654,655
655,656
656,657
657,658
658,659
659,660
660,661
661,662
