0,41
0,719
0,35
0,36
41,40
41,42
41,82
719,299
719,383
719,678
1,680
1,339
1,375
1,338
680,296
680,382
680,679
339,295
339,717
339,340
375,374
375,376
375,416
338,296
338,297
338,379
2,43
2,681
2,682
2,683
43,42
43,44
43,84
681,296
681,640
681,718
682,3
682,297
682,641
683,254
683,602
683,716
3,4
3,44
3,684
4,5
4,45
4,454
44,45
44,85
684,5
684,256
684,685
5,6
5,7
45,46
45,86
454,453
454,455
454,495
6,7
6,252
6,491
7,8
7,609
252,92
252,486
252,647
491,450
491,490
491,492
8,9
8,289
8,452
609,567
609,608
609,650
9,10
9,50
9,688
289,248
289,288
289,330
452,451
452,453
452,493
10,11
10,572
10,689
50,49
50,51
50,91
688,132
688,687
688,689
11,12
11,170
11,53
572,170
572,571
572,573
689,686
689,690
12,13
12,532
12,208
170,290
170,568
13,14
13,54
13,692
532,413
532,531
532,533
208,207
208,209
208,612
14,15
14,55
14,693
54,53
54,55
54,95
692,691
692,693
15,16
15,56
15,694
55,56
55,96
693,652
693,694
16,17
16,57
16,695
56,57
56,97
694,653
694,695
17,18
17,58
17,696
57,58
57,98
695,654
695,696
18,19
18,59
18,697
58,59
58,99
696,655
696,697
19,20
19,60
19,698
59,60
59,100
697,656
697,698
20,21
20,61
20,699
60,61
60,101
698,657
698,699
21,22
21,437
21,703
61,62
61,102
699,658
699,700
22,23
22,63
22,701
437,26
437,397
437,516
703,357
703,395
703,624
23,24
23,64
23,702
63,62
63,64
63,104
701,438
701,660
701,700
24,353
24,105
24,393
64,65
64,553
702,354
702,397
702,661
353,272
353,707
353,624
105,104
105,106
105,475
393,67
393,314
393,352
25,432
25,665
25,29
25,62
432,274
432,431
432,433
665,311
665,394
665,546
26,435
26,552
26,666
435,391
435,434
435,436
552,28
552,428
552,555
666,662
666,700
666,710
27,704
27,431
27,311
27,630
704,317
704,436
704,700
431,349
431,468
311,315
311,512
630,28
630,591
630,627
28,348
28,356
348,30
348,34
348,350
356,313
356,314
356,626
29,468
29,514
29,355
468,467
468,469
514,68
514,108
514,551
355,628
355,392
355,707
30,347
30,228
30,389
347,228
347,590
347,632
228,192
228,548
389,312
389,426
389,395
31,69
31,506
31,345
31,390
69,68
69,70
69,309
506,385
506,502
506,504
345,74
345,673
345,386
390,507
390,513
390,706
32,670
32,712
32,344
32,384
670,312
670,551
670,635
712,225
712,349
712,548
344,36
344,343
344,715
384,75
384,343
384,387
33,189
33,268
33,673
33,187
189,188
189,230
189,628
268,433
268,588
268,385
673,676
673,675
187,186
187,188
187,270
34,267
34,37
34,469
267,230
267,711
267,674
37,36
37,382
37,714
469,470
469,510
35,675
35,304
35,265
675,223
675,387
304,227
304,714
304,298
265,305
265,266
265,298
36,385
385,117
382,341
382,423
714,263
714,633
38,424
38,342
38,39
38,74
424,713
424,429
424,501
342,302
342,305
342,341
39,76
39,378
39,383
76,75
76,77
76,116
378,377
378,379
378,419
383,674
383,717
40,79
40,81
40,423
79,78
79,80
79,116
81,80
81,82
81,122
423,75
423,422
42,78
42,83
82,83
82,123
78,77
78,119
83,84
83,124
84,85
84,125
85,86
85,126
46,47
46,88
46,646
86,87
86,127
47,48
47,291
47,49
88,87
88,89
88,250
646,336
646,645
646,647
48,49
48,412
48,293
291,173
291,527
291,530
49,90
412,250
412,411
412,413
293,210
293,213
293,254
90,91
90,131
90,127
51,52
51,250
51,527
91,92
91,206
52,53
52,651
52,487
250,686
527,255
527,484
53,94
651,288
651,650
651,652
487,446
487,486
487,488
94,93
94,95
94,135
95,96
95,171
96,97
96,176
97,98
97,524
98,99
98,141
99,100
99,62
100,101
100,518
101,102
101,142
102,103
102,143
104,103
104,478
65,66
65,394
65,312
553,67
553,185
553,629
66,67
66,708
66,190
394,433
394,513
312,308
67,68
708,234
708,313
708,473
190,669
190,271
190,706
68,106
106,107
106,518
70,71
70,154
70,191
309,306
309,392
309,511
71,72
71,471
71,386
154,153
154,155
154,627
191,588
191,195
191,430
72,74
72,711
72,672
471,152
471,470
471,472
386,671
386,549
74,75
711,150
711,186
672,230
672,231
672,472
73,546
73,504
73,588
73,231
546,549
546,624
504,545
504,540
588,188
231,230
231,232
77,118
77,462
118,117
118,119
118,159
462,197
462,421
462,461
119,80
119,120
80,121
116,157
116,464
121,120
121,122
121,162
122,123
122,163
123,124
123,164
124,125
124,165
125,126
125,166
126,127
126,167
87,129
87,331
127,128
129,92
129,128
129,130
331,290
331,330
331,332
89,130
89,248
89,691
130,131
130,445
248,247
248,249
691,650
691,690
131,132
131,605
92,93
206,165
206,205
206,207
93,134
93,247
134,133
134,175
134,171
247,246
247,611
135,176
135,481
135,136
171,253
171,411
176,217
176,254
524,523
524,525
524,567
141,140
141,142
141,182
518,183
518,517
142,143
142,184
103,480
103,556
143,144
143,555
480,137
480,138
480,557
556,222
556,597
556,633
478,441
478,477
478,517
475,474
475,476
475,516
107,108
107,517
107,554
108,109
108,352
517,516
554,185
554,308
554,557
109,110
109,710
109,388
352,705
352,512
110,111
110,153
110,434
710,152
710,226
388,193
388,272
388,392
111,112
111,510
111,351
153,152
153,233
434,433
434,513
112,113
112,671
112,428
510,147
510,188
351,391
351,668
351,509
113,114
113,466
113,425
671,589
671,595
428,308
428,464
114,115
114,629
114,590
466,115
466,465
466,467
425,426
425,715
425,465
115,194
115,545
629,148
629,151
590,631
590,626
194,274
194,509
194,625
545,507
545,548
157,156
157,158
157,198
464,463
464,465
117,158
117,503
158,159
158,199
503,542
503,543
503,429
159,120
159,160
120,161
161,160
161,162
161,202
162,163
162,203
163,164
163,204
164,165
164,205
165,166
166,167
166,207
167,168
167,413
128,368
128,573
368,207
368,367
368,369
573,574
573,614
445,404
445,444
445,446
132,133
132,173
605,294
605,564
605,687
133,328
133,649
173,174
173,253
328,287
328,327
328,329
649,169
649,212
649,643
175,174
175,216
175,215
481,182
481,479
481,521
136,137
136,177
136,440
137,138
137,484
177,218
177,179
177,180
440,439
440,441
440,479
138,139
138,519
484,443
484,525
139,140
139,179
139,178
519,178
519,479
519,520
140,178
140,516
179,520
179,559
178,214
182,181
182,221
184,181
184,180
184,227
144,145
144,597
144,224
555,264
555,596
145,146
145,185
145,227
597,598
597,638
224,181
224,225
224,638
146,147
146,436
146,310
185,186
227,193
147,548
147,551
436,438
310,270
310,667
310,592
551,668
148,470
148,668
148,149
470,474
668,270
149,233
149,272
149,511
233,232
233,234
272,427
511,307
511,706
150,391
150,269
150,273
391,271
269,229
269,674
269,235
273,274
273,550
273,508
151,152
151,591
151,429
591,592
591,594
429,313
155,156
155,196
155,505
627,587
627,634
156,197
156,236
196,195
196,237
196,463
505,236
505,387
505,508
197,198
197,238
236,235
236,237
198,199
198,239
199,160
199,200
160,201
201,200
201,202
201,242
202,203
202,243
203,204
203,244
204,205
204,245
205,246
168,327
168,372
168,489
413,414
327,286
327,326
372,371
372,373
372,492
489,448
489,488
489,530
169,531
169,213
169,214
531,490
531,610
290,249
290,610
568,210
568,213
568,371
253,210
253,645
411,370
411,410
172,209
172,488
172,526
172,647
209,211
209,569
488,529
526,212
526,332
526,525
647,251
174,447
174,332
447,406
447,446
447,448
332,333
216,215
216,217
216,257
215,212
215,296
217,218
217,258
254,295
218,219
218,259
214,258
214,260
520,561
520,522
559,523
559,558
559,560
180,220
180,183
220,219
220,221
220,257
181,562
562,483
562,561
562,563
221,222
221,600
183,219
183,262
219,256
262,222
262,343
262,634
186,223
223,260
223,677
270,589
628,586
628,626
669,226
669,709
669,635
271,465
271,512
706,663
195,193
195,585
430,192
430,633
430,667
192,350
192,707
350,232
350,354
707,275
193,467
467,585
274,275
509,307
509,709
625,544
625,623
625,663
585,584
585,583
237,238
237,278
463,422
463,507
238,239
238,279
239,200
239,240
200,241
241,240
241,242
241,282
242,243
242,283
243,244
243,284
244,245
244,285
245,246
245,286
246,287
612,611
612,613
612,653
211,212
211,255
211,690
569,294
569,565
569,570
210,607
607,606
607,608
607,648
255,337
255,601
690,606
213,604
604,567
604,603
604,606
257,645
257,603
258,299
258,337
259,300
259,261
259,638
256,565
256,644
222,261
600,641
600,637
600,636
261,297
261,596
260,264
260,263
677,264
677,301
677,346
225,306
225,635
638,679
306,592
306,715
635,634
226,303
226,632
303,263
303,346
303,716
632,229
632,715
229,426
229,513
426,427
232,275
275,276
234,235
234,276
235,314
276,277
276,313
278,277
278,279
278,319
279,240
279,280
240,281
281,280
281,282
281,322
282,283
282,323
283,284
283,324
284,285
284,325
285,286
285,326
286,287
287,288
611,570
611,652
249,613
249,409
613,614
613,654
409,408
409,410
409,450
686,685
686,687
251,334
251,408
251,333
334,292
334,333
334,685
408,367
408,407
333,335
486,485
486,608
645,292
295,644
295,566
337,380
337,335
601,642
601,558
601,599
565,564
565,566
644,294
644,643
603,606
603,528
299,300
299,340
300,341
300,676
264,678
297,602
596,637
596,639
343,346
634,641
263,302
302,716
302,266
678,637
678,643
305,718
305,676
266,595
266,301
595,557
595,594
674,631
589,308
589,631
512,515
427,508
427,713
550,594
550,713
550,587
508,713
277,318
277,541
318,317
318,319
318,359
541,500
541,582
541,542
319,280
319,320
280,321
321,320
321,322
321,362
322,323
322,363
323,324
323,364
324,325
324,365
325,326
325,366
326,367
288,329
329,330
329,370
330,371
610,369
610,648
530,571
530,648
292,490
292,650
490,449
294,567
566,525
566,648
602,336
602,561
340,381
340,341
676,307
301,641
301,298
716,381
346,631
718,717
592,593
307,593
593,392
593,594
667,549
667,705
315,358
315,584
315,663
314,586
586,583
586,664
358,317
358,359
358,399
584,316
584,543
663,582
316,317
316,357
316,622
357,398
357,621
622,581
622,621
622,623
359,320
359,360
320,361
361,360
361,362
361,402
362,363
362,403
363,364
363,404
364,365
364,405
365,366
365,406
366,367
366,407
370,369
370,371
335,642
335,298
685,492
642,639
642,608
336,377
336,687
377,376
377,418
380,379
380,381
380,421
379,420
717,640
381,422
349,547
349,472
547,354
547,544
547,583
472,473
705,473
705,709
624,543
354,387
626,544
398,395
398,399
398,439
621,580
621,620
399,360
399,400
360,401
401,400
401,402
401,442
402,403
402,443
403,404
403,444
404,405
405,406
405,446
406,407
407,485
369,410
410,451
373,374
373,376
373,414
492,493
374,415
374,453
376,417
414,415
414,455
415,416
415,456
453,494
416,417
416,457
417,418
417,458
418,419
418,459
419,420
419,460
420,421
420,461
421,422
549,515
507,587
395,396
396,664
396,662
396,476
664,583
664,587
662,661
662,659
397,438
397,477
438,439
477,476
477,482
439,400
400,441
441,442
442,443
442,483
443,444
444,485
485,483
450,449
450,451
451,529
455,456
455,496
456,457
456,497
457,458
457,498
458,459
458,499
459,460
459,500
460,461
460,501
461,502
633,636
479,476
483,564
448,449
448,529
449,522
529,570
493,494
493,534
494,495
494,535
495,496
495,536
496,497
496,537
497,498
497,538
498,499
498,539
499,500
499,540
500,501
501,542
502,543
502,539
474,473
474,709
557,598
521,482
521,515
521,522
482,515
482,522
564,563
534,533
534,535
534,575
535,536
535,576
536,537
536,577
537,538
537,578
538,579
538,581
539,540
539,580
540,581
542,623
561,560
523,528
523,558
570,571
571,528
533,574
533,528
574,575
574,615
575,576
575,616
576,577
576,617
577,578
577,618
578,579
578,619
579,580
579,620
581,580
582,544
582,623
598,599
598,639
558,599
560,599
560,563
563,643
614,615
614,655
615,616
615,656
616,617
616,657
617,618
617,658
618,619
618,659
619,620
619,660
620,661
637,636
639,640
636,679
652,653
653,654
654,655
655,656
656,657
657,658
658,659
659,660
660,661
679,640
