0,714
0,38
0,380
0,419
1,119
1,39
1,602
1,419
2,377
2,343
2,413
2,36
3,532
3,335
3,494
3,608
4,453
4,296
4,255
4,48
5,125
5,410
5,418
5,291
6,127
6,51
6,205
6,570
7,651
7,449
7,602
7,87
8,325
8,211
8,446
8,565
9,527
9,417
9,206
9,610
10,252
10,295
10,451
10,695
11,16
11,164
11,524
11,690
12,453
12,174
12,47
12,654
13,413
13,250
13,321
13,282
14,214
14,21
14,250
14,647
15,319
15,654
15,242
15,203
16,489
16,136
16,661
17,449
17,694
17,364
17,690
18,281
18,704
18,93
18,442
19,440
19,364
19,443
19,658
20,619
20,699
20,22
20,318
21,705
21,60
21,139
22,517
22,273
22,696
23,701
23,474
23,360
23,353
24,469
24,666
24,111
24,184
25,142
25,660
25,702
25,389
26,387
26,317
26,61
26,594
27,29
27,112
27,270
27,397
28,104
28,149
28,585
28,315
29,272
29,66
29,191
30,464
30,432
30,356
30,306
31,153
31,516
31,272
31,714
32,705
32,36
32,226
32,503
33,74
33,37
33,195
33,70
34,553
34,469
34,263
34,305
35,636
35,717
35,80
35,147
36,156
36,262
37,423
37,678
37,716
38,638
38,263
38,338
39,501
39,639
39,714
40,536
40,121
40,381
40,684
41,161
41,295
41,716
41,46
42,383
42,499
42,450
42,648
43,89
43,452
43,502
43,342
44,129
44,682
44,687
44,291
45,460
45,448
45,533
45,420
46,288
46,212
46,642
47,645
47,94
47,572
48,367
48,329
48,573
49,614
49,696
49,577
49,576
50,293
50,577
50,655
50,652
51,411
51,128
51,210
52,175
52,93
52,412
52,689
53,57
53,167
53,524
53,693
54,61
54,485
54,92
54,487
55,569
55,370
55,698
55,62
56,93
56,481
56,176
56,443
57,134
57,696
57,363
58,99
58,479
58,100
58,284
59,697
59,406
59,144
59,133
60,398
60,698
60,356
61,664
61,323
62,663
62,391
62,358
63,273
63,478
63,519
63,559
64,479
64,477
64,229
64,516
65,510
65,587
65,394
65,320
66,631
66,359
66,387
67,436
67,356
67,310
67,230
68,595
68,552
68,110
68,315
69,152
69,552
69,103
69,388
70,186
70,389
70,674
71,670
71,355
71,591
71,677
72,158
72,471
72,546
72,511
73,426
73,312
73,547
73,273
74,679
74,152
74,503
75,586
75,379
75,382
75,584
76,81
76,681
76,151
76,678
77,377
77,118
77,121
77,457
78,378
78,418
78,340
78,539
79,461
79,115
79,117
79,199
80,422
80,457
80,81
81,375
81,460
82,88
82,580
82,378
82,334
83,336
83,421
83,494
83,570
84,456
84,648
84,644
84,162
85,408
85,457
85,368
85,380
86,329
86,567
86,369
86,454
87,615
87,88
87,334
88,450
88,123
89,613
89,244
89,686
90,414
90,133
90,327
90,536
91,494
91,647
91,689
91,563
92,657
92,407
92,169
93,248
94,440
94,168
94,247
95,411
95,289
95,522
95,133
96,699
96,284
96,403
96,292
97,410
97,482
97,565
97,440
98,558
98,365
98,102
98,519
99,136
99,360
99,561
100,561
100,145
100,137
101,142
101,405
101,478
101,220
102,595
102,181
102,147
103,104
103,669
103,593
104,353
104,399
105,517
105,555
105,228
105,633
106,225
106,554
106,396
106,112
107,477
107,316
107,478
107,557
108,226
108,628
108,231
108,671
109,518
109,549
109,588
109,265
110,143
110,347
110,385
111,627
111,593
111,386
112,671
112,392
113,345
113,270
113,190
113,553
114,228
114,543
114,198
114,718
115,306
115,500
115,197
116,389
116,428
116,349
116,235
117,156
117,196
117,719
118,713
118,455
118,508
119,377
119,457
119,123
120,124
120,241
120,506
120,496
121,535
121,161
122,167
122,540
122,155
122,124
123,199
123,538
124,531
124,452
125,253
125,612
125,288
126,287
126,694
126,539
126,416
127,409
127,454
127,566
128,685
128,290
128,566
129,408
129,453
129,447
130,284
130,249
130,210
130,491
131,605
131,332
131,651
131,132
132,331
132,405
132,178
133,652
134,525
134,207
134,405
135,365
135,324
135,254
135,326
136,141
136,176
137,215
137,526
137,220
138,488
138,182
138,177
138,484
139,215
139,213
139,144
140,477
140,438
140,214
140,523
141,524
141,438
141,514
142,599
142,221
143,477
143,708
143,223
144,230
144,558
145,270
145,637
145,190
146,351
146,480
146,389
146,597
147,265
147,266
148,223
148,352
148,551
148,354
149,432
149,308
149,664
150,468
150,507
150,343
150,475
151,553
151,707
151,383
152,469
152,385
153,461
153,706
153,510
154,621
154,426
154,390
154,343
155,463
155,312
155,428
156,270
156,236
157,191
157,460
157,463
157,624
158,238
158,461
158,578
159,160
159,545
159,415
159,425
160,462
160,618
160,459
161,537
161,542
162,504
162,615
162,200
163,289
163,240
163,532
163,692
164,206
164,374
164,580
165,617
165,581
165,246
165,285
166,606
166,247
166,650
166,293
167,488
167,451
168,487
168,368
168,328
169,286
169,685
169,248
170,609
170,531
170,203
170,645
171,492
171,177
171,442
171,568
172,295
172,611
172,371
172,403
173,325
173,408
173,646
173,649
174,404
174,291
174,692
175,653
175,259
175,568
176,691
176,602
177,180
177,645
178,522
178,562
178,400
179,523
179,636
179,559
179,259
180,215
180,564
180,220
181,514
181,267
181,222
182,300
182,400
182,560
183,265
183,436
183,561
183,563
184,556
184,475
184,678
185,189
185,630
185,560
185,669
186,599
186,520
186,384
187,426
187,346
187,304
187,312
188,712
188,427
188,346
188,589
189,227
189,437
189,672
190,388
190,665
191,344
191,466
192,391
192,672
192,707
192,546
193,316
193,386
193,390
193,385
194,665
194,621
194,311
194,317
195,269
195,588
195,509
196,501
196,314
196,705
197,202
197,465
197,424
198,665
198,316
198,498
199,316
199,239
200,240
200,658
200,542
201,495
201,243
201,655
201,533
202,238
202,531
202,695
203,287
203,458
204,650
204,210
204,209
204,541
205,651
205,575
205,529
206,445
206,536
207,526
207,578
207,569
208,249
208,444
208,455
208,287
209,404
209,529
209,568
210,331
211,686
211,448
211,370
212,289
212,647
212,298
213,290
213,331
213,608
214,250
214,297
215,602
216,690
216,597
216,480
216,600
217,644
217,259
217,600
217,480
218,340
218,643
218,258
218,677
219,341
219,605
219,638
219,677
220,643
221,341
221,562
221,719
222,562
222,561
222,594
223,350
223,307
224,435
224,556
224,597
224,562
225,712
225,260
225,667
226,508
226,467
227,712
227,228
227,431
228,345
229,276
229,634
229,467
230,423
230,274
231,592
231,268
231,275
232,585
232,395
232,393
232,346
233,393
233,702
233,357
233,234
234,507
234,353
234,467
235,275
235,548
235,277
236,238
236,470
236,622
237,628
237,668
237,659
237,618
238,627
239,319
239,321
239,618
240,625
240,535
241,282
241,624
241,398
242,540
242,539
242,357
243,583
243,367
243,655
244,652
244,327
244,621
245,288
245,283
245,614
245,654
246,660
246,450
246,362
247,413
247,406
248,324
248,613
249,575
249,688
250,657
251,656
251,610
251,564
251,296
252,369
252,609
252,417
253,572
253,258
253,374
254,331
254,689
254,338
255,528
255,298
255,682
256,445
256,520
256,369
256,296
257,680
257,337
257,557
257,339
258,482
258,523
259,301
260,599
260,717
260,379
261,521
261,340
261,294
261,297
262,268
262,348
262,595
263,601
263,513
264,718
264,472
264,675
264,471
265,634
266,632
266,551
266,717
267,558
267,511
267,434
268,630
268,423
269,276
269,350
269,716
271,626
271,625
271,509
271,633
272,425
272,595
273,391
274,277
274,390
274,474
275,582
275,513
276,394
276,703
277,355
277,320
278,619
278,584
278,589
278,665
279,661
279,280
279,540
279,620
280,580
280,614
280,537
281,659
281,322
281,358
282,403
282,611
283,700
283,318
283,369
284,700
285,404
285,399
285,493
286,486
286,688
286,687
287,611
288,570
289,456
290,649
290,367
291,292
292,573
292,568
293,650
293,642
294,607
294,373
294,447
295,531
296,643
297,598
297,608
298,606
298,640
299,644
299,680
299,521
299,416
300,378
300,560
300,420
301,718
301,302
301,681
302,596
302,639
302,598
303,674
303,593
303,716
303,308
304,552
304,464
304,509
305,641
305,428
305,506
306,629
306,637
307,593
307,349
307,637
308,544
308,633
309,673
309,544
309,707
309,344
310,465
310,590
310,510
311,313
311,358
311,662
312,388
313,473
313,386
313,320
314,509
314,547
314,585
315,319
315,433
317,699
317,621
318,545
318,668
319,617
320,706
321,399
321,653
322,622
322,659
322,405
323,659
323,658
323,396
324,619
324,402
325,649
325,367
326,407
326,441
326,451
327,693
327,495
328,402
328,567
328,564
329,609
329,448
330,404
330,496
330,684
330,569
332,368
332,489
332,497
333,485
333,413
333,371
333,491
334,691
334,525
335,336
335,679
335,571
336,642
336,649
337,383
337,458
337,422
338,376
338,719
339,718
339,679
339,601
340,417
341,427
341,639
342,381
342,603
342,635
343,350
344,601
344,719
345,350
345,505
346,675
347,506
347,638
347,462
348,508
348,629
348,393
349,465
349,715
351,670
351,515
351,704
352,517
352,628
352,357
353,708
354,545
354,594
354,660
355,400
355,620
356,515
357,549
358,397
359,625
359,476
359,695
360,518
360,363
361,437
361,483
361,660
361,398
362,487
362,403
362,656
363,573
363,650
364,441
364,446
365,610
365,575
366,697
366,613
366,483
366,488
368,614
370,530
370,446
371,378
371,604
372,569
372,496
372,373
372,575
373,571
373,498
374,497
374,565
375,411
375,682
375,459
376,499
376,604
376,412
377,640
379,459
379,501
380,458
380,420
381,673
381,385
382,507
382,713
382,387
383,425
384,503
384,591
384,710
386,512
387,673
388,676
390,714
391,552
392,663
392,468
392,472
393,427
394,700
394,472
395,546
395,471
395,434
396,592
396,662
397,398
397,622
399,697
400,519
401,435
401,436
401,443
401,402
402,447
406,445
406,481
407,607
407,441
408,491
409,490
409,532
409,492
410,483
410,692
411,527
412,642
412,648
414,452
414,565
414,455
415,680
415,449
415,419
416,498
416,492
417,502
418,501
418,682
419,463
420,683
421,677
421,459
421,422
422,681
423,469
424,676
424,504
424,429
425,667
426,544
427,551
428,474
429,596
429,503
429,711
430,711
430,550
430,472
430,510
431,626
431,666
431,511
432,473
432,548
433,590
433,710
433,668
434,440
434,554
435,709
435,628
436,587
437,473
437,667
438,705
438,513
439,661
439,701
439,476
439,663
441,563
442,481
442,519
443,606
444,567
444,520
444,445
446,696
447,604
448,693
449,533
450,652
451,683
452,534
453,532
454,566
454,607
455,690
456,648
456,571
458,534
460,542
461,543
462,544
462,588
463,549
464,500
464,547
465,672
466,506
466,502
466,545
467,624
468,630
468,505
470,591
470,671
470,711
471,631
473,479
474,586
475,512
475,481
476,520
476,634
478,701
479,482
480,516
482,523
483,603
484,563
484,691
484,559
485,528
485,490
486,647
486,528
486,686
487,601
488,521
489,692
489,522
490,688
490,612
491,497
492,577
493,529
493,616
493,494
495,579
495,534
496,579
497,574
498,574
499,500
499,505
500,617
502,587
504,712
504,583
505,512
507,587
508,676
511,555
512,710
513,627
514,635
514,518
515,592
515,521
516,594
517,554
518,596
522,524
525,560
525,570
526,607
526,683
527,574
527,528
529,684
530,653
530,646
530,534
533,688
535,537
535,541
536,572
537,619
538,615
538,654
538,580
539,661
540,576
541,584
541,616
542,623
543,550
543,707
546,703
547,632
548,671
548,708
549,555
550,551
550,706
553,591
554,676
555,711
556,557
556,678
557,600
558,632
559,597
564,605
566,651
567,611
571,576
572,613
573,656
574,691
576,581
577,582
578,581
578,623
579,586
579,618
581,626
582,667
583,589
583,666
584,703
585,664
586,631
588,664
589,592
590,670
590,636
596,709
598,643
598,634
599,644
600,637
603,641
603,687
604,640
605,685
606,641
608,653
609,656
610,646
612,697
612,686
615,657
616,694
616,699
617,700
620,622
620,658
623,662
623,703
624,668
625,704
626,630
627,706
629,632
629,672
631,669
633,674
635,679
635,709
636,675
638,713
639,681
640,685
641,715
645,684
646,680
655,689
657,693
662,669
663,702
666,704
670,673
674,715
675,713
683,717
687,694
695,698
698,701
702,708
709,710
