0,5
0,379
0,641
0,336
1,299
1,43
1,684
1,645
2,122
2,9
2,339
2,296
3,254
3,125
3,333
3,570
4,417
4,604
4,682
5,215
5,369
5,206
6,289
6,418
6,574
6,646
7,602
7,649
7,457
7,287
8,84
8,87
8,13
8,495
9,450
9,169
9,254
10,443
10,128
10,49
10,644
11,568
11,12
11,485
11,172
12,53
12,174
12,446
13,450
13,283
13,408
14,166
14,211
14,409
14,285
15,363
15,48
15,56
15,244
16,654
16,694
16,653
16,366
17,94
17,357
17,280
17,398
18,659
18,242
18,439
18,442
19,359
19,443
19,20
19,699
20,319
20,24
20,445
21,318
21,101
21,143
21,279
22,66
22,696
22,401
22,141
23,69
23,589
23,519
23,393
24,317
24,671
24,627
25,103
25,350
25,269
25,27
26,593
26,629
26,107
26,61
27,701
27,673
27,142
28,512
28,593
28,34
28,518
29,626
29,269
29,147
29,670
30,305
30,545
30,304
30,75
31,146
31,391
31,429
31,191
32,548
32,434
32,185
32,635
33,381
33,184
33,35
33,392
34,382
34,432
34,671
35,425
35,342
35,637
36,430
36,308
36,76
36,346
37,637
37,119
37,631
37,42
38,636
38,466
38,456
38,308
39,380
39,459
39,715
39,383
40,465
40,160
40,87
40,536
41,375
41,199
41,123
41,373
42,413
42,82
42,339
43,340
43,539
43,419
44,118
44,204
44,416
44,168
45,79
45,377
45,296
45,409
46,297
46,419
46,420
46,457
47,286
47,173
47,378
47,172
48,655
48,51
48,455
49,212
49,656
49,691
50,251
50,55
50,288
50,607
51,650
51,531
51,327
52,401
52,130
52,170
52,367
53,325
53,648
53,695
54,690
54,652
54,524
54,255
55,179
55,320
55,365
56,523
56,478
56,613
57,657
57,91
57,363
57,361
58,322
58,95
58,559
58,697
59,559
59,142
59,360
59,181
60,402
60,318
60,182
60,480
61,399
61,436
61,393
62,145
62,391
62,478
62,437
63,352
63,357
63,314
63,479
64,706
64,111
64,477
64,476
65,595
65,551
65,357
65,701
66,151
66,473
66,674
67,594
67,350
67,103
67,148
68,272
68,623
68,708
68,549
69,395
69,627
69,550
70,193
70,550
70,270
70,586
71,110
71,555
71,187
71,314
72,387
72,553
72,344
72,502
73,80
73,234
73,149
73,382
74,109
74,152
74,471
74,707
75,350
75,500
75,632
76,310
76,197
76,305
77,154
77,82
77,339
77,542
78,420
78,384
78,459
78,85
79,505
79,538
79,423
80,539
80,342
80,86
81,539
81,423
81,457
81,536
82,416
82,535
83,125
83,532
83,574
83,572
84,453
84,608
84,381
85,577
85,119
85,460
86,377
86,249
86,645
87,494
87,133
88,165
88,166
88,205
88,414
89,253
89,647
89,210
89,564
90,97
90,530
90,326
90,376
91,496
91,333
91,246
92,212
92,330
92,175
92,645
93,290
93,688
93,408
93,289
94,693
94,171
94,404
95,247
95,364
95,362
96,698
96,214
96,521
96,519
97,135
97,363
97,558
98,526
98,482
98,218
98,101
99,563
99,323
99,184
99,439
100,442
100,599
100,444
100,395
101,553
101,137
102,226
102,320
102,479
102,599
103,142
103,593
104,107
104,705
104,511
104,309
105,703
105,266
105,188
105,396
106,316
106,108
106,672
106,226
107,630
107,183
108,596
108,387
108,588
109,471
109,232
109,675
110,112
110,312
110,396
111,384
111,674
111,474
112,307
112,237
112,435
113,235
113,150
113,588
113,266
114,196
114,540
114,233
114,306
115,230
115,625
115,540
115,672
116,121
116,150
116,545
116,390
117,418
117,710
117,377
117,503
118,541
118,680
118,462
119,717
119,463
120,240
120,454
120,241
120,544
121,155
121,618
121,200
122,202
122,616
122,497
123,499
123,238
123,685
124,162
124,538
124,200
124,157
125,498
125,651
126,529
126,165
126,607
126,614
127,255
127,364
127,374
127,208
128,576
128,367
128,687
129,370
129,328
129,692
129,404
130,696
130,168
130,292
131,334
131,284
131,295
131,204
132,644
132,483
132,655
132,656
133,252
133,134
133,371
134,364
134,257
134,524
135,403
135,220
135,481
136,607
136,400
136,691
136,360
137,173
137,179
137,598
138,605
138,480
138,600
138,402
139,519
139,560
139,557
139,221
140,437
140,517
140,225
140,405
141,360
141,397
141,593
142,554
143,711
143,270
143,177
144,629
144,305
144,560
144,521
145,232
145,515
145,475
146,557
146,436
146,665
147,509
147,388
147,594
148,673
148,664
148,667
149,504
149,586
149,584
150,672
150,513
151,708
151,195
151,628
152,197
152,356
152,551
153,464
153,470
153,278
153,552
154,499
154,354
154,669
155,458
155,268
155,387
156,159
156,419
156,195
156,308
157,465
157,384
157,198
158,379
158,508
158,385
158,619
159,382
159,237
159,618
160,197
160,577
160,499
161,206
161,584
161,539
161,242
162,201
162,418
162,580
163,248
163,289
163,577
163,415
164,573
164,619
164,290
164,501
165,490
165,248
166,251
166,530
167,455
167,367
167,686
167,213
168,365
168,204
169,253
169,366
169,292
170,454
170,286
170,324
171,212
171,175
171,526
172,612
172,256
173,692
173,295
174,412
174,209
174,210
175,689
175,412
176,528
176,443
176,328
176,561
177,518
177,522
177,296
178,445
178,254
178,559
178,407
179,222
179,218
180,564
180,485
180,298
180,640
181,636
181,482
181,302
182,305
182,435
182,474
183,679
183,472
183,710
184,191
184,264
185,477
185,427
185,638
186,514
186,711
186,706
186,518
187,666
187,224
187,349
188,427
188,436
188,598
189,670
189,425
189,304
189,709
190,356
190,311
190,556
190,630
191,592
191,270
192,709
192,266
192,347
192,238
193,355
193,389
193,274
194,386
194,583
194,389
194,273
195,670
195,551
196,316
196,587
196,463
197,203
198,201
198,461
198,278
199,465
199,424
199,278
200,576
200,617
201,234
201,493
202,621
202,323
202,456
203,494
203,618
203,452
204,660
205,283
205,363
205,446
206,411
206,606
207,615
207,373
207,325
207,688
208,492
208,490
208,288
209,291
209,523
209,293
210,292
210,649
211,447
211,291
211,408
212,565
213,258
213,247
213,646
214,485
214,529
214,335
215,297
215,570
215,298
216,406
216,261
216,648
216,260
217,639
217,519
217,221
217,636
218,484
218,597
219,679
219,681
219,562
219,600
220,297
220,642
220,718
221,717
221,718
222,596
222,473
222,472
223,596
223,716
223,469
223,306
224,515
224,473
224,671
225,514
225,312
225,263
226,510
226,390
227,548
227,508
227,715
227,598
228,233
228,624
228,632
228,272
229,624
229,516
229,505
229,425
230,346
230,347
230,632
231,313
231,633
231,432
231,277
232,582
232,345
233,621
233,273
234,351
234,702
235,427
235,661
235,580
236,387
236,508
236,544
236,509
237,581
237,616
238,319
238,315
239,656
239,577
239,497
239,460
240,317
240,575
240,623
241,359
241,665
241,282
242,285
242,614
243,317
243,321
243,362
243,579
244,284
244,579
244,535
245,323
245,249
245,279
245,569
246,494
246,528
246,327
247,491
247,449
248,686
248,534
249,448
249,567
250,657
250,650
250,403
250,607
251,416
251,254
252,566
252,685
252,288
253,526
253,444
255,687
255,527
256,373
256,600
256,678
257,293
257,644
257,330
258,303
258,681
258,676
259,265
259,684
259,678
259,715
260,378
260,602
260,340
261,296
261,719
261,558
262,265
262,554
262,560
262,718
263,674
263,642
263,641
264,515
264,380
264,556
265,266
265,348
267,548
267,599
267,300
267,348
268,354
268,301
268,510
269,504
269,466
270,588
271,430
271,311
271,468
271,347
272,622
272,582
273,508
273,707
274,280
274,552
274,432
275,705
275,660
275,664
275,353
276,390
276,703
276,659
276,543
277,617
277,540
277,669
278,581
279,318
279,620
280,580
280,401
281,702
281,621
281,620
282,700
282,317
282,698
283,446
283,696
284,538
284,531
285,329
285,407
286,619
286,647
287,374
287,690
287,606
288,448
289,483
290,370
290,643
291,615
291,652
292,564
293,410
293,336
294,529
294,650
294,566
294,682
295,368
295,561
297,563
298,682
298,522
299,719
299,333
299,341
300,383
300,346
300,683
301,346
301,385
301,555
302,304
302,561
302,558
303,428
303,712
303,562
304,680
306,465
306,710
307,427
307,474
307,309
308,423
309,664
309,348
310,514
310,549
310,347
311,507
311,350
312,510
312,425
313,700
313,471
313,547
314,541
314,476
315,506
315,667
315,619
316,396
316,430
318,358
319,697
319,544
320,355
320,401
321,365
321,657
321,624
322,444
322,437
322,695
323,445
324,535
324,693
324,440
325,694
325,443
326,365
326,698
326,405
327,611
327,404
328,495
328,446
329,410
329,414
329,657
330,456
330,687
331,337
331,609
331,486
331,452
332,370
332,334
332,452
332,368
333,641
334,564
334,336
335,375
335,486
335,417
336,375
337,452
337,637
337,492
338,384
338,343
338,676
338,421
339,714
340,420
340,381
341,458
341,633
341,385
342,637
342,462
343,429
343,464
343,466
344,636
344,460
344,719
345,629
345,680
345,462
348,590
349,677
349,592
349,716
351,433
351,389
351,712
352,389
352,511
352,662
353,390
353,546
353,666
354,435
354,701
355,393
355,623
356,583
356,590
357,582
358,581
358,695
358,476
359,707
359,699
360,654
361,484
361,397
361,654
362,440
362,615
364,448
366,400
366,572
367,491
368,612
368,489
369,565
369,451
369,453
370,532
371,570
371,610
371,495
372,535
372,686
372,374
372,534
373,574
374,459
375,534
376,449
376,718
376,453
377,422
378,463
378,601
379,682
379,681
380,386
380,643
381,634
382,714
383,502
383,589
385,543
386,553
386,706
388,715
388,677
388,435
391,585
391,673
392,428
392,591
392,509
393,472
394,430
394,552
394,516
394,595
395,592
395,659
396,668
397,432
397,477
398,658
398,697
398,517
399,478
399,664
399,438
400,557
400,702
402,481
402,441
403,701
403,440
404,613
405,530
405,489
406,525
406,489
406,606
407,688
407,616
408,572
409,442
409,569
410,611
410,566
411,568
411,490
411,567
412,413
412,567
413,419
413,417
414,643
414,609
415,652
415,450
415,489
416,568
417,462
418,717
420,537
421,428
421,457
421,506
422,640
422,719
422,501
423,587
424,584
424,458
424,635
426,503
426,551
426,550
426,541
428,473
429,513
429,716
431,635
431,584
431,433
431,634
433,475
433,663
434,439
434,558
434,709
436,477
437,589
438,704
438,513
438,517
439,704
440,563
441,479
441,699
442,520
444,491
445,523
447,571
447,486
447,533
448,604
449,525
449,451
450,694
451,531
451,686
453,572
454,693
454,531
455,456
455,571
458,495
459,506
460,501
461,537
461,714
461,506
463,542
464,469
464,713
466,468
467,709
467,706
467,546
467,594
468,505
468,509
469,633
469,590
470,515
470,670
470,665
471,595
472,665
474,626
475,553
475,626
476,668
478,705
479,485
480,555
480,521
481,559
481,638
482,562
482,527
483,487
483,605
484,601
484,528
486,611
487,649
487,563
487,685
488,493
488,574
488,602
488,653
490,689
491,536
492,532
492,605
493,498
493,651
494,533
496,687
496,613
496,500
497,503
497,498
498,578
499,583
500,536
500,504
501,545
502,505
502,587
503,625
504,627
507,540
507,713
507,672
510,590
511,557
511,625
512,589
512,707
512,591
513,669
514,597
516,667
516,630
517,597
518,522
520,642
520,679
520,525
521,640
522,639
523,688
524,562
524,645
525,571
526,573
527,561
527,692
528,651
529,647
530,569
532,567
533,612
533,608
534,616
537,541
537,655
538,579
542,544
542,547
543,586
543,547
545,622
546,585
546,620
547,628
548,592
549,716
549,587
550,703
552,668
554,671
554,710
555,639
556,676
556,601
560,639
565,689
565,692
566,649
568,684
569,648
570,689
571,695
573,654
573,655
575,656
575,621
575,694
576,658
576,617
578,585
578,580
578,581
579,660
582,583
585,705
586,708
588,622
591,633
591,595
594,631
596,676
597,599
598,712
601,604
602,648
603,638
603,678
603,684
603,641
604,646
605,691
606,683
608,642
608,615
609,612
609,614
610,613
610,652
610,617
611,690
614,658
618,660
620,661
622,666
623,662
624,667
625,661
626,632
627,708
628,663
628,675
629,663
630,675
631,634
631,677
634,711
635,640
638,677
643,717
644,680
646,679
647,683
650,696
651,691
653,658
653,698
659,661
662,668
662,703
663,700
666,699
669,702
673,678
674,711
675,681
683,685
690,693
697,704
700,704
712,713
713,714
