0,41
0,719
0,36
0,380
41,40
41,42
41,82
719,39
719,678
719,717
36,115
36,35
36,37
380,379
380,381
380,343
1,680
1,717
1,681
1,34
680,679
680,714
680,715
717,718
681,2
681,602
681,640
2,43
2,682
2,683
43,42
43,44
43,84
682,3
682,297
682,641
683,254
683,297
683,602
3,4
3,44
3,39
4,5
4,45
4,454
44,45
44,85
39,38
39,260
5,6
5,684
5,337
45,46
45,86
454,453
454,455
454,495
6,7
6,252
6,294
684,256
684,296
684,685
337,257
337,258
337,334
7,8
7,609
7,46
252,131
252,486
252,647
294,609
294,605
294,295
8,9
8,289
8,452
609,608
609,650
46,47
46,88
9,10
9,50
9,688
289,248
289,288
289,330
452,451
452,453
452,493
10,11
10,51
10,689
50,49
50,51
50,91
688,132
688,687
688,689
11,12
11,569
11,170
51,52
51,250
689,686
689,690
12,13
12,486
12,532
569,565
569,570
569,690
170,169
170,290
170,528
13,14
13,54
13,692
486,485
486,487
532,413
532,531
532,533
14,15
14,55
14,693
54,53
54,55
54,95
692,568
692,691
692,693
15,16
15,56
15,694
55,56
55,96
693,652
693,694
16,17
16,57
16,695
56,57
56,97
694,653
694,695
17,18
17,58
17,696
57,58
57,98
695,654
695,696
18,19
18,59
18,697
58,59
58,99
696,655
696,697
19,20
19,60
19,698
59,60
59,100
697,656
697,698
20,21
20,61
20,699
60,61
60,101
698,657
698,699
21,22
21,62
21,700
61,62
61,102
699,658
699,700
22,23
22,63
22,701
62,63
62,103
700,659
700,701
23,24
23,64
23,702
63,64
63,104
701,660
701,703
24,25
24,357
24,355
64,65
64,395
702,355
702,397
702,661
25,26
25,354
25,396
357,316
357,398
357,706
355,276
355,394
26,27
26,316
26,271
354,107
354,511
354,549
396,395
396,662
396,476
27,28
27,705
27,67
316,317
316,622
271,189
271,513
271,668
28,29
28,353
28,150
705,232
705,311
705,398
29,70
29,553
29,272
353,110
353,474
353,625
150,109
150,151
150,229
70,69
70,71
70,268
553,225
553,307
553,391
272,315
272,624
272,548
30,466
30,670
30,193
30,513
466,113
466,465
466,467
670,192
670,507
670,512
193,114
193,276
193,387
513,348
513,634
31,472
31,305
31,668
31,32
472,187
472,471
472,473
305,263
305,713
305,386
668,312
668,552
32,430
32,590
32,709
430,429
430,431
430,469
590,66
590,227
590,468
709,146
709,226
709,307
33,152
33,189
33,669
33,508
152,151
152,153
152,385
189,188
189,230
669,390
669,508
669,666
508,74
508,708
34,631
34,308
34,77
631,185
631,389
631,432
308,547
308,710
308,509
77,76
77,78
77,118
35,715
35,675
35,37
715,343
715,716
675,223
675,224
675,269
115,114
115,156
115,194
37,716
37,74
716,347
716,424
74,72
74,75
38,346
38,384
38,345
346,113
346,270
346,713
384,114
384,343
384,345
345,633
345,673
40,79
40,81
40,423
79,78
79,80
79,116
81,80
81,82
81,122
423,75
423,382
423,422
42,78
42,83
82,83
82,123
78,119
83,84
83,124
84,85
84,125
85,86
85,126
86,87
86,127
47,48
47,291
47,290
88,87
88,89
88,250
48,49
48,209
48,412
291,173
291,604
291,335
290,249
290,331
49,90
49,169
209,172
209,208
209,211
412,250
412,411
412,413
90,89
90,91
90,131
91,92
91,211
52,53
52,651
52,169
250,686
53,94
53,690
651,288
651,650
651,652
169,368
94,93
94,95
94,135
690,691
95,96
95,136
96,97
96,137
97,98
97,138
98,99
98,141
99,100
99,138
100,101
100,518
101,102
101,142
102,103
102,143
103,104
103,517
104,105
104,555
65,66
65,475
65,667
395,356
395,435
66,67
66,512
475,474
475,476
475,516
667,389
667,664
667,666
67,68
67,672
512,672
512,509
68,69
68,106
68,593
672,108
672,306
69,388
69,431
106,105
106,107
106,392
593,148
593,592
593,594
388,627
388,714
388,470
431,432
431,554
71,72
71,465
71,306
268,304
268,596
268,710
72,506
72,671
465,464
465,544
306,390
306,596
506,73
506,233
506,504
671,112
671,389
671,595
73,467
73,350
73,386
467,468
467,587
350,551
350,386
350,630
386,634
75,76
75,383
76,421
76,116
383,117
383,344
383,385
421,420
421,422
421,462
116,157
116,464
118,117
118,119
118,159
119,80
119,120
80,121
121,120
121,122
121,162
122,123
122,163
123,124
123,164
124,125
124,165
125,126
125,166
126,127
126,167
87,607
87,129
127,128
127,168
607,606
607,608
607,642
129,92
129,128
129,130
89,130
89,691
130,131
130,445
691,650
131,132
92,93
92,175
211,212
211,687
93,134
93,176
175,134
175,174
175,216
134,133
134,135
176,135
176,217
176,254
135,214
136,137
136,177
136,440
137,138
137,484
138,139
141,140
141,142
141,597
518,139
518,479
518,517
142,143
142,184
143,144
143,140
517,222
517,516
105,477
105,393
555,552
555,596
555,554
477,476
477,478
477,481
393,228
393,312
393,436
107,108
107,551
392,311
392,356
392,708
108,109
108,548
551,229
551,707
109,110
109,633
548,227
548,390
110,111
110,266
633,264
633,471
111,112
111,588
111,234
266,145
266,262
266,265
112,113
112,195
588,584
588,621
588,623
234,233
234,235
234,507
113,114
195,427
195,625
195,233
156,155
156,157
156,197
194,154
194,274
194,387
157,158
157,198
464,428
464,463
117,158
117,382
158,159
158,199
382,341
382,381
159,120
159,160
120,161
161,160
161,162
161,202
162,163
162,203
163,164
163,204
164,165
164,205
165,166
165,206
166,167
166,207
167,168
167,413
128,573
128,368
168,489
168,571
573,572
573,574
573,614
368,367
368,369
445,404
445,444
445,446
132,133
132,610
133,213
133,606
610,210
610,333
610,527
213,485
213,251
213,214
606,212
606,605
214,210
214,521
177,173
177,218
177,178
440,439
440,441
440,479
484,443
484,525
484,522
139,140
139,179
140,178
179,520
179,519
179,144
178,519
178,257
597,556
597,598
597,638
184,185
184,220
184,223
144,145
144,474
145,146
145,229
474,473
146,147
146,309
229,714
147,148
147,510
147,224
309,673
309,674
309,303
148,149
148,226
510,230
510,469
510,470
224,226
224,228
149,190
149,230
149,273
226,556
190,231
190,626
190,473
230,231
273,274
273,550
273,356
151,591
151,713
591,352
591,550
591,592
713,425
153,154
153,347
153,425
385,673
385,712
154,155
154,387
347,269
347,712
425,426
425,711
155,196
155,424
387,632
196,237
196,463
196,545
424,344
424,502
197,198
197,238
197,462
198,199
198,239
199,160
199,200
160,201
201,200
201,202
201,242
202,203
202,243
203,204
203,244
204,205
204,245
205,206
205,246
206,207
206,247
207,208
207,608
413,414
489,448
489,488
489,530
571,530
571,570
571,572
528,527
528,572
528,649
171,568
171,210
171,173
171,649
568,530
568,601
210,249
173,174
649,335
649,648
172,488
172,647
172,526
488,487
488,529
647,411
647,646
526,371
526,525
526,527
174,447
174,251
447,406
447,446
447,448
251,650
251,608
216,215
216,217
216,257
217,218
217,258
254,296
254,215
218,219
218,259
519,478
519,520
257,261
520,561
520,515
180,523
180,181
180,182
180,183
523,482
523,524
523,559
181,521
181,182
181,183
521,480
521,562
182,221
182,183
221,220
221,222
221,600
183,219
219,220
219,256
185,186
185,557
186,187
186,511
186,349
557,598
557,558
557,559
187,188
187,351
511,507
511,547
349,225
349,433
349,550
188,434
188,627
351,626
351,391
351,394
434,433
434,435
434,665
627,310
627,509
231,232
231,585
626,389
626,586
473,352
191,232
191,589
191,545
191,505
232,233
589,275
589,313
589,708
545,429
545,547
505,236
505,426
505,503
192,630
192,427
192,706
630,227
630,270
427,426
427,428
706,314
706,397
276,275
276,277
274,275
274,628
625,544
625,549
237,236
237,238
237,278
463,422
463,462
238,239
238,279
462,461
239,200
239,240
200,241
241,240
241,242
241,282
242,243
242,283
243,244
243,284
244,245
244,285
245,246
245,286
246,247
246,287
247,248
247,611
208,249
208,612
249,248
612,611
612,613
612,653
212,215
212,409
687,332
687,686
215,522
409,408
409,410
409,450
485,407
485,444
522,559
522,599
258,299
258,641
259,300
259,643
259,601
220,600
256,565
256,644
600,641
600,637
222,635
222,262
635,262
635,556
635,592
262,265
223,560
223,677
560,561
560,599
560,639
677,264
677,342
677,676
225,637
225,267
637,596
637,678
267,634
267,471
267,307
556,595
227,629
629,391
629,628
629,632
228,433
228,235
433,432
714,711
585,503
585,546
585,586
235,236
235,586
507,707
236,277
586,313
277,278
277,318
278,279
278,319
279,240
279,280
240,281
281,280
281,282
281,322
282,283
282,323
283,284
283,324
284,285
284,325
285,286
285,326
286,287
286,327
287,288
287,328
248,255
611,570
611,652
686,685
253,255
253,645
253,646
253,295
255,292
255,567
645,293
645,603
645,646
646,336
295,260
295,298
296,566
296,300
292,334
292,490
292,331
567,293
567,605
567,603
565,564
565,566
644,298
644,642
644,648
261,303
261,304
261,638
299,300
299,340
299,302
641,342
300,341
643,298
643,334
643,636
601,563
601,558
303,676
303,301
304,265
304,342
638,302
638,679
265,301
263,674
263,679
263,344
674,348
674,676
679,640
344,348
264,599
264,302
599,598
302,339
301,640
301,342
634,636
471,470
307,552
710,270
710,554
269,594
269,514
594,550
594,595
514,270
514,632
514,509
315,358
315,584
315,663
624,543
624,583
624,628
356,435
275,708
628,348
318,317
318,319
318,359
319,280
319,320
280,321
321,320
321,322
321,362
322,323
322,363
323,324
323,364
324,325
324,365
325,326
325,366
326,327
326,367
327,328
327,372
288,329
328,329
328,369
329,330
329,370
330,331
330,371
331,332
604,603
604,605
604,648
335,333
335,372
334,333
490,449
490,491
490,531
293,492
293,260
492,491
492,493
492,685
566,525
566,564
297,338
297,602
338,339
338,379
338,685
602,561
298,260
340,339
340,341
340,381
341,718
640,639
339,678
676,678
390,546
552,428
547,544
673,549
310,394
310,712
310,317
394,704
712,711
311,429
311,314
429,428
314,707
314,704
312,432
312,352
352,587
313,703
313,704
703,704
707,468
358,317
358,359
358,399
584,543
584,587
663,662
663,664
663,666
622,581
622,621
622,623
359,320
359,360
320,361
361,360
361,362
361,402
362,363
362,403
363,364
363,404
364,365
364,405
365,366
365,406
366,367
366,407
367,408
369,370
369,410
370,371
370,411
371,372
332,333
332,491
491,450
336,375
336,377
336,648
375,374
375,376
375,416
377,376
377,378
377,418
379,378
379,420
381,422
343,378
391,665
587,665
549,632
398,399
398,439
399,360
399,400
360,401
401,400
401,402
401,442
402,403
402,443
403,404
403,444
404,405
405,406
405,446
406,407
407,408
408,449
410,411
410,451
372,373
373,374
373,414
373,376
374,415
374,453
414,415
414,455
376,417
415,416
415,456
453,494
416,417
416,457
417,418
417,458
378,419
418,419
418,459
419,420
419,460
420,461
470,469
546,544
546,582
665,583
436,435
436,437
436,438
662,661
662,664
476,479
397,437
397,438
437,438
437,516
438,439
439,400
400,441
441,442
441,478
442,443
442,483
443,444
446,487
449,448
449,450
450,451
451,529
455,456
455,496
456,457
456,497
457,458
457,498
458,459
458,499
459,460
459,500
460,461
460,501
461,502
426,504
711,592
504,540
504,503
469,468
554,515
516,480
479,480
478,480
483,564
483,481
483,482
487,481
448,529
529,570
493,494
493,534
494,495
494,535
495,496
495,536
496,497
496,537
497,498
497,538
498,499
498,539
499,500
499,540
500,501
500,541
501,502
501,542
502,543
481,482
482,515
564,563
525,524
530,533
531,572
531,613
534,533
534,535
534,575
535,536
535,576
536,537
536,577
537,538
537,578
538,579
538,581
539,540
539,580
539,541
540,581
541,582
541,542
542,583
542,623
543,503
515,595
561,562
562,524
562,563
559,558
524,527
613,614
613,654
533,574
574,575
574,615
575,576
575,616
576,577
576,617
577,578
577,618
578,619
578,579
579,580
579,620
581,580
580,621
582,623
582,583
598,639
558,603
639,636
563,642
642,636
614,615
614,655
615,616
615,656
616,617
616,657
617,618
617,658
618,619
618,659
619,620
619,660
620,621
620,661
652,653
653,654
654,655
655,656
656,657
657,658
658,659
659,660
660,661
664,666
