0,41
0,719
0,383
0,1
41,40
41,42
41,82
719,382
719,383
719,678
383,713
383,385
1,680
1,377
1,37
680,296
680,382
680,679
377,376
377,378
377,418
2,43
2,681
2,682
2,683
43,42
43,44
43,84
681,340
681,640
681,717
682,3
682,297
682,641
683,254
683,337
683,602
3,4
3,44
3,684
4,5
4,45
4,454
44,45
44,85
684,5
684,256
684,685
5,6
5,7
45,46
45,86
454,453
454,455
454,495
6,7
6,252
6,336
7,8
7,249
252,92
252,486
252,647
336,254
336,602
336,646
8,9
8,289
8,452
249,248
249,332
249,613
9,10
9,50
9,571
289,248
289,288
289,330
452,451
452,453
452,493
10,11
10,572
10,689
50,49
50,51
50,91
571,253
571,570
571,572
11,12
11,170
11,527
572,568
572,573
689,686
689,688
689,690
12,13
12,208
12,532
170,46
170,290
170,526
527,208
527,330
527,605
13,14
13,54
13,692
208,207
208,209
532,413
532,531
532,533
14,15
14,55
14,693
54,53
54,55
54,95
692,489
692,691
692,693
15,16
15,56
15,694
55,56
55,96
693,610
693,694
16,17
16,57
16,695
56,57
56,97
694,653
694,695
17,18
17,58
17,696
57,58
57,98
695,654
695,696
18,19
18,59
18,697
58,59
58,99
696,655
696,697
19,20
19,60
19,698
59,60
59,100
697,656
697,698
20,21
20,61
20,699
60,61
60,101
698,657
698,699
21,22
21,357
21,703
61,62
61,102
699,658
699,700
22,63
22,701
22,24
357,316
357,398
357,621
703,275
703,317
703,626
63,62
63,64
63,104
701,438
701,660
701,700
23,64
23,702
23,664
23,705
64,65
64,397
702,24
702,397
702,661
664,26
664,662
664,704
705,27
705,704
705,707
24,436
24,26
436,144
436,435
436,438
25,352
25,665
25,313
25,65
352,430
352,507
352,706
665,393
665,587
665,704
313,230
313,235
313,663
65,66
65,434
26,630
26,515
630,29
630,70
630,350
515,27
515,482
515,513
27,108
27,669
108,107
108,109
108,468
669,31
669,273
669,353
28,553
28,388
28,475
28,29
553,306
553,708
553,593
388,149
388,348
388,588
475,394
475,479
475,480
29,306
29,311
306,225
306,429
311,624
311,236
311,304
30,429
30,33
30,634
30,551
429,346
429,670
33,714
33,593
33,386
634,227
634,349
634,601
551,270
551,391
551,591
31,392
31,35
31,549
392,355
392,389
392,666
35,308
35,303
35,674
549,73
549,270
549,590
32,69
32,192
32,508
32,384
69,68
69,70
69,671
192,148
192,232
192,347
508,425
508,706
508,505
384,343
384,715
384,718
714,73
714,110
714,229
593,676
593,712
386,36
386,710
386,424
34,151
34,467
34,548
34,425
151,548
151,709
151,631
467,350
467,466
467,468
548,112
548,271
425,344
425,424
308,186
308,428
308,554
303,263
303,713
303,342
674,228
674,550
674,596
36,75
36,465
36,426
75,74
75,76
75,423
465,271
465,464
465,466
426,114
426,193
426,588
38,716
38,37
38,260
38,298
716,304
716,344
716,715
39,76
39,338
39,378
39,381
76,77
76,504
338,294
338,297
338,379
378,379
378,419
381,340
381,380
381,422
40,79
40,81
40,423
79,78
79,80
79,116
81,80
81,82
81,122
423,382
423,422
42,78
42,83
82,83
82,123
78,77
78,119
83,84
83,124
84,85
84,125
85,86
85,126
46,47
46,88
86,87
86,127
47,49
47,291
47,531
88,87
88,89
88,250
49,48
49,90
291,173
291,646
291,335
531,490
531,651
48,412
48,530
48,529
412,250
412,411
412,413
530,371
530,526
530,524
529,451
529,488
529,492
90,91
90,253
90,611
51,52
51,250
51,247
91,92
91,206
52,53
52,97
52,99
250,686
247,93
247,246
247,248
53,94
53,525
94,93
94,95
94,135
525,484
525,566
525,649
95,96
95,171
96,97
96,176
97,98
98,99
98,141
99,100
100,101
100,518
101,102
101,142
62,437
62,476
102,103
102,143
437,397
437,516
437,704
476,185
476,474
476,477
104,103
104,105
104,556
397,477
66,67
66,149
66,430
434,433
434,435
434,356
67,71
67,627
67,227
149,631
149,267
430,272
430,552
71,70
71,72
71,587
627,148
627,353
627,390
227,555
227,37
68,106
68,509
68,267
106,105
106,107
106,144
509,505
509,667
509,626
267,677
267,711
70,189
671,112
671,305
671,595
189,107
189,185
189,230
72,74
72,307
72,506
587,354
587,355
74,673
74,268
307,712
307,309
307,507
506,190
506,588
506,590
73,345
73,550
345,264
345,348
345,347
550,273
550,594
673,191
673,554
673,596
268,270
268,632
268,348
77,118
77,503
504,542
504,503
504,505
118,117
118,119
118,159
503,117
503,543
119,80
119,120
80,121
116,157
116,464
116,501
121,120
121,122
121,162
122,123
122,163
123,124
123,164
124,125
124,165
125,126
125,166
126,127
126,167
87,129
87,610
127,128
127,292
129,92
129,128
129,130
610,210
610,370
89,130
89,248
89,691
130,131
130,445
691,650
691,690
253,214
253,255
611,169
611,607
611,604
92,93
206,165
206,205
206,207
93,134
134,133
134,171
134,175
135,176
135,178
135,526
171,131
171,411
176,217
176,254
141,140
141,142
141,180
518,481
518,517
518,514
142,143
142,184
103,438
103,479
143,144
143,145
438,439
479,440
479,519
105,395
105,184
556,222
556,597
556,635
395,394
395,472
395,396
184,147
184,632
107,512
144,145
512,150
512,348
512,513
109,110
109,231
109,427
468,431
468,469
110,111
110,633
231,230
231,232
231,389
427,272
427,709
427,631
111,113
111,433
111,505
633,191
633,269
633,470
113,112
113,114
113,466
433,432
433,668
112,712
712,226
114,115
114,195
466,115
115,194
115,463
195,546
195,188
195,229
194,274
194,351
194,589
463,196
463,422
463,464
157,156
157,158
157,198
464,428
501,460
501,500
501,542
117,158
117,543
158,159
158,199
543,502
543,584
159,120
159,160
120,161
161,160
161,162
161,202
162,163
162,203
163,164
163,204
164,165
164,205
165,166
166,167
166,207
167,168
167,413
128,368
128,573
292,334
292,489
292,567
368,207
368,367
368,369
573,574
573,614
131,132
131,288
445,404
445,444
445,446
132,133
132,490
132,326
288,287
288,651
133,172
133,328
490,449
490,491
326,285
326,325
326,327
172,488
172,647
172,212
328,287
328,327
328,329
175,174
175,215
175,216
178,522
178,138
178,181
526,521
136,137
136,177
136,440
136,179
137,138
137,484
137,519
177,139
177,218
177,560
440,439
440,441
179,139
179,520
179,558
138,140
138,139
484,443
484,522
519,483
519,520
140,139
140,481
481,558
481,480
180,182
180,522
180,558
145,146
145,592
146,147
146,310
146,589
592,226
592,266
592,668
147,510
147,186
310,471
310,632
310,707
589,191
589,274
510,469
510,706
510,710
186,511
186,222
148,350
148,269
350,233
269,473
269,393
631,265
150,713
150,385
150,390
713,346
385,387
385,424
390,193
390,632
709,273
709,514
152,153
152,471
152,272
152,667
153,154
153,710
153,229
471,472
471,554
272,312
667,353
667,354
154,155
154,234
154,586
710,225
229,223
155,156
155,196
155,232
234,233
234,235
234,668
586,706
586,624
586,625
156,197
156,540
196,237
196,626
232,233
197,198
197,238
197,462
540,499
540,539
540,581
198,199
198,239
199,160
199,200
160,201
201,200
201,202
201,242
202,203
202,243
203,204
203,244
204,205
204,245
205,246
168,327
168,372
168,489
413,414
327,286
372,371
372,373
372,650
489,488
169,369
169,567
169,491
369,371
369,410
567,562
567,600
491,450
491,492
290,174
290,331
290,294
411,370
411,410
488,487
647,214
647,646
212,173
212,211
212,215
173,174
173,528
174,447
528,209
528,449
528,688
447,406
447,446
447,448
215,216
215,296
216,217
216,257
217,218
217,258
254,293
218,219
218,259
560,559
560,563
560,599
522,521
520,220
520,561
558,181
182,221
182,559
182,220
181,516
181,559
516,225
516,517
559,524
221,220
221,222
221,600
220,219
183,219
183,187
183,188
183,223
219,256
185,554
185,266
266,675
266,677
511,387
511,670
511,629
222,261
187,629
187,188
187,223
629,312
629,552
188,265
265,676
265,635
230,668
190,672
190,628
190,513
672,271
672,346
672,715
628,354
628,547
628,585
513,514
191,309
309,387
309,594
347,270
347,304
193,351
193,276
351,547
351,473
276,275
276,277
276,235
274,273
274,275
546,544
546,545
546,582
237,236
237,238
237,278
626,670
238,239
238,279
462,421
462,461
462,502
239,200
239,240
200,241
241,240
241,242
241,282
242,243
242,283
243,244
243,284
244,245
244,285
245,246
245,286
246,287
209,211
209,612
211,448
211,210
612,613
612,653
612,649
210,608
210,648
608,213
608,607
608,609
648,605
648,606
648,652
448,449
448,690
213,605
213,367
213,214
605,295
367,366
367,408
214,255
296,603
296,641
257,255
257,523
257,260
258,299
258,603
258,564
259,300
259,298
259,604
256,644
256,603
600,301
600,641
261,297
261,302
261,298
223,224
224,557
224,260
224,304
557,598
557,561
557,514
225,305
305,263
305,718
226,676
226,635
676,300
635,636
555,264
555,552
555,594
228,346
228,711
228,37
711,595
711,717
389,432
389,590
233,355
355,356
235,236
236,315
278,277
278,279
278,319
279,240
279,280
240,281
281,280
281,282
281,322
282,283
282,323
283,284
283,324
284,285
284,325
285,286
286,287
332,331
332,333
332,570
613,614
613,654
686,685
686,687
251,333
251,334
251,408
251,568
333,334
333,335
334,685
408,407
408,409
568,255
568,335
486,485
486,487
486,569
293,409
293,688
293,643
644,295
644,337
644,564
603,606
523,562
523,521
523,524
299,260
299,300
299,340
564,563
564,565
300,341
298,294
604,601
604,637
297,602
302,717
302,343
302,339
262,595
262,679
262,639
262,301
595,594
679,638
679,640
639,562
639,598
639,640
301,263
301,341
263,342
342,344
342,677
264,678
264,343
678,343
678,597
675,349
675,637
675,677
473,472
473,474
393,707
393,396
271,391
391,435
391,469
312,315
312,590
275,316
316,584
316,622
277,318
277,541
318,317
318,319
318,359
541,500
541,542
541,544
319,280
319,320
280,321
321,320
321,322
321,362
322,323
322,363
323,324
323,364
324,325
324,365
325,366
651,650
651,652
330,329
330,331
331,687
294,645
646,645
335,339
409,410
409,450
688,687
643,339
643,375
643,642
645,641
645,649
295,566
295,563
566,485
566,607
563,483
602,561
340,337
341,382
341,718
339,642
718,640
507,424
507,547
428,552
428,547
387,394
707,666
624,583
624,625
315,625
315,354
663,314
663,659
663,700
314,585
314,623
314,584
585,588
585,623
623,542
623,584
625,583
622,317
622,581
622,621
317,358
358,359
358,399
358,356
359,320
359,360
320,361
361,360
361,362
361,402
362,363
362,403
363,364
363,404
364,365
364,405
365,366
365,406
366,407
329,370
329,533
370,371
533,534
533,574
687,570
570,569
685,492
337,380
380,379
380,421
379,420
642,636
642,638
344,715
349,470
349,431
470,469
470,474
431,432
431,472
353,591
591,708
591,596
398,399
398,439
398,662
621,580
621,620
399,360
399,400
360,401
401,400
401,402
401,442
402,403
402,443
403,404
403,444
404,405
405,406
405,446
406,407
407,485
410,451
373,374
373,376
373,414
650,609
374,375
374,415
374,453
376,375
376,417
414,415
414,455
375,416
415,416
415,456
453,494
416,417
416,457
417,418
417,458
418,419
418,459
419,420
419,460
420,421
420,461
421,422
432,708
435,666
666,396
396,474
394,356
477,478
477,517
439,400
662,661
662,700
400,441
441,442
441,478
442,443
442,483
443,444
444,485
446,487
450,449
450,451
455,456
455,496
456,457
456,497
457,458
457,498
458,459
458,499
459,460
459,500
460,461
461,502
670,708
478,517
478,482
483,480
487,482
690,606
493,492
493,494
493,534
494,495
494,535
495,496
495,536
496,497
496,537
497,498
497,538
498,499
498,539
499,500
502,539
482,480
569,565
569,609
534,535
534,575
535,536
535,576
536,537
536,577
537,538
537,578
538,579
538,581
539,580
561,565
521,524
562,565
649,609
574,575
574,615
575,576
575,616
576,577
576,617
577,578
577,618
578,579
578,619
579,580
579,620
581,580
597,598
597,638
598,599
599,601
599,596
607,606
614,615
614,655
615,616
615,656
616,617
616,657
617,618
617,658
618,619
618,659
619,620
619,660
620,661
583,545
583,582
638,636
601,637
637,636
653,652
653,654
654,655
655,656
656,657
657,658
658,659
659,660
660,661
544,545
544,582
545,582
