0,41
0,719
0,716
0,35
41,40
41,42
41,82
719,301
719,377
719,678
716,38
716,266
716,715
1,680
1,341
1,40
1,339
680,296
680,382
680,679
341,300
341,382
341,343
40,79
40,81
339,679
339,294
339,340
2,43
2,681
2,682
2,683
43,42
43,44
43,84
681,296
681,640
681,642
682,3
682,297
682,641
683,254
683,337
683,602
3,4
3,44
3,684
4,5
4,45
4,454
44,45
44,85
684,5
684,256
684,685
5,6
5,7
45,46
45,86
454,453
454,455
454,495
6,7
6,252
6,251
7,8
7,249
252,92
252,486
252,647
251,333
251,334
251,408
8,9
8,289
8,452
249,248
249,332
249,613
9,10
9,50
9,571
289,288
289,330
289,569
452,451
452,453
452,493
10,11
10,652
10,689
50,49
50,51
50,91
571,570
571,572
571,530
11,12
11,170
11,607
652,529
652,651
652,653
689,686
689,688
689,690
12,13
12,208
12,532
170,46
170,48
170,290
607,526
607,606
607,608
13,14
13,54
13,692
208,207
208,209
208,288
532,413
532,531
532,533
14,15
14,55
14,693
54,53
54,55
54,95
692,90
692,691
692,693
15,16
15,56
15,694
55,56
55,96
693,610
693,694
16,17
16,57
16,695
56,57
56,97
694,653
694,695
17,18
17,58
17,696
57,58
57,98
695,654
695,696
18,19
18,59
18,697
58,59
58,99
696,655
696,697
19,20
19,60
19,698
59,60
59,100
697,656
697,698
20,21
20,61
20,699
60,61
60,101
698,657
698,699
21,22
21,357
21,703
61,62
61,102
699,658
699,700
22,63
22,701
22,395
357,316
357,398
357,621
703,23
703,275
703,396
63,62
63,64
63,104
701,438
701,660
701,700
395,24
395,26
395,396
23,64
23,702
23,29
64,65
64,145
702,24
702,397
702,661
24,436
24,314
436,144
436,435
436,438
314,665
314,664
314,547
25,106
25,353
25,354
25,704
106,105
106,107
106,591
353,666
353,391
353,390
354,630
354,625
354,665
704,667
704,706
704,709
26,588
26,433
26,706
588,393
588,471
588,550
433,432
433,434
433,593
706,587
706,709
27,431
27,705
27,667
27,356
431,32
431,432
431,468
705,315
705,396
705,624
667,66
667,112
356,352
356,666
356,397
28,31
28,352
28,551
28,669
31,707
31,348
31,349
352,666
352,631
551,224
551,394
551,628
669,272
669,510
669,670
29,388
29,35
29,36
388,34
388,35
388,355
30,188
30,346
30,69
30,628
188,69
188,673
188,589
346,37
346,72
346,149
69,310
69,224
628,235
628,631
707,308
707,472
707,627
348,151
348,187
348,471
349,547
349,509
349,507
32,345
32,232
32,715
345,228
345,342
345,718
232,231
232,233
232,432
715,423
715,717
33,549
33,227
33,429
33,191
549,429
549,713
549,670
227,67
227,186
227,228
429,154
429,589
191,393
191,589
191,629
34,350
34,343
34,426
350,107
350,386
350,712
343,37
343,637
426,36
426,305
426,424
35,306
306,71
306,301
306,309
36,717
36,38
717,384
717,677
37,676
37,384
676,262
676,304
676,636
384,347
384,385
38,379
38,118
379,338
379,380
379,420
118,117
118,119
118,159
39,76
39,338
39,378
39,381
76,75
76,77
76,387
338,297
338,718
378,340
378,377
378,419
381,340
381,380
381,422
79,78
79,80
79,116
81,80
81,82
81,122
42,78
42,83
82,83
82,123
78,77
78,119
83,84
83,124
84,85
84,125
85,86
85,126
46,47
46,88
86,87
86,127
47,49
47,291
47,531
88,87
88,89
88,250
49,48
49,90
291,169
291,172
291,292
531,490
531,651
48,412
48,449
412,250
412,411
412,413
449,448
449,450
449,490
90,91
90,169
51,52
51,247
51,250
91,92
91,206
52,53
52,568
52,174
247,93
247,246
247,248
250,649
53,94
53,612
568,292
568,447
568,645
174,211
174,523
174,173
94,93
94,95
94,135
612,209
612,613
612,653
95,96
95,171
96,97
96,176
97,98
97,479
98,99
98,141
99,62
99,100
100,101
100,518
101,102
101,142
62,437
102,103
102,143
437,144
437,397
437,516
104,103
104,105
104,556
65,66
65,708
65,146
145,143
145,146
145,515
66,67
66,103
708,308
708,355
708,387
146,110
146,394
67,71
67,626
103,474
71,70
71,72
626,150
626,313
626,627
68,70
68,312
68,193
68,355
70,189
70,190
312,392
312,509
312,430
193,236
193,586
193,503
355,309
310,151
310,430
310,511
189,107
189,185
189,230
190,187
190,231
190,513
72,74
72,630
74,75
74,268
74,309
630,110
630,672
73,591
73,116
73,390
73,504
591,387
591,713
116,157
116,464
390,553
390,508
504,235
504,583
504,424
75,423
75,386
268,632
268,392
268,427
309,383
423,382
423,422
386,344
386,629
77,503
77,301
387,675
503,501
503,543
119,80
119,120
80,121
121,120
121,122
121,162
122,123
122,163
123,124
123,164
124,125
124,165
125,126
125,166
126,127
126,167
87,129
87,610
127,128
127,448
129,92
129,128
129,130
610,329
610,567
89,130
89,248
89,691
130,131
130,445
248,210
691,650
691,690
169,253
169,173
92,93
206,165
206,205
206,207
93,134
134,133
134,171
134,175
135,139
135,176
135,487
171,131
171,411
176,217
176,254
479,440
479,482
479,519
141,140
141,142
141,480
518,180
518,475
518,517
142,143
142,184
143,475
474,470
474,473
474,476
105,183
105,109
556,222
556,597
556,559
183,553
183,264
183,226
109,108
109,110
109,272
107,108
108,468
108,552
468,467
468,469
552,265
552,428
552,555
110,111
272,151
272,427
111,113
111,269
111,548
113,112
113,114
113,466
269,593
269,633
269,709
548,307
548,547
548,625
112,470
112,671
470,428
470,469
671,231
671,351
671,595
114,115
114,670
114,714
466,115
466,465
466,467
115,194
115,152
670,311
714,304
714,383
714,710
194,274
194,624
194,625
152,155
152,471
152,351
157,156
157,158
157,198
464,428
464,463
464,465
117,158
117,543
117,462
158,159
158,199
543,502
543,584
462,197
462,421
462,461
159,120
159,160
120,161
161,160
161,162
161,202
162,163
162,203
163,164
163,204
164,165
164,205
165,166
166,167
166,207
167,168
167,413
128,368
128,573
448,447
448,482
368,207
368,367
368,369
573,572
573,574
573,614
131,132
131,491
445,404
445,444
445,446
132,133
132,326
132,490
491,450
491,490
491,492
133,172
133,328
326,285
326,325
326,327
172,488
172,647
328,287
328,327
328,329
175,215
175,216
175,173
139,140
139,179
139,481
487,446
487,486
487,488
136,137
136,177
136,179
136,440
137,138
137,178
137,519
177,140
177,218
177,213
179,520
179,558
440,439
440,441
138,140
138,558
138,521
178,180
178,558
178,181
519,520
519,521
558,557
521,481
521,516
481,180
481,559
480,478
480,484
480,514
184,632
184,636
184,265
475,396
475,438
144,225
144,515
225,710
225,677
225,266
515,224
515,513
394,315
394,435
147,512
147,230
147,514
147,631
512,392
512,508
512,629
230,231
230,510
514,223
514,516
631,469
148,511
148,427
148,313
148,273
511,307
511,627
427,192
313,664
313,316
273,274
273,550
273,546
149,629
149,672
149,151
672,430
672,635
150,311
150,666
150,632
311,589
311,434
632,555
155,154
155,156
155,196
471,472
351,592
351,546
153,154
153,710
153,586
153,587
154,508
710,186
586,627
586,585
587,196
587,392
508,506
156,197
156,540
196,237
196,463
197,198
197,238
540,499
540,539
540,581
198,199
198,239
199,160
199,200
160,201
201,200
201,202
201,242
202,203
202,243
203,204
203,244
204,205
204,245
205,246
168,327
168,372
168,489
413,414
327,286
372,371
372,373
372,650
489,292
489,488
489,605
253,569
253,567
253,648
290,331
290,649
290,367
411,370
411,410
488,529
647,527
647,646
173,524
524,255
524,482
524,483
211,209
211,212
211,604
523,258
523,526
523,522
215,212
215,216
215,296
216,217
216,257
217,218
217,258
254,336
254,335
218,219
218,259
213,526
213,648
213,645
180,560
520,483
520,561
560,263
560,563
560,599
181,482
181,182
181,214
182,220
182,221
182,257
220,219
220,221
220,214
221,222
221,600
553,516
553,550
264,263
264,638
264,265
226,186
226,223
226,590
636,185
636,635
265,298
185,554
185,637
554,223
554,308
554,633
637,261
637,674
186,673
673,192
673,594
187,596
187,224
596,599
596,590
596,601
513,267
513,307
393,592
393,590
192,347
192,546
347,271
347,675
546,467
236,235
236,237
236,545
274,270
274,275
624,544
624,582
625,315
195,509
195,505
195,585
195,463
509,593
505,424
505,545
505,425
585,547
585,583
463,422
237,238
237,278
238,239
238,279
239,200
239,240
200,241
241,240
241,242
241,282
242,243
242,283
243,244
243,284
244,245
244,285
245,246
245,286
246,287
209,528
288,287
288,651
528,492
528,572
528,530
210,533
210,646
210,214
533,534
533,574
646,336
646,608
212,564
212,604
604,561
604,643
564,563
564,565
564,601
526,522
648,335
648,529
645,295
645,602
214,525
525,293
525,484
525,566
296,255
257,567
257,293
258,299
258,260
219,256
219,601
259,300
259,642
259,561
256,644
256,260
601,599
222,261
222,635
600,298
600,562
600,641
261,297
261,262
635,642
223,304
304,675
677,675
677,643
266,555
266,711
590,434
228,467
228,305
305,592
305,718
229,668
229,233
229,634
229,267
668,270
668,271
668,545
233,234
233,507
634,302
634,678
634,674
267,303
267,712
510,593
510,711
432,473
234,235
234,541
234,276
507,389
507,506
541,277
541,500
541,544
545,544
278,277
278,279
278,319
279,240
279,280
240,281
281,280
281,282
281,322
282,283
282,323
283,284
283,324
284,285
284,325
285,286
286,287
332,331
332,333
332,570
613,614
613,654
649,527
649,611
333,334
333,335
334,292
334,685
408,367
408,407
408,409
486,370
486,485
569,565
569,570
567,369
336,293
336,294
335,255
255,642
644,295
644,337
644,565
260,302
260,263
293,565
299,300
299,340
299,641
300,262
561,602
302,344
302,638
297,602
262,674
674,595
263,303
303,342
303,385
638,597
638,679
555,522
711,595
711,709
712,344
712,713
633,270
633,713
270,465
465,271
271,391
391,435
391,469
550,594
275,276
275,317
276,277
276,583
317,318
317,358
317,622
277,318
583,623
318,319
318,359
319,280
319,320
280,321
321,320
321,322
321,362
322,323
322,363
323,324
323,364
324,325
324,365
325,366
651,650
330,329
330,331
330,609
331,687
367,366
295,563
295,566
563,483
566,447
566,485
298,603
298,562
603,606
603,640
603,530
562,639
562,605
641,643
301,294
344,382
342,383
342,385
385,383
592,389
718,643
307,389
389,472
308,428
430,594
434,435
664,663
664,700
316,584
316,622
665,315
665,358
584,506
584,623
622,581
622,621
358,359
358,399
359,320
359,360
320,361
361,360
361,362
361,402
362,363
362,403
363,364
363,404
364,365
364,405
365,366
365,406
366,407
329,370
370,371
609,608
609,650
609,688
687,570
687,686
687,688
685,492
685,686
337,380
337,294
380,421
679,640
397,477
398,399
398,439
398,662
621,580
621,620
399,360
399,400
360,401
401,400
401,402
401,442
402,403
402,443
403,404
403,444
404,405
405,406
405,446
406,407
406,484
407,485
369,371
369,410
371,608
410,409
410,451
373,374
373,376
373,414
374,375
374,415
374,453
376,375
376,377
376,417
414,415
414,455
375,416
375,688
415,416
415,456
453,494
416,417
416,457
377,418
417,418
417,458
418,419
418,459
419,420
419,460
420,421
420,461
421,422
472,473
477,476
477,478
477,517
439,400
439,438
662,582
662,661
662,700
400,441
441,442
441,478
442,443
442,483
443,444
443,484
444,485
446,447
409,450
409,686
450,451
451,529
455,456
455,496
456,457
456,497
457,458
457,498
458,459
458,499
459,460
459,500
460,461
460,501
461,502
424,425
425,542
425,544
594,595
473,476
478,517
493,492
493,494
493,534
494,495
494,535
495,496
495,536
496,497
496,537
497,498
497,538
498,499
498,539
499,500
500,501
501,542
502,539
502,506
476,557
557,598
557,559
517,559
605,606
605,611
534,535
534,575
535,536
535,576
536,537
536,577
537,538
537,578
538,579
538,581
539,580
542,623
542,582
522,527
527,690
690,606
572,530
574,575
574,615
575,576
575,616
576,577
576,617
577,578
577,618
578,579
578,619
579,580
579,620
581,580
623,663
597,598
597,678
598,599
598,639
639,640
639,678
614,615
614,655
615,616
615,656
616,617
616,657
617,618
617,658
618,619
618,659
619,620
619,660
620,661
582,663
663,659
653,654
654,655
655,656
656,657
657,658
658,659
659,660
660,661
