0,41
0,719
0,36
0,339
41,40
41,42
41,82
719,37
719,678
719,718
36,348
36,387
36,385
339,1
339,302
339,343
1,39
1,40
1,680
39,76
39,338
39,378
40,79
40,81
680,296
680,382
680,679
2,43
2,681
2,682
2,683
43,42
43,44
43,84
681,379
681,640
681,679
682,3
682,297
682,641
683,254
683,337
683,602
3,4
3,44
3,684
4,5
4,45
4,454
44,45
44,85
684,5
684,256
684,685
5,6
5,7
45,46
45,86
454,453
454,455
454,495
6,7
6,251
6,252
7,8
7,249
251,333
251,408
251,253
252,486
252,647
252,644
8,9
8,289
8,452
249,248
249,332
249,613
9,10
9,50
9,571
289,51
289,288
289,330
452,451
452,453
452,493
10,11
10,652
10,689
50,49
50,51
50,91
571,570
571,572
571,565
11,12
11,170
11,607
652,649
652,651
652,653
689,686
689,688
689,690
12,13
12,208
12,532
170,46
170,48
170,290
607,564
607,606
607,608
13,14
13,54
13,692
208,207
208,209
208,492
532,413
532,531
532,533
14,15
14,55
14,693
54,53
54,55
54,95
692,90
692,691
692,693
15,16
15,56
15,694
55,56
55,96
693,610
693,694
16,17
16,57
16,695
56,57
56,97
694,653
694,695
17,18
17,58
17,696
57,58
57,98
695,654
695,696
18,19
18,59
18,697
58,59
58,99
696,655
696,697
19,20
19,60
19,698
59,60
59,100
697,656
697,698
20,21
20,61
20,699
60,61
60,101
698,657
698,699
21,22
21,357
21,703
61,62
61,102
699,658
699,700
22,63
22,701
22,356
357,316
357,398
357,621
703,275
703,664
703,704
63,62
63,64
63,104
701,438
701,660
701,700
356,312
356,353
356,666
23,64
23,702
23,665
23,25
64,65
64,512
702,24
702,397
702,661
665,397
665,626
665,666
24,436
24,353
24,62
436,144
436,435
436,438
353,68
353,354
62,437
25,706
25,438
25,144
706,108
706,314
706,548
438,439
26,149
26,105
26,148
26,666
149,549
149,587
149,305
105,104
105,106
105,109
148,349
148,475
148,224
666,509
27,435
27,704
27,29
27,513
435,391
435,434
704,663
704,664
29,547
29,187
29,705
513,186
513,634
513,552
28,709
28,707
28,509
28,508
709,108
709,191
709,269
707,69
707,309
707,312
509,68
509,672
508,190
508,228
508,229
547,150
547,271
547,352
187,150
187,183
187,634
705,107
705,511
705,623
30,192
30,627
30,586
30,711
192,235
192,425
192,392
627,195
627,231
627,544
586,236
586,585
586,669
711,147
711,306
711,592
31,594
31,74
31,391
31,266
594,550
594,595
594,630
74,72
74,75
74,268
391,271
391,313
266,716
266,514
266,672
32,553
32,227
32,312
32,427
553,310
553,549
553,591
227,70
227,432
227,193
312,390
427,114
427,229
427,589
33,588
33,304
33,631
33,629
588,191
588,467
588,511
304,267
304,713
304,344
631,145
631,226
631,308
629,269
629,551
629,708
34,343
34,506
34,714
34,717
343,423
343,340
506,72
506,195
506,386
714,303
714,306
714,424
717,636
717,718
35,716
35,633
35,383
35,718
716,673
716,677
633,264
633,347
633,515
383,73
383,675
383,378
718,675
348,272
348,429
348,511
387,76
387,272
387,591
385,75
385,342
385,384
37,305
37,347
37,302
305,301
305,262
347,73
347,344
302,298
302,635
38,424
38,384
38,118
38,260
424,115
424,503
384,72
384,501
76,77
76,114
338,297
338,379
338,381
378,377
378,419
79,78
79,80
79,116
81,80
81,82
81,122
42,78
42,83
82,83
82,123
78,77
78,119
83,84
83,124
84,85
84,125
85,86
85,126
46,47
46,88
86,87
86,127
47,49
47,291
47,531
88,87
88,89
88,250
49,48
49,90
291,172
291,292
291,528
531,490
531,651
48,412
48,449
412,250
412,411
412,413
449,448
449,450
449,490
90,91
90,367
51,52
51,250
91,92
91,206
52,53
52,568
52,253
250,131
53,94
53,612
568,292
568,447
568,645
253,408
253,294
94,93
94,95
94,135
612,209
612,613
612,653
95,96
95,171
96,97
96,176
97,98
97,140
98,99
98,141
99,100
99,482
100,101
100,518
101,102
101,142
102,103
102,143
437,397
437,516
437,440
104,103
104,556
65,66
65,145
65,313
512,69
512,191
512,628
66,67
66,189
66,554
145,143
145,146
313,108
313,623
67,71
67,70
67,270
189,185
189,230
189,630
554,108
554,185
554,308
71,72
71,349
71,270
70,270
70,426
270,710
68,590
68,628
590,546
590,583
590,593
628,355
628,712
69,110
69,111
110,109
110,111
110,146
111,109
111,113
426,151
426,344
426,350
349,425
349,432
73,674
73,229
674,263
674,550
674,678
229,673
75,423
75,428
268,632
268,429
268,671
423,382
423,422
428,308
428,464
428,552
77,503
77,386
114,113
114,115
503,543
503,505
386,592
386,715
119,80
119,118
119,120
80,121
116,157
116,464
116,545
121,120
121,122
121,162
122,123
122,163
123,124
123,164
124,125
124,165
125,126
125,166
126,127
126,167
87,129
87,610
127,128
127,448
129,92
129,128
129,130
610,169
610,329
89,130
89,248
89,691
130,131
130,445
248,247
248,371
691,650
691,690
367,290
367,366
367,368
92,93
92,529
206,165
206,205
206,207
93,134
93,247
529,451
529,488
529,649
134,133
134,171
134,175
247,246
247,213
135,139
135,176
135,526
171,131
171,411
176,217
176,254
140,138
140,139
140,141
141,142
141,480
482,180
482,479
482,524
518,103
518,517
518,558
142,143
142,184
103,474
143,180
474,470
474,473
474,476
556,147
556,265
556,597
106,591
106,190
106,592
109,467
591,550
190,151
190,670
592,188
107,394
107,184
107,673
394,351
394,355
394,667
184,632
184,223
673,630
467,466
467,468
146,392
146,183
113,112
113,466
112,470
112,671
112,150
470,310
470,469
671,471
671,595
150,272
466,115
466,465
115,194
194,274
194,624
194,668
157,156
157,158
157,198
464,463
464,465
545,154
545,195
545,507
117,118
117,158
117,543
117,504
118,159
158,159
158,199
543,502
543,584
504,193
504,507
504,542
159,120
159,160
120,161
161,160
161,162
161,202
162,163
162,203
163,164
163,204
164,165
164,205
165,166
166,167
166,207
167,168
167,413
128,573
128,649
448,210
448,447
573,572
573,574
573,614
649,527
131,132
445,404
445,444
445,446
132,133
132,326
132,490
133,172
133,328
326,285
326,325
326,327
490,491
172,488
172,647
328,287
328,327
328,329
175,215
175,216
175,173
139,179
139,559
526,177
526,294
526,527
136,137
136,177
136,521
136,173
137,138
137,479
137,177
177,218
521,481
521,559
521,562
173,174
173,178
138,558
138,522
479,475
479,519
558,182
558,481
522,181
522,480
522,523
179,520
179,559
179,220
559,560
480,484
480,523
180,481
180,483
144,147
144,178
392,230
392,352
183,226
183,520
147,516
516,225
516,472
475,476
475,395
224,226
224,552
224,260
549,274
549,713
587,393
587,430
587,582
272,152
151,589
151,310
589,231
589,351
310,311
152,155
152,471
152,511
155,154
155,156
155,196
471,472
471,551
153,154
153,710
153,462
153,430
154,311
710,225
710,228
462,197
462,421
462,461
430,228
430,625
311,626
311,585
156,197
156,540
196,237
196,463
196,542
197,198
197,238
540,499
540,539
540,581
198,199
198,239
199,160
199,200
160,201
201,200
201,202
201,242
202,203
202,243
203,204
203,244
204,205
204,245
205,246
207,368
168,327
168,372
168,489
413,414
327,286
372,371
372,373
372,650
489,488
489,530
489,611
169,530
169,210
169,611
530,569
530,533
210,608
210,447
611,368
611,645
290,331
290,294
411,370
411,410
488,487
647,525
647,646
174,648
174,567
174,181
648,527
648,572
648,642
567,605
567,565
567,606
215,212
215,216
215,296
216,217
216,257
217,218
217,258
254,335
254,336
218,219
218,259
178,523
178,181
523,562
181,182
520,519
520,561
220,182
220,219
220,221
481,483
483,442
483,524
182,221
221,222
221,600
226,713
632,555
632,596
223,517
223,639
223,557
185,557
185,636
557,598
557,636
636,261
186,514
186,309
186,225
514,434
514,595
309,546
309,626
225,346
634,345
634,593
188,669
188,352
188,593
669,431
669,668
352,664
593,515
230,231
230,307
630,389
670,193
670,393
670,510
191,314
314,273
314,510
235,234
235,236
235,624
425,507
425,712
193,275
275,274
275,276
274,273
624,354
624,625
668,234
668,551
195,582
582,544
582,583
237,236
237,238
237,278
463,422
463,505
542,501
542,623
238,239
238,279
239,200
239,240
200,241
241,240
241,242
241,282
242,243
242,283
243,244
243,284
244,245
244,285
245,246
245,286
246,287
368,369
209,211
209,572
492,491
492,493
492,685
211,212
211,288
211,608
608,609
447,446
212,646
212,334
288,287
288,651
646,604
646,642
334,292
334,333
334,685
213,257
213,569
213,214
257,566
257,298
569,565
569,570
214,528
214,292
214,563
528,369
528,527
563,560
563,564
563,605
296,297
296,640
258,299
258,560
258,605
219,256
219,599
259,300
259,261
259,295
256,644
256,642
599,560
599,598
599,637
222,678
222,639
222,264
600,262
600,298
600,641
678,597
639,598
639,640
264,345
264,267
517,477
517,478
552,555
346,303
346,712
346,675
713,551
432,431
432,433
228,350
350,469
350,712
231,232
307,672
307,389
307,715
232,233
232,234
232,584
233,234
233,468
233,276
584,316
584,623
468,431
468,469
276,277
276,663
236,583
583,544
278,277
278,279
278,319
279,240
279,280
240,281
281,280
281,282
281,322
282,283
282,323
283,284
283,324
284,285
284,325
285,286
286,287
371,369
371,370
332,331
332,333
332,570
613,614
613,654
333,335
408,407
408,409
486,370
486,485
486,487
644,295
644,337
294,605
335,255
335,293
336,293
336,604
336,301
255,524
255,603
255,260
524,604
603,561
603,606
603,604
642,645
566,295
566,485
566,525
298,601
299,300
299,340
299,643
300,341
300,679
261,596
261,601
295,601
260,561
561,602
596,267
596,635
601,562
262,265
262,301
263,265
263,306
263,675
265,637
306,676
345,388
345,340
267,390
637,638
637,676
672,469
390,708
390,507
429,269
429,708
269,431
271,465
271,473
465,388
473,472
473,708
273,550
273,388
388,505
277,318
277,541
663,316
663,659
318,317
318,319
318,359
541,500
541,502
541,585
319,280
319,320
280,321
321,320
321,322
321,362
322,323
322,363
323,324
323,364
324,325
324,365
325,366
651,650
330,329
330,331
330,609
331,687
293,487
293,525
487,446
525,484
297,602
640,638
602,645
340,381
643,337
643,377
643,641
341,303
341,382
341,677
679,638
301,635
635,677
303,342
342,641
342,676
344,715
676,715
389,548
389,315
308,595
546,626
546,667
585,396
510,472
510,667
315,625
315,354
315,355
625,354
316,622
622,317
622,581
622,621
317,358
317,700
358,359
358,399
358,662
700,662
359,320
359,360
320,361
361,360
361,362
361,402
362,363
362,403
363,364
363,404
364,365
364,405
365,366
365,406
366,407
329,370
609,650
609,688
687,570
687,686
687,688
685,686
337,380
380,379
380,381
380,421
379,420
381,422
382,677
351,433
351,434
433,393
433,434
355,393
398,399
398,439
398,662
621,580
621,620
399,360
399,400
662,661
360,401
401,400
401,402
401,442
402,403
402,443
403,404
403,444
404,405
405,406
405,446
406,407
406,484
407,485
369,410
410,409
410,451
373,374
373,376
373,414
374,375
374,415
374,453
376,375
376,377
376,417
414,415
414,455
375,416
375,688
415,416
415,456
453,494
416,417
416,457
377,418
417,418
417,458
418,419
418,459
419,420
419,460
420,421
420,461
421,422
505,548
548,544
667,396
396,395
396,515
397,477
477,476
477,478
439,400
439,440
400,441
441,440
441,442
441,478
442,443
443,444
443,484
444,485
409,450
409,491
450,451
450,491
455,456
455,496
456,457
456,497
457,458
457,498
458,459
458,499
459,460
459,500
460,461
460,501
461,502
440,476
478,519
493,494
493,534
494,495
494,535
495,496
495,536
496,497
496,537
497,498
497,538
498,499
498,539
499,500
500,501
502,539
519,555
534,533
534,535
534,575
535,536
535,576
536,537
536,577
537,538
537,578
538,579
538,581
539,580
515,395
555,395
562,564
533,574
574,575
574,615
575,576
575,616
576,577
576,617
577,578
577,618
578,579
578,619
579,580
579,620
581,580
597,598
597,638
564,565
614,615
614,655
615,616
615,656
616,617
616,657
617,618
617,658
618,619
618,659
619,620
619,660
620,661
606,690
690,686
653,654
654,655
655,656
656,657
657,658
658,659
659,660
660,661
