0,41
0,719
0,36
0,73
41,40
41,42
41,82
719,37
719,303
719,678
36,35
36,342
36,29
1,39
1,40
1,680
1,337
39,76
39,338
39,378
40,79
40,81
680,296
680,382
680,679
337,380
337,644
337,683
2,43
2,681
2,682
2,683
43,42
43,44
43,84
681,377
681,602
681,640
682,3
682,297
682,641
683,254
683,340
3,4
3,44
3,684
4,5
4,45
4,454
44,45
44,85
684,5
684,256
684,685
5,6
5,7
45,46
45,86
454,453
454,455
454,495
6,7
6,251
6,252
7,8
7,249
251,333
251,408
251,528
252,250
252,486
252,647
8,9
8,289
8,452
249,248
249,332
249,613
9,10
9,50
9,571
289,51
289,288
289,330
452,451
452,453
452,493
10,11
10,652
10,689
50,49
50,51
50,91
571,567
571,570
571,572
11,12
11,170
11,607
652,610
652,651
652,653
689,686
689,688
689,690
12,13
12,208
12,532
170,46
170,48
170,290
607,606
607,608
607,649
13,14
13,54
13,692
208,207
208,209
208,492
532,413
532,531
532,533
14,15
14,55
14,693
54,53
54,55
54,95
692,90
692,691
692,693
15,16
15,56
15,694
55,56
55,96
693,610
693,694
16,17
16,57
16,695
56,57
56,97
694,653
694,695
17,18
17,58
17,696
57,58
57,98
695,654
695,696
18,19
18,59
18,697
58,59
58,99
696,655
696,697
19,20
19,60
19,698
59,60
59,100
697,656
697,698
20,21
20,61
20,699
60,61
60,101
698,657
698,699
21,22
21,357
21,703
61,62
61,102
699,658
699,700
22,63
22,701
22,25
357,316
357,398
357,621
703,62
703,275
703,664
63,62
63,64
63,104
701,438
701,660
701,700
25,316
25,663
25,705
23,64
23,702
23,664
23,355
64,65
64,707
702,24
702,397
702,661
664,24
664,394
355,431
355,626
355,663
24,436
24,27
436,144
436,435
436,438
27,26
27,353
27,356
316,584
316,622
663,314
663,659
705,437
705,586
705,627
26,69
26,666
26,313
69,66
69,151
69,547
666,150
666,314
666,356
313,30
313,195
313,395
353,272
353,352
353,625
356,65
356,667
28,591
28,147
28,150
28,108
591,272
591,514
591,712
147,143
147,270
147,673
150,192
150,630
108,512
108,555
108,191
29,350
29,73
29,149
350,234
350,509
350,590
30,668
30,186
30,191
668,310
668,552
668,707
186,472
186,512
186,305
191,187
191,188
31,190
31,513
31,550
31,390
190,553
190,348
190,193
513,312
513,630
513,515
550,193
550,273
550,594
390,106
390,274
390,708
32,312
32,709
32,35
32,226
312,189
312,704
709,273
709,354
709,427
35,115
35,342
226,345
226,633
226,676
33,470
33,349
33,76
33,265
470,112
470,469
470,474
349,148
349,425
349,667
76,34
76,347
265,34
265,184
265,343
34,388
34,427
388,153
388,675
388,547
427,351
427,423
115,114
115,194
115,466
342,715
342,339
37,341
37,677
37,38
341,300
341,382
341,676
677,225
677,346
677,634
38,344
38,339
38,425
344,264
344,266
344,304
339,641
339,294
425,716
425,383
338,297
338,379
338,381
378,340
378,377
378,419
79,78
79,80
79,116
81,80
81,82
81,122
42,78
42,83
82,83
82,123
78,77
78,119
83,84
83,124
84,85
84,125
85,86
85,126
46,47
46,88
86,87
86,127
47,49
47,291
47,531
88,87
88,89
88,250
49,48
49,90
291,172
291,292
291,646
531,490
531,651
48,412
48,449
412,250
412,411
412,413
449,448
449,450
449,490
90,91
90,367
51,52
51,250
91,92
91,206
52,53
52,568
52,211
53,94
53,612
568,292
568,447
568,645
211,209
211,212
211,648
94,93
94,95
94,135
612,209
612,613
612,653
95,96
95,171
96,97
96,176
97,98
97,140
98,99
98,141
99,100
99,482
100,101
100,518
101,102
101,142
62,437
102,103
102,143
437,397
437,516
104,103
104,105
104,556
65,66
65,516
707,670
707,583
66,67
66,227
516,184
516,223
67,71
67,468
67,554
227,634
227,632
227,270
71,72
71,505
71,711
468,431
468,467
468,469
554,185
554,308
554,673
68,435
68,394
68,434
68,107
435,391
435,434
394,512
394,395
434,106
434,433
107,706
107,593
107,354
151,70
151,74
151,195
547,428
547,551
70,710
70,473
70,149
710,112
710,153
710,225
473,472
473,474
473,671
149,472
149,593
72,74
72,509
72,673
505,118
505,429
505,545
711,268
711,269
711,430
74,75
74,268
509,194
509,346
673,345
75,423
75,384
75,717
268,225
268,632
423,382
423,422
384,306
384,465
384,718
717,301
717,302
717,385
347,510
347,674
347,676
77,386
77,503
77,379
386,592
386,389
386,674
503,195
503,543
503,504
379,380
379,420
119,80
119,118
119,120
80,121
116,157
116,464
116,196
121,120
121,122
121,162
122,123
122,163
123,124
123,164
124,125
124,165
125,126
125,166
126,127
126,167
87,129
87,610
127,128
127,448
129,92
129,128
129,130
610,329
89,130
89,248
89,691
130,131
130,445
248,247
248,371
691,650
691,690
367,290
367,366
367,368
92,93
92,529
206,165
206,205
206,207
93,134
93,247
529,288
529,451
529,488
134,133
134,171
134,175
247,246
247,448
135,139
135,176
135,526
171,131
171,411
176,217
176,254
140,138
140,139
140,141
141,142
141,480
482,180
482,479
482,524
518,517
518,556
518,559
142,143
142,184
103,474
103,396
143,145
474,476
396,393
396,665
396,395
105,106
105,109
105,592
556,552
556,597
106,592
109,111
109,467
109,594
592,311
706,393
706,626
706,667
593,596
593,633
354,670
354,628
512,629
555,263
555,552
555,632
111,110
111,113
111,352
467,466
467,469
594,595
594,713
110,146
110,629
110,553
146,145
146,267
146,589
629,553
629,589
553,712
113,112
113,114
113,466
352,228
352,587
112,506
506,385
506,426
506,585
114,272
114,309
466,465
272,392
309,188
309,713
309,351
194,274
194,624
157,156
157,158
157,198
464,428
464,463
464,465
196,155
196,237
196,463
117,118
117,158
117,543
117,382
118,159
158,159
158,199
543,502
543,584
159,120
159,160
120,161
161,160
161,162
161,202
162,163
162,203
163,164
163,204
164,165
164,205
165,166
166,167
166,207
167,168
167,413
128,573
128,611
448,447
573,572
573,574
573,614
611,530
131,132
131,649
445,404
445,444
445,446
132,133
132,326
132,490
649,646
649,648
133,172
133,328
326,285
326,325
326,327
490,491
172,488
172,647
328,287
328,327
328,329
175,215
175,216
175,521
139,179
139,481
526,294
526,530
526,606
136,137
136,177
136,480
136,213
137,138
137,479
137,559
177,218
177,564
177,179
480,484
480,520
213,369
213,648
213,491
138,558
138,181
479,519
479,475
559,182
559,599
558,178
558,557
558,523
181,178
181,219
181,183
179,520
179,183
481,519
481,523
481,475
184,632
145,631
145,515
144,223
144,185
144,222
223,637
223,266
185,189
185,471
222,221
222,557
222,635
631,266
631,308
631,551
515,511
515,521
267,264
267,595
267,263
589,195
589,625
270,192
270,307
148,475
148,551
148,306
475,476
551,508
306,634
306,346
472,471
192,188
192,587
630,348
630,626
152,155
152,471
152,391
152,669
155,154
155,156
471,310
391,271
391,549
669,232
669,269
669,348
153,154
153,507
154,235
154,193
507,235
507,348
507,671
235,234
235,236
193,712
156,197
156,540
197,198
197,238
197,462
540,499
540,539
540,581
198,199
198,239
199,160
199,200
160,201
201,200
201,202
201,242
202,203
202,243
203,204
203,244
204,205
204,245
205,246
207,368
168,327
168,372
168,489
413,414
327,286
372,371
372,373
372,650
489,292
489,368
489,488
169,253
169,530
169,173
169,214
253,173
253,603
253,523
530,527
173,527
173,528
290,331
290,447
411,370
411,410
488,487
647,525
647,646
527,645
527,523
528,174
528,212
174,605
174,569
174,648
605,563
605,603
605,572
569,210
569,565
569,570
215,212
215,216
215,296
216,217
216,257
521,259
521,522
217,218
217,258
254,335
254,336
218,219
218,259
564,563
564,565
564,567
178,562
178,522
562,298
562,643
562,642
522,483
522,561
520,519
520,561
183,260
183,261
180,519
180,561
180,220
561,602
220,182
220,219
220,221
219,256
182,221
182,560
221,600
560,563
560,599
560,602
189,230
189,633
305,716
305,718
305,343
187,635
187,628
187,311
635,262
635,674
628,588
628,665
311,546
311,588
188,229
229,549
229,546
229,667
230,231
230,233
230,73
633,674
587,233
587,508
712,307
274,273
274,275
624,314
624,582
624,627
237,236
237,238
237,278
463,422
463,544
238,239
238,279
462,421
462,461
462,541
239,200
239,240
200,241
241,240
241,242
241,282
242,243
242,283
243,244
243,284
244,245
244,285
245,246
245,286
246,287
368,369
209,450
492,491
492,493
492,685
450,409
450,451
210,572
210,533
210,408
533,534
533,574
408,407
408,409
212,565
565,563
369,371
369,410
491,409
214,567
214,294
214,260
567,295
294,334
296,260
296,604
257,255
257,566
257,336
258,256
258,299
258,297
259,300
259,679
256,644
600,301
600,641
600,639
557,514
557,598
637,261
637,264
637,601
266,429
224,713
224,517
224,514
224,228
713,510
517,477
517,478
514,670
228,548
228,73
225,638
638,597
638,640
638,679
345,263
345,678
676,304
634,511
548,307
548,671
548,582
549,430
549,627
546,310
546,510
231,232
231,273
231,392
233,504
233,588
232,234
232,590
392,315
392,433
234,542
590,269
590,708
504,585
504,511
588,672
542,501
542,623
542,544
236,276
236,315
278,277
278,279
278,319
279,240
279,280
240,281
281,280
281,282
281,322
282,283
282,323
283,284
283,324
284,285
284,325
285,286
286,287
287,288
371,370
332,331
332,333
332,570
613,614
613,654
333,334
333,335
486,370
486,485
486,487
603,335
603,606
335,255
336,293
336,604
255,524
255,298
524,483
524,604
298,261
298,645
644,295
644,643
566,295
566,485
566,525
299,300
299,340
299,343
297,602
300,302
679,636
260,262
261,642
642,643
642,636
262,595
262,596
595,308
596,675
596,601
263,302
264,303
303,715
303,716
343,640
429,385
429,545
269,714
714,389
714,671
714,716
307,431
271,465
271,708
271,432
708,389
432,431
432,433
432,469
275,276
275,623
276,277
276,584
623,584
623,665
277,318
277,541
318,317
318,319
318,359
541,500
541,502
319,280
319,320
280,321
321,320
321,322
321,362
322,323
322,363
323,324
323,364
324,325
324,365
325,366
288,651
651,650
330,329
330,331
330,609
331,687
447,446
292,334
646,295
334,685
293,487
293,525
293,608
487,446
525,484
608,604
608,609
645,643
340,381
302,301
301,715
715,678
304,718
304,672
718,641
672,675
346,508
308,428
428,552
351,389
351,430
310,508
704,393
704,583
395,397
314,545
545,544
315,626
315,586
586,585
586,583
622,317
622,581
622,621
317,358
317,700
358,359
358,399
358,662
700,662
359,320
359,360
320,361
361,360
361,362
361,402
362,363
362,403
363,364
363,404
364,365
364,405
365,366
365,406
366,407
329,370
609,650
609,688
687,570
687,686
687,688
685,686
380,381
380,421
381,422
640,639
678,597
510,433
430,627
625,393
625,665
670,387
398,399
398,439
398,662
621,580
621,620
399,360
399,400
662,661
360,401
401,400
401,402
401,442
402,403
402,443
403,404
403,444
404,405
405,406
405,446
406,407
406,484
407,485
410,409
410,451
373,374
373,376
373,414
374,375
374,415
374,453
376,375
376,377
376,417
414,415
414,455
375,416
375,688
415,416
415,456
453,494
416,417
416,457
377,418
417,418
417,458
418,419
418,459
419,420
419,460
420,421
420,461
421,422
383,675
383,424
383,426
385,387
387,426
387,424
426,424
424,501
397,477
477,476
477,478
439,400
439,438
439,440
400,441
441,440
441,442
441,478
442,443
442,483
443,444
443,484
444,485
455,456
455,496
456,457
456,497
457,458
457,498
458,459
458,499
459,460
459,500
460,461
460,501
461,502
438,478
440,476
440,483
493,494
493,534
494,495
494,535
495,496
495,536
496,497
496,537
497,498
497,538
498,499
498,539
499,500
500,501
502,539
544,511
534,535
534,575
535,536
535,576
536,537
536,577
537,538
537,578
538,579
538,581
539,580
585,582
606,690
574,575
574,615
575,576
575,616
576,577
576,617
577,578
577,618
578,579
578,619
579,580
579,620
581,580
597,598
598,599
598,639
599,636
614,615
614,655
615,616
615,656
616,617
616,657
617,618
617,658
618,619
618,659
619,620
619,660
620,661
582,583
639,601
636,601
690,686
653,654
654,655
655,656
656,657
657,658
658,659
659,660
660,661
