0,41
0,719
0,718
0,3
41,40
41,42
41,82
719,301
719,678
719,679
718,681
718,715
3,4
3,44
3,682
1,680
1,375
1,35
1,36
680,342
680,679
680,642
375,374
375,376
375,416
2,43
2,681
2,682
2,683
43,42
43,44
43,84
681,38
681,640
682,297
682,641
683,254
683,293
683,602
4,5
4,45
4,454
44,45
44,85
5,6
5,684
5,7
45,46
45,86
454,453
454,455
454,495
6,7
6,252
6,610
684,256
684,605
684,685
7,8
7,609
252,92
252,486
252,647
610,173
610,290
610,531
8,9
8,289
8,452
609,568
609,608
609,650
9,10
9,50
9,688
289,248
289,288
289,330
452,451
452,453
452,493
10,11
10,689
10,572
50,49
50,51
50,91
688,132
688,687
688,689
11,12
11,170
11,91
689,686
689,690
572,251
572,571
572,573
12,13
12,486
12,532
170,290
170,487
170,292
91,90
91,92
13,14
13,54
13,692
486,485
486,487
532,413
532,531
532,533
14,15
14,55
14,693
54,53
54,55
54,95
692,169
692,691
692,693
15,16
15,56
15,694
55,56
55,96
693,652
693,694
16,17
16,57
16,695
56,57
56,97
694,653
694,695
17,18
17,58
17,696
57,58
57,98
695,654
695,696
18,19
18,59
18,697
58,59
58,99
696,655
696,697
19,20
19,60
19,698
59,60
59,100
697,656
697,698
20,21
20,61
20,699
60,61
60,101
698,657
698,699
21,22
21,62
21,700
61,62
61,102
699,658
699,700
22,23
22,63
22,701
62,63
62,103
700,659
700,701
23,24
23,64
23,702
63,64
63,104
701,438
701,660
24,25
24,474
24,353
64,65
64,706
702,397
702,661
702,665
25,26
25,395
25,32
474,473
474,475
474,668
353,272
353,356
353,354
26,27
26,706
26,396
395,66
395,668
395,356
27,28
27,509
27,390
706,509
706,589
396,354
396,476
396,662
28,29
28,309
28,105
509,671
509,505
390,147
390,348
390,513
29,70
29,226
29,471
309,113
309,391
309,347
105,104
105,106
105,477
70,69
70,71
70,152
226,230
226,470
226,304
471,470
471,472
471,590
30,307
30,110
30,548
30,709
307,150
307,675
307,346
110,109
110,111
110,153
548,69
548,111
548,192
709,269
709,551
709,708
31,627
31,713
31,392
31,674
627,154
627,235
627,708
713,74
713,388
713,629
392,355
392,631
392,354
674,36
674,594
674,670
32,510
32,344
32,187
510,147
510,313
510,469
344,263
344,343
344,424
187,186
187,188
187,306
33,710
33,550
33,349
33,227
710,73
710,151
710,590
550,273
550,594
550,592
349,347
349,467
349,506
227,589
227,554
227,432
34,228
34,676
34,717
34,389
228,675
228,714
228,434
676,223
676,596
676,714
717,299
717,301
717,383
389,73
389,229
389,347
35,266
35,386
35,37
266,268
266,346
266,553
386,149
386,384
386,424
36,677
36,715
677,300
677,600
677,641
715,636
37,302
37,117
37,39
302,341
302,716
302,636
117,118
117,158
117,193
39,76
39,378
39,38
38,71
38,72
76,75
76,77
76,156
378,377
378,379
378,419
40,79
40,81
40,423
79,78
79,80
79,116
81,80
81,82
81,122
423,75
423,382
423,422
42,78
42,83
82,83
82,123
78,77
78,119
83,84
83,124
84,85
84,125
85,86
85,126
46,47
46,88
46,608
86,87
86,127
47,48
47,291
47,567
88,87
88,89
88,250
608,293
608,607
48,49
48,209
48,412
291,173
291,255
291,335
567,174
567,409
567,411
49,90
49,331
209,172
209,208
209,211
412,250
412,411
412,413
90,131
90,690
331,290
331,330
331,332
51,52
51,250
51,132
52,53
52,651
52,96
250,686
132,131
132,133
53,94
53,169
651,288
651,650
651,652
94,93
94,95
94,135
169,171
169,210
95,96
95,171
96,97
97,98
97,137
98,99
98,141
99,100
99,482
100,101
100,518
101,102
101,142
102,103
102,143
103,104
103,141
104,478
65,66
65,704
65,356
66,67
66,591
704,274
704,434
704,626
356,354
67,68
67,351
67,314
591,151
591,429
591,592
68,69
68,106
68,553
351,268
351,391
351,667
314,624
314,662
314,549
69,514
106,107
106,708
553,435
553,549
514,186
514,512
514,629
71,72
71,348
152,151
152,153
152,631
72,74
72,430
348,74
348,672
74,75
430,429
430,431
430,469
73,190
73,463
190,347
190,267
190,473
463,196
463,422
463,464
75,345
345,385
345,342
345,383
77,118
77,115
156,155
156,157
156,197
118,119
118,159
115,114
115,194
115,466
119,80
119,120
80,121
116,157
116,464
116,546
121,120
121,122
121,162
122,123
122,163
123,124
123,164
124,125
124,165
125,126
125,166
126,127
126,167
87,129
87,292
127,128
127,251
129,92
129,128
129,130
292,334
292,490
89,130
89,691
89,248
130,131
130,445
691,650
691,690
248,247
248,249
131,135
690,606
92,93
93,134
93,569
134,133
134,175
134,211
569,565
569,570
569,607
135,176
135,481
171,485
171,253
137,136
137,138
137,484
141,140
141,142
482,138
482,483
482,517
518,517
518,520
518,522
142,143
142,184
143,144
143,595
478,441
478,477
478,519
477,397
477,476
107,108
107,393
107,394
708,311
108,109
108,312
108,273
393,275
393,473
393,629
394,315
394,551
394,625
109,150
109,632
312,467
312,585
312,508
273,189
273,274
150,151
150,308
632,630
632,669
632,707
111,112
111,188
153,154
153,628
112,113
112,671
112,507
188,189
188,554
113,114
113,466
671,507
671,595
507,189
507,385
114,547
114,350
466,465
466,467
547,505
547,712
547,585
350,231
350,712
350,667
194,274
194,505
194,232
157,158
157,198
464,428
464,465
546,503
546,506
546,667
158,159
158,199
159,120
159,160
120,161
161,160
161,162
161,202
162,163
162,203
163,164
163,204
164,165
164,205
165,166
165,206
166,167
166,207
167,168
167,413
128,368
128,573
251,408
251,334
368,207
368,367
368,369
573,574
573,614
445,404
445,444
445,446
133,328
133,138
328,287
328,327
328,329
175,174
175,216
175,562
211,212
211,491
176,217
176,254
176,521
481,140
481,479
481,437
136,177
136,440
136,480
177,218
177,178
177,180
440,439
440,441
440,479
480,479
480,521
480,556
138,139
484,443
484,525
484,527
139,140
139,179
139,557
140,182
179,178
179,520
179,215
557,224
557,598
557,635
182,221
182,185
182,555
184,635
184,181
184,183
144,145
144,515
144,475
595,556
595,594
145,146
145,229
145,149
515,148
515,437
515,476
475,476
475,516
146,147
146,670
146,268
229,147
229,588
670,712
670,673
268,511
148,508
148,672
148,588
508,193
508,549
672,633
672,635
588,355
588,387
149,633
149,669
633,185
633,305
669,666
669,663
308,191
308,432
308,589
631,387
631,586
154,155
154,195
628,193
628,195
628,545
155,196
155,544
195,192
195,624
196,237
196,236
544,541
544,540
544,545
197,198
197,238
197,462
198,199
198,239
199,160
199,200
160,201
201,200
201,202
201,242
202,203
202,243
203,204
203,244
204,205
204,245
205,206
205,246
206,207
206,247
207,208
168,489
168,327
168,372
413,414
489,448
489,488
489,530
327,286
327,326
372,371
372,373
372,524
290,249
487,446
487,488
485,407
485,444
253,645
253,650
253,530
172,488
172,526
172,647
488,529
526,332
526,525
526,528
647,173
647,646
173,174
174,447
447,406
447,446
447,448
216,215
216,217
216,257
562,521
562,561
562,563
217,218
217,258
254,258
254,295
521,523
218,219
218,259
178,563
178,180
563,298
563,564
520,519
520,561
215,212
215,210
180,517
180,181
517,516
181,185
181,183
185,186
221,220
221,222
221,600
555,222
555,552
555,596
183,219
183,593
219,220
219,256
593,388
593,592
593,594
635,638
186,265
265,261
265,675
265,343
306,552
306,385
306,310
189,230
554,513
554,559
230,231
230,311
267,224
267,552
267,303
473,472
191,429
191,673
191,352
429,428
673,388
673,472
352,192
352,269
352,388
192,506
506,503
193,585
585,541
274,275
505,512
232,231
232,233
232,666
624,277
624,543
237,236
237,238
237,278
236,235
236,275
238,239
238,279
462,382
462,421
462,461
239,200
239,240
200,241
241,240
241,242
241,282
242,243
242,283
243,244
243,284
244,245
244,285
245,246
245,286
246,247
246,287
247,611
208,249
208,612
249,613
612,611
612,613
612,653
210,293
210,649
293,644
649,213
649,531
649,648
212,255
212,214
491,450
491,490
491,492
255,648
255,643
214,603
214,527
214,528
213,607
213,568
213,530
607,606
568,295
568,449
530,571
603,336
603,604
603,645
527,523
527,648
528,533
528,571
257,337
257,259
257,260
258,299
258,638
259,300
259,301
220,558
220,223
256,565
256,644
558,519
558,559
558,599
223,225
223,222
222,556
600,641
600,560
556,597
225,551
225,711
225,260
224,304
224,513
304,637
304,716
513,711
551,270
711,384
711,707
470,433
470,469
589,666
432,431
432,433
675,678
714,343
714,634
434,433
434,435
231,271
311,272
311,468
271,391
271,465
271,626
233,234
233,584
233,504
666,270
234,235
234,310
234,584
584,315
584,543
504,426
504,501
504,502
235,270
310,707
310,276
275,276
278,277
278,279
278,319
279,240
279,280
240,281
281,280
281,282
281,322
282,283
282,323
283,284
283,324
284,285
284,325
285,286
285,326
286,287
287,288
611,570
611,652
613,614
613,654
686,685
686,687
408,367
408,407
408,409
334,333
334,685
645,601
645,646
295,644
295,333
648,642
643,298
643,335
643,339
565,564
565,566
644,687
337,605
337,380
337,339
299,300
299,340
638,597
638,679
300,341
301,642
260,641
260,639
639,560
639,598
639,640
261,636
261,262
261,264
636,601
262,597
262,264
262,296
597,598
263,634
263,678
263,264
634,303
634,712
678,637
264,346
346,305
343,305
552,428
303,637
303,716
511,472
511,590
511,587
269,587
269,629
587,664
587,667
270,586
586,625
586,630
391,435
465,425
626,583
626,630
272,592
272,427
427,426
427,428
427,630
276,277
276,705
277,318
705,316
705,623
705,668
318,317
318,319
318,359
319,280
319,320
280,321
321,320
321,322
321,362
322,323
322,363
323,324
323,364
324,325
324,365
325,326
325,366
326,367
288,329
329,330
329,370
330,371
335,333
335,298
490,449
490,531
294,601
294,297
294,296
294,298
601,338
297,338
297,602
333,332
296,604
296,642
604,605
604,606
338,339
338,379
602,336
602,561
340,339
340,341
340,381
341,382
716,342
637,596
305,426
426,425
385,383
707,703
468,431
468,467
468,469
313,668
313,664
313,665
664,662
664,663
665,663
665,703
662,661
549,512
315,358
315,663
358,317
358,359
358,399
316,317
316,357
316,622
317,625
357,398
357,625
357,436
622,581
622,621
622,623
359,320
359,360
320,361
361,360
361,362
361,402
362,363
362,403
363,364
363,404
364,365
364,405
365,366
365,406
366,367
366,407
370,369
370,371
370,411
371,646
332,687
685,492
336,377
336,646
377,376
377,418
605,606
380,379
380,381
380,421
379,420
381,382
381,422
342,640
640,679
424,384
424,425
355,431
355,433
398,399
398,439
398,436
436,435
436,438
399,360
399,400
360,401
401,400
401,402
401,442
402,403
402,443
403,404
403,444
404,405
405,406
405,446
406,407
369,410
369,492
410,409
410,411
410,451
492,493
373,374
373,376
373,414
374,415
374,453
376,417
414,415
414,455
415,416
415,456
453,494
416,417
416,457
417,418
417,458
418,419
418,459
419,420
419,460
420,421
420,461
421,422
383,384
387,590
387,512
397,437
397,438
437,516
438,439
439,400
400,441
441,442
442,443
442,483
443,444
409,450
450,449
450,451
451,529
455,456
455,496
456,457
456,497
457,458
457,498
458,459
458,499
459,460
459,500
460,461
460,501
461,502
425,502
516,596
479,519
483,564
483,522
448,449
448,529
529,570
493,494
493,534
494,495
494,535
495,496
495,536
496,497
496,537
497,498
497,538
498,499
498,539
499,500
499,540
500,501
500,541
501,542
502,543
564,566
522,566
522,524
525,524
525,566
534,533
534,535
534,575
535,536
535,576
536,537
536,577
537,538
537,578
538,579
538,581
539,540
539,580
539,542
540,581
541,582
542,503
542,623
543,503
561,560
523,524
523,559
559,599
570,571
533,574
574,575
574,615
575,576
575,616
576,577
576,617
577,578
577,618
578,579
578,619
579,580
579,620
581,580
580,621
582,623
582,545
582,583
545,583
583,621
598,599
599,560
614,615
614,655
615,616
615,656
616,617
616,657
617,618
617,658
618,619
618,659
619,620
619,660
620,621
620,661
652,653
653,654
654,655
655,656
656,657
657,658
658,659
659,660
660,661
