0,41
0,719
0,1
0,717
41,40
41,42
41,82
719,37
719,678
1,680
1,718
1,36
717,38
717,675
717,718
680,296
680,382
680,679
718,384
718,716
2,43
2,681
2,682
2,683
43,42
43,44
43,84
681,38
681,295
681,640
682,3
682,297
682,641
683,254
683,337
683,602
3,4
3,44
3,684
4,5
4,45
4,454
44,45
44,85
684,5
684,256
684,685
5,6
5,7
45,46
45,86
454,453
454,455
454,495
6,7
6,252
6,610
7,8
7,609
252,92
252,486
252,647
610,11
610,51
610,647
8,9
8,289
8,452
609,533
609,608
609,650
9,10
9,50
9,688
289,248
289,288
289,330
452,451
452,453
452,493
10,11
10,572
10,689
50,49
50,51
50,91
688,132
688,687
688,689
11,12
11,170
572,571
572,573
572,568
689,686
689,690
12,13
12,208
12,532
170,290
170,326
170,530
13,14
13,54
13,692
208,207
208,209
208,612
532,413
532,531
532,533
14,15
14,55
14,693
54,53
54,55
54,95
692,211
692,691
692,693
15,16
15,56
15,694
55,56
55,96
693,448
693,694
16,17
16,57
16,695
56,57
56,97
694,653
694,695
17,18
17,58
17,696
57,58
57,98
695,654
695,696
18,19
18,59
18,697
58,59
58,99
696,655
696,697
19,20
19,60
19,698
59,60
59,100
697,656
697,698
20,21
20,61
20,699
60,61
60,101
698,657
698,699
21,22
21,703
21,357
61,62
61,102
699,658
699,700
22,23
22,63
22,701
703,275
703,624
703,702
357,316
357,398
357,621
23,24
23,64
23,702
63,62
63,64
63,104
701,438
701,660
701,700
24,353
24,315
24,313
64,65
64,553
702,397
702,661
353,272
353,511
353,354
315,394
315,395
315,309
313,30
313,392
313,624
25,627
25,62
25,435
25,514
627,192
627,506
627,709
62,437
435,391
435,434
435,436
514,149
514,229
514,471
26,669
26,625
26,515
26,32
669,148
669,275
669,433
625,196
625,623
625,663
515,65
515,480
515,482
27,150
27,110
27,704
27,587
150,513
150,589
150,273
110,109
110,111
110,389
704,356
704,434
704,708
587,431
587,505
587,664
28,706
28,190
28,67
28,666
706,191
706,668
190,109
190,432
190,228
67,66
67,68
67,71
666,29
666,312
666,355
29,146
29,388
29,188
146,109
146,145
146,147
388,74
388,229
388,347
188,187
188,189
188,192
30,508
30,711
30,586
508,626
508,511
508,541
711,147
711,668
711,707
586,153
586,549
586,665
31,631
31,513
31,709
31,73
631,430
631,512
631,629
513,350
513,551
709,270
709,705
73,267
73,231
73,351
32,72
32,269
32,348
72,71
72,74
72,590
269,393
269,588
269,385
348,227
348,266
348,628
33,630
33,589
33,350
33,507
630,226
630,707
630,670
589,429
589,632
350,272
350,343
507,193
507,236
507,667
34,675
34,270
34,716
34,75
675,223
675,672
270,551
270,271
716,426
716,637
75,74
75,76
75,423
35,302
35,713
35,306
35,346
302,36
302,37
302,714
713,229
713,385
713,674
306,596
306,310
306,303
346,267
346,342
346,714
36,37
36,307
37,74
307,674
307,588
307,628
38,343
38,715
343,423
343,344
715,265
715,304
715,384
39,76
39,378
39,384
39,338
76,77
76,505
378,377
378,379
378,419
384,428
338,297
338,379
338,294
40,79
40,81
40,298
79,78
79,80
79,116
81,80
81,82
81,122
42,78
42,83
82,83
82,123
78,77
78,119
83,84
83,124
84,85
84,125
85,86
85,126
46,47
46,88
46,169
86,87
86,127
47,49
47,291
47,531
88,87
88,89
88,250
169,48
169,210
169,569
49,48
49,90
291,127
291,173
291,571
531,490
531,651
48,412
48,648
412,250
412,411
412,413
648,367
648,529
648,608
90,91
90,131
90,606
51,52
51,250
91,92
91,206
52,53
52,210
52,97
250,686
53,94
53,485
210,293
210,568
94,93
94,95
94,135
485,407
485,444
485,486
95,96
95,171
96,97
96,176
97,98
98,99
98,141
99,100
99,177
100,101
100,518
101,102
101,142
102,103
102,143
437,356
437,397
437,516
104,103
104,105
104,556
65,66
65,351
553,434
553,510
553,590
66,310
66,393
351,228
351,670
310,147
310,152
393,389
393,707
68,69
68,106
68,430
71,70
71,273
69,70
69,274
69,429
106,105
106,107
106,189
430,387
430,592
70,712
70,227
274,194
274,273
274,275
429,111
429,305
712,550
712,592
712,710
227,186
227,629
273,550
590,268
590,352
267,112
267,349
231,230
231,232
231,509
423,382
423,422
77,118
77,463
505,235
505,541
118,117
118,119
118,159
463,196
463,422
463,464
119,80
119,120
80,121
116,157
116,464
116,544
121,120
121,122
121,162
122,123
122,163
123,124
123,164
124,125
124,165
125,126
125,166
126,127
126,167
87,129
87,608
127,128
129,92
129,128
129,130
608,607
89,130
89,248
89,691
130,131
130,445
248,247
248,249
691,650
691,690
131,132
131,171
606,603
606,607
606,690
92,93
206,165
206,205
206,207
93,134
93,247
134,133
134,171
134,175
247,246
247,213
135,176
135,483
135,137
171,411
176,217
176,254
141,140
141,142
141,521
518,479
518,481
518,517
142,143
142,184
103,556
103,554
143,105
143,144
556,222
556,597
554,185
554,308
554,547
105,477
477,397
477,476
477,478
107,108
107,668
107,389
189,185
189,230
108,109
108,468
108,552
668,352
389,392
468,431
468,467
468,469
552,428
552,555
552,633
111,112
111,113
112,113
112,671
113,114
113,466
671,232
671,595
671,634
114,115
114,425
114,234
466,115
466,465
466,467
115,194
115,191
425,192
425,426
425,503
234,233
234,235
234,506
194,154
194,509
191,192
191,224
157,156
157,158
157,198
464,428
464,465
544,117
544,504
544,542
117,158
117,503
158,159
158,199
503,542
503,543
159,120
159,160
120,161
161,160
161,162
161,202
162,163
162,203
163,164
163,204
164,165
164,205
165,166
166,167
166,207
167,168
167,413
128,368
128,573
368,207
368,367
368,369
573,574
573,614
445,404
445,444
445,446
132,133
132,173
133,328
133,172
173,174
173,253
328,287
328,327
328,329
172,488
172,647
172,524
175,174
175,215
175,216
483,442
483,564
483,523
137,136
137,138
137,484
136,177
136,440
136,481
177,218
177,178
440,439
440,441
440,479
481,180
481,557
138,139
138,140
138,478
484,443
484,525
484,487
139,140
139,179
139,178
140,558
478,441
478,517
179,520
179,559
179,178
178,180
558,522
558,557
558,560
521,220
521,258
521,480
184,265
184,517
184,637
144,145
144,475
144,471
145,431
145,593
475,474
475,476
475,396
471,152
471,472
431,432
593,305
593,673
593,595
147,510
510,427
510,469
148,352
148,549
148,308
352,629
549,427
549,472
308,428
308,551
149,230
149,473
149,226
230,432
473,472
473,474
473,511
226,345
226,636
151,152
151,591
151,708
151,632
152,153
591,594
591,707
591,674
708,588
708,592
632,266
632,512
153,154
153,710
154,155
154,467
710,186
710,225
155,156
155,196
155,545
467,629
156,197
156,540
196,237
545,276
545,311
545,314
197,198
197,238
197,462
540,499
540,539
540,581
198,199
198,239
199,160
199,200
160,201
201,200
201,202
201,242
202,203
202,243
203,204
203,244
204,205
204,245
205,246
168,327
168,372
168,489
413,414
327,286
327,326
372,371
372,373
372,650
489,292
489,488
489,646
569,565
569,568
569,570
290,249
290,331
290,491
326,285
326,325
530,652
530,690
530,649
411,370
411,410
488,487
488,529
647,646
524,520
524,603
524,527
174,447
174,649
253,645
253,336
253,523
447,406
447,446
447,448
649,611
649,643
215,212
215,216
215,296
216,217
216,257
217,218
217,258
254,293
254,336
218,219
218,259
520,519
520,561
559,555
559,561
559,562
180,183
180,182
183,219
183,222
183,560
182,221
182,636
182,555
221,220
221,222
221,600
636,225
636,600
555,264
219,220
219,256
222,261
560,563
560,599
265,228
265,633
517,516
637,262
637,557
185,186
185,633
186,187
633,676
187,271
187,225
271,391
271,465
225,224
432,433
228,672
193,386
193,628
193,509
386,349
386,387
386,344
628,626
509,268
195,272
195,465
195,504
195,583
272,427
504,546
504,424
583,502
583,546
583,582
237,236
237,238
237,278
238,239
238,279
462,383
462,421
462,461
239,200
239,240
200,241
241,240
241,242
241,282
242,243
242,283
243,244
243,284
244,245
244,285
245,246
245,286
246,287
209,211
209,612
209,528
612,613
612,653
211,212
211,213
528,526
528,568
528,527
293,214
293,687
212,564
212,251
213,409
213,525
564,563
564,565
251,333
251,334
251,408
409,408
409,410
409,450
525,526
525,566
214,523
214,527
214,181
523,482
527,375
296,604
296,263
257,605
257,181
257,255
258,299
258,562
259,300
259,599
259,260
220,522
256,565
256,644
522,526
522,603
600,298
600,641
261,297
261,642
261,260
223,677
223,597
223,599
677,305
677,340
677,643
597,598
597,638
599,598
224,635
224,181
635,595
635,678
635,676
345,268
345,426
345,634
672,550
672,676
229,470
470,469
470,474
470,673
232,233
232,548
233,390
233,311
548,347
548,546
548,547
390,354
390,588
390,344
311,349
311,355
235,236
235,585
506,584
506,424
236,309
585,276
585,354
585,582
278,277
278,279
278,319
279,240
279,280
240,281
281,280
281,282
281,322
282,283
282,323
283,284
283,324
284,285
284,325
285,286
286,287
287,288
249,613
249,332
613,614
613,654
332,331
332,333
332,526
686,685
686,687
333,334
333,335
334,292
334,685
408,367
408,407
486,487
486,567
645,335
645,601
645,646
336,602
336,646
255,565
255,562
255,260
562,638
644,292
644,295
644,337
605,337
605,567
605,601
299,300
299,340
299,640
300,341
300,304
260,181
297,602
642,340
642,639
642,643
262,342
262,298
262,263
342,298
342,339
264,678
264,714
264,263
678,339
714,634
266,385
266,670
385,383
670,472
349,391
268,512
512,387
551,392
391,395
427,426
550,594
275,276
276,277
277,318
277,541
318,317
318,319
318,359
541,500
319,280
319,320
280,321
321,320
321,322
321,362
322,323
322,363
323,324
323,364
324,325
324,365
325,366
288,329
288,651
329,330
329,370
651,650
651,652
330,331
330,371
331,567
491,450
491,490
491,492
571,492
571,570
292,490
490,449
687,570
294,563
294,301
294,335
563,604
295,566
295,339
566,449
566,529
339,641
604,601
604,611
602,561
340,381
640,639
640,679
341,303
341,382
341,335
304,303
304,673
301,305
301,263
301,303
673,347
596,594
596,634
596,638
674,667
355,395
355,396
312,356
312,309
312,347
356,358
392,394
624,543
624,705
314,664
314,626
314,309
664,662
664,665
626,395
394,705
394,433
316,317
316,584
316,622
317,358
317,622
584,543
584,623
622,581
622,621
358,359
358,399
359,320
359,360
320,361
361,360
361,362
361,402
362,363
362,403
363,364
363,404
364,365
364,405
365,366
365,406
366,367
366,407
370,369
370,371
371,369
567,561
685,492
337,380
380,379
380,381
380,421
379,420
641,603
381,422
381,383
382,424
511,592
354,705
398,399
398,439
398,662
621,580
621,620
399,360
399,400
360,401
401,400
401,402
401,442
402,403
402,443
403,404
403,444
404,405
405,406
405,446
406,407
369,410
410,451
373,374
373,376
373,414
374,375
374,415
374,453
376,375
376,377
376,417
414,415
414,455
375,416
415,416
415,456
453,494
416,417
416,457
377,418
377,344
417,418
417,458
418,419
418,459
419,420
419,460
420,421
420,461
421,422
383,387
424,501
433,434
397,438
438,436
438,439
439,400
662,661
662,663
400,441
441,442
442,443
443,444
446,487
450,449
450,451
451,529
455,456
455,496
456,457
456,497
457,458
457,498
458,459
458,499
459,460
459,500
460,461
460,501
461,502
436,476
436,396
476,474
516,519
516,480
479,519
479,396
448,449
448,652
652,653
493,492
493,494
493,534
494,495
494,535
495,496
495,536
496,497
496,537
497,498
497,538
498,499
498,539
499,500
500,501
501,542
502,539
502,543
469,667
667,665
519,482
480,482
557,598
534,533
534,535
534,575
535,536
535,576
536,537
536,577
537,538
537,578
538,579
538,581
539,580
542,623
546,547
533,574
574,575
574,615
575,576
575,616
576,577
576,617
577,578
577,618
578,579
578,619
579,580
579,620
581,580
623,582
594,595
598,639
638,679
570,607
607,601
614,615
614,655
615,616
615,656
616,617
616,657
617,618
617,658
618,619
618,659
619,620
619,660
620,661
665,700
639,643
653,654
654,655
655,656
656,657
657,658
658,659
659,660
659,663
660,661
663,700
676,679
547,582
