0,41
0,719
0,378
0,718
41,40
41,42
41,82
719,342
719,377
719,678
378,39
378,377
378,419
718,263
718,339
718,676
1,40
1,680
1,39
1,342
40,79
40,81
680,296
680,382
680,679
39,76
39,338
342,302
342,304
2,43
2,681
2,682
2,683
43,42
43,44
43,84
681,336
681,640
681,678
682,3
682,297
682,641
683,254
683,337
683,602
3,4
3,44
3,684
4,5
4,45
4,454
44,45
44,85
684,5
684,256
684,685
5,6
5,7
45,46
45,86
454,453
454,455
454,495
6,7
6,251
6,252
7,8
7,249
251,214
251,333
251,408
252,486
252,647
252,253
8,9
8,289
8,452
249,248
249,332
249,613
9,10
9,50
9,571
289,173
289,288
289,330
452,451
452,453
452,493
10,11
10,652
10,689
50,49
50,51
50,91
571,570
571,572
571,608
11,12
11,170
11,607
652,169
652,651
652,653
689,686
689,688
689,690
12,13
12,208
12,532
170,46
170,48
170,290
607,606
607,608
607,649
13,14
13,54
13,692
208,207
208,209
208,611
532,413
532,531
532,533
14,15
14,55
14,693
54,53
54,55
54,95
692,90
692,691
692,693
15,16
15,56
15,694
55,56
55,96
693,610
693,694
16,17
16,57
16,695
56,57
56,97
694,653
694,695
17,18
17,58
17,696
57,58
57,98
695,654
695,696
18,19
18,59
18,697
58,59
58,99
696,655
696,697
19,20
19,60
19,698
59,60
59,100
697,656
697,698
20,21
20,61
20,699
60,61
60,101
698,657
698,699
21,22
21,357
21,703
61,62
61,102
699,658
699,700
22,63
22,701
22,26
357,316
357,398
357,621
703,275
703,354
703,394
63,62
63,64
63,104
701,438
701,660
701,700
26,630
26,551
26,666
23,64
23,702
23,316
23,704
64,65
64,435
702,24
702,397
702,661
316,584
316,622
704,394
704,664
704,711
24,436
24,67
24,396
436,144
436,435
436,438
67,31
67,66
67,71
396,62
396,392
396,475
25,663
25,103
25,28
25,29
663,275
663,356
663,659
103,102
103,104
103,474
630,32
630,109
630,313
551,391
551,472
551,545
666,390
666,586
666,664
27,230
27,145
27,69
27,629
230,189
230,231
230,668
145,108
145,143
145,146
69,106
69,670
69,394
629,467
629,514
629,671
28,356
28,34
28,65
356,314
356,665
29,106
29,548
29,707
106,105
106,591
548,228
548,546
548,585
707,309
707,509
707,665
30,389
30,193
30,225
30,107
389,353
389,473
389,590
193,196
193,387
193,236
225,710
225,267
225,226
107,512
107,710
107,628
31,345
31,226
31,229
345,33
345,73
345,265
226,265
226,349
229,547
229,311
229,264
32,633
32,549
32,708
633,146
633,269
633,594
549,390
549,468
549,592
708,307
708,625
708,712
33,271
33,154
33,149
271,71
271,391
271,465
154,153
154,155
154,195
149,189
149,592
149,346
34,306
34,350
34,37
306,305
306,554
306,671
350,68
350,190
350,673
35,425
35,711
35,716
35,36
425,349
425,383
425,388
711,627
711,714
716,302
716,384
716,677
36,385
36,341
36,717
385,115
385,348
385,427
341,300
341,382
341,676
717,637
717,713
717,715
37,301
37,344
37,38
301,299
301,638
301,600
344,302
344,427
344,426
38,381
38,384
38,383
381,340
381,380
381,422
384,303
384,674
383,347
383,423
76,77
76,387
76,346
338,297
338,379
338,339
79,78
79,80
79,116
81,80
81,82
81,122
42,78
42,83
82,83
82,123
78,77
78,119
83,84
83,124
84,85
84,125
85,86
85,126
46,47
46,88
86,87
86,127
47,49
47,291
47,531
88,87
88,89
88,250
49,48
49,90
291,169
291,172
291,292
531,490
531,651
48,412
48,449
412,250
412,411
412,413
449,448
449,450
449,490
90,91
90,367
51,52
51,250
51,528
91,92
91,206
52,53
52,568
52,210
250,489
528,647
528,649
528,605
53,94
53,612
568,292
568,447
568,645
210,209
210,525
210,212
94,93
94,95
94,135
612,209
612,613
612,653
95,96
95,171
96,97
96,176
97,98
97,481
98,99
98,141
99,100
99,482
100,101
100,518
101,102
101,142
62,437
102,143
437,397
437,516
437,705
104,105
104,556
65,66
65,144
435,391
435,434
66,314
66,433
314,232
314,625
433,70
433,432
433,434
71,72
71,153
68,667
68,231
68,593
667,151
667,309
667,669
231,232
231,672
593,351
593,673
593,627
670,266
670,273
670,511
394,148
70,626
70,272
70,507
626,471
626,510
626,546
272,355
272,665
272,313
507,191
507,234
507,463
72,74
72,232
72,470
153,710
153,311
74,75
74,268
74,307
232,233
470,112
470,469
470,474
73,590
73,267
73,195
590,267
590,354
267,309
195,151
195,628
75,423
75,77
75,118
268,188
268,632
268,310
307,428
307,431
423,382
423,422
77,503
387,108
387,591
346,114
346,343
503,114
503,543
503,585
119,80
119,118
119,120
80,121
116,157
116,464
116,386
121,120
121,122
121,162
122,123
122,163
123,124
123,164
124,125
124,165
125,126
125,166
126,127
126,167
87,129
87,610
127,128
127,448
129,92
129,128
129,130
610,247
610,329
89,130
89,248
89,691
130,131
130,445
248,247
248,371
691,650
691,690
367,290
367,366
367,368
92,93
92,529
206,165
206,205
206,207
93,134
93,247
529,253
529,451
529,488
134,133
134,171
134,175
247,246
135,139
135,176
135,526
171,131
171,411
176,217
176,254
481,483
481,516
481,519
141,140
141,142
141,480
482,136
482,479
482,524
518,105
518,517
518,521
142,143
142,184
143,596
474,473
474,476
105,109
556,222
556,265
556,597
109,110
109,467
591,147
591,712
512,150
512,309
512,709
710,592
628,150
628,705
108,514
108,669
514,392
514,515
669,310
669,348
110,111
110,146
110,191
467,466
467,468
111,113
111,553
111,509
146,352
191,194
191,508
113,112
113,114
113,466
553,388
553,634
553,595
509,188
509,392
112,671
112,274
671,595
274,194
274,273
274,275
114,115
466,115
466,465
115,194
194,624
157,156
157,158
157,198
464,428
464,463
464,465
386,152
386,190
386,390
117,118
117,158
117,543
117,504
118,159
158,159
158,199
543,502
543,584
504,546
504,508
504,424
159,120
159,160
120,161
161,160
161,162
161,202
162,163
162,203
163,164
163,204
164,165
164,205
165,166
166,167
166,207
167,168
167,413
128,368
128,573
448,213
448,447
368,207
368,369
573,572
573,574
573,614
131,132
131,213
445,404
445,444
445,446
132,133
132,326
132,490
213,565
213,530
133,172
133,328
326,285
326,325
326,327
490,491
172,488
172,647
328,287
328,327
328,329
175,215
175,216
175,526
139,140
139,179
139,182
526,294
526,569
136,137
136,177
136,440
137,138
137,174
137,479
177,218
177,178
177,603
440,439
440,441
440,479
138,140
138,558
138,179
174,173
174,447
174,169
479,519
140,520
558,522
558,557
558,560
179,520
179,523
182,220
182,221
182,480
520,519
520,561
480,181
480,484
184,632
184,594
184,513
596,181
596,223
596,674
144,515
144,519
515,186
515,557
352,187
352,388
352,552
147,706
147,190
147,510
706,393
706,588
706,668
190,427
510,266
510,310
148,475
148,349
148,427
475,186
475,476
349,592
189,185
189,269
150,589
150,233
589,187
589,388
589,426
233,234
233,583
151,552
151,426
552,428
552,555
426,674
152,155
152,471
152,672
155,156
155,196
471,432
471,472
672,347
672,675
311,511
311,304
156,197
156,540
196,237
196,463
197,198
197,238
197,462
540,499
540,539
540,581
198,199
198,239
199,160
199,200
160,201
201,200
201,202
201,242
202,203
202,243
203,204
203,244
204,205
204,245
205,246
168,327
168,372
168,489
413,414
327,286
372,371
372,373
372,650
489,488
489,686
169,212
290,331
290,567
411,370
411,410
488,487
647,646
173,606
173,294
606,603
606,690
294,253
294,255
447,446
215,212
215,216
215,296
216,217
216,257
217,218
217,258
254,335
254,336
218,219
218,259
178,564
178,258
178,181
603,335
603,643
564,562
564,563
564,565
258,214
258,299
523,257
523,522
523,521
180,559
180,522
180,563
180,521
559,222
559,517
559,555
522,599
563,296
563,560
521,214
181,183
220,219
220,221
220,639
221,222
221,600
183,265
183,224
183,227
632,223
632,555
594,550
594,595
513,224
513,228
513,312
185,554
185,476
185,187
554,308
554,631
476,477
187,270
186,305
186,675
305,262
305,712
675,227
675,263
270,348
270,627
270,264
188,269
188,432
269,472
432,431
508,627
508,511
192,673
192,391
192,430
192,631
673,634
430,227
430,469
430,712
631,555
631,635
236,235
236,237
236,624
624,273
624,585
237,238
237,278
463,422
238,239
238,279
462,421
462,461
462,465
239,200
239,240
200,241
241,240
241,242
241,282
242,243
242,283
243,244
243,284
244,245
244,285
245,246
245,286
246,287
209,211
611,211
611,530
611,569
211,212
211,605
525,293
525,484
525,566
605,255
605,567
565,569
565,648
530,527
530,572
214,608
608,609
296,604
257,566
257,567
219,256
219,639
259,300
259,679
259,260
256,644
256,561
639,598
639,640
222,261
600,641
600,602
261,297
261,298
261,260
223,599
223,560
599,560
599,598
224,676
224,227
676,715
228,713
228,353
713,677
713,709
353,276
353,434
547,506
547,511
547,550
668,390
668,588
234,235
234,584
583,541
583,542
583,582
235,312
235,505
584,623
312,355
312,351
505,424
505,544
505,545
278,277
278,279
278,319
279,240
279,280
240,281
281,280
281,282
281,322
282,283
282,323
283,284
283,324
284,285
284,325
285,286
286,287
287,288
371,369
371,370
332,331
332,333
332,570
613,614
613,654
333,334
333,335
408,288
408,407
408,409
486,370
486,485
486,487
253,491
491,450
491,492
335,255
336,293
336,646
255,524
524,483
524,561
644,295
644,298
644,337
561,602
566,295
566,485
567,369
299,300
299,340
300,303
679,304
679,638
260,562
260,264
562,643
562,642
297,602
298,295
298,340
262,302
262,266
262,343
266,714
343,677
343,714
263,678
263,264
678,597
714,715
310,347
472,473
348,308
355,473
355,586
665,586
313,664
313,587
273,550
550,544
275,276
276,277
276,705
277,318
277,541
705,431
318,317
318,319
318,359
541,500
541,424
319,280
319,320
280,321
321,320
321,322
321,362
322,323
322,363
323,324
323,364
324,325
324,365
325,366
288,651
651,650
330,329
330,331
330,609
331,687
292,334
292,492
334,685
334,646
492,493
492,685
293,409
293,487
409,410
409,450
487,446
295,645
645,642
645,572
604,527
604,648
604,601
340,303
638,597
638,640
303,674
304,382
428,308
431,468
308,634
634,636
347,709
351,354
351,429
664,623
587,506
587,585
587,582
625,392
625,544
622,317
622,581
622,621
317,358
317,700
358,359
358,399
358,662
700,662
359,320
359,360
320,361
361,360
361,362
361,402
362,363
362,403
363,364
363,404
364,365
364,405
365,366
365,406
366,407
329,370
609,650
609,688
687,570
687,686
687,688
570,569
685,686
646,649
337,380
337,379
380,379
380,421
379,420
339,643
339,601
643,642
601,635
601,636
677,640
709,588
354,469
429,315
429,395
429,424
434,393
469,468
586,588
398,399
398,439
398,662
621,580
621,620
399,360
399,400
662,661
360,401
401,400
401,402
401,442
402,403
402,443
403,404
403,444
404,405
405,406
405,446
406,407
406,484
407,485
369,410
410,451
373,374
373,376
373,414
374,375
374,415
374,453
376,375
376,377
376,417
414,415
414,455
375,416
375,688
415,416
415,456
453,494
416,417
416,457
377,418
417,418
417,458
418,419
418,459
419,420
419,460
420,421
420,461
421,422
393,315
393,395
395,397
395,315
397,477
477,478
477,517
439,400
439,438
400,441
441,442
441,478
442,443
442,483
443,444
443,484
444,485
450,451
455,456
455,496
456,457
456,497
457,458
457,498
458,459
458,499
459,460
459,500
460,461
460,501
461,502
438,315
516,478
516,483
478,517
493,494
493,534
494,495
494,535
495,496
495,536
496,497
496,537
497,498
497,538
498,499
498,539
499,500
500,501
501,542
501,502
502,539
534,533
534,535
534,575
535,536
535,576
536,537
536,577
537,538
537,578
538,579
538,581
539,580
542,506
542,623
546,506
557,598
557,595
527,690
527,533
649,648
533,574
574,575
574,615
575,576
575,616
576,577
576,617
577,578
577,618
578,579
578,619
579,580
579,620
581,580
623,582
544,545
597,598
642,641
614,615
614,655
615,616
615,656
616,617
616,657
617,618
617,658
618,619
618,659
619,620
619,660
620,661
641,637
653,654
654,655
655,656
656,657
657,658
658,659
659,660
660,661
635,637
635,636
636,637
545,582
