0,41
0,718
0,377
0,36
41,40
41,42
41,82
718,35
718,37
718,263
377,376
377,378
377,418
1,40
1,337
1,379
1,380
40,79
40,81
337,380
337,644
337,683
379,77
379,338
379,420
380,76
380,421
2,43
2,681
2,682
2,683
43,42
43,44
43,84
681,640
681,641
681,601
682,3
682,297
682,641
683,254
683,255
3,4
3,44
3,684
4,5
4,45
4,454
44,45
44,85
684,5
684,256
684,685
5,6
5,7
45,46
45,336
454,453
454,455
454,495
6,7
6,251
6,252
7,8
7,249
251,333
251,408
251,489
252,288
252,486
252,567
8,9
8,289
8,452
249,248
249,332
249,613
9,10
9,50
9,571
289,51
289,288
289,330
452,451
452,453
452,493
10,11
10,652
10,689
50,49
50,51
50,91
571,567
571,570
571,572
11,12
11,170
11,607
652,610
652,651
652,653
689,686
689,688
689,690
12,13
12,208
12,450
170,46
170,48
170,290
607,215
607,603
607,608
13,14
13,54
13,692
208,207
208,209
208,492
450,408
450,448
450,451
14,15
14,55
14,693
54,53
54,55
54,95
692,90
692,691
692,693
15,16
15,56
15,694
55,56
55,96
693,610
693,694
16,17
16,57
16,695
56,57
56,97
694,653
694,695
17,18
17,58
17,696
57,58
57,98
695,654
695,696
18,19
18,59
18,697
58,59
58,99
696,655
696,697
19,20
19,60
19,698
59,60
59,100
697,656
697,698
20,21
20,61
20,699
60,61
60,101
698,657
698,699
21,22
21,356
21,357
61,62
61,102
699,658
699,700
22,63
22,701
22,25
356,315
356,355
356,625
357,316
357,398
357,621
63,104
63,517
63,702
701,438
701,660
701,700
25,315
25,433
25,397
23,62
23,478
23,702
23,703
62,65
62,479
478,438
478,477
478,557
702,24
702,661
703,64
703,664
703,667
24,64
24,316
24,432
64,516
64,435
316,584
316,622
432,149
432,309
432,666
315,234
315,626
433,146
433,626
433,512
397,663
397,435
397,437
26,551
26,667
26,670
26,436
551,273
551,471
551,595
667,351
667,472
670,350
670,633
670,671
436,394
436,434
436,438
27,270
27,146
27,68
27,437
270,194
270,271
270,708
146,30
146,595
68,227
68,511
68,185
437,395
437,481
28,589
28,510
28,665
28,469
589,351
589,353
589,430
510,147
510,390
510,707
665,435
665,663
665,704
469,154
469,393
469,552
29,430
29,627
29,708
29,272
430,392
430,590
627,112
627,512
627,545
708,228
708,349
272,67
272,427
272,630
30,628
30,273
30,546
628,268
628,588
628,707
273,274
273,394
546,154
546,232
546,314
31,553
31,549
31,109
31,392
553,70
553,475
553,511
549,66
549,107
549,666
109,106
109,594
109,312
392,233
392,664
32,308
32,389
32,513
32,191
308,428
308,595
308,631
389,150
389,387
389,593
513,225
513,226
513,511
191,112
191,350
191,586
33,75
33,592
33,388
33,311
75,423
75,712
75,306
592,105
592,268
592,386
388,148
388,428
388,507
311,70
311,314
311,704
34,151
34,425
34,267
34,674
151,72
151,386
151,545
425,307
425,349
425,715
267,229
267,635
267,555
674,230
674,268
674,304
35,153
35,673
35,36
153,505
153,269
153,384
673,224
673,509
673,554
36,427
36,192
427,269
427,424
37,74
37,73
37,677
74,71
74,268
74,387
73,545
73,189
73,310
677,300
677,383
677,598
38,384
38,714
38,343
38,344
384,305
384,675
714,71
714,228
714,633
343,302
343,385
343,640
344,72
344,717
344,675
39,76
39,338
39,378
39,381
76,424
76,346
338,297
338,381
378,419
378,719
381,422
381,423
79,78
79,80
79,116
81,80
81,82
81,122
42,78
42,83
82,83
82,123
78,77
78,119
83,84
83,124
84,85
84,125
85,86
85,126
46,47
46,88
336,293
336,604
336,644
47,49
47,291
47,531
88,87
88,89
88,250
49,48
49,90
291,172
291,175
291,292
531,247
531,572
531,651
48,412
48,449
412,250
412,411
412,413
449,448
449,491
449,173
90,91
90,367
51,52
51,250
91,92
91,206
52,53
52,568
52,611
250,368
53,94
53,612
568,292
568,447
568,645
611,212
611,533
611,572
94,93
94,95
94,135
612,209
612,613
612,653
95,96
95,171
96,97
96,176
97,98
97,140
98,99
98,141
99,100
99,482
100,101
100,518
101,102
101,142
102,103
102,143
65,67
65,705
65,434
479,137
479,482
479,519
104,103
104,105
104,556
517,518
517,596
517,559
516,107
516,188
516,520
435,145
67,71
67,145
705,69
705,396
705,666
434,271
434,431
66,351
66,390
66,352
351,230
390,233
390,591
352,110
352,348
352,587
71,634
145,143
145,631
227,229
227,554
227,391
511,626
185,147
185,591
185,598
69,187
69,713
69,353
187,475
187,711
187,429
713,552
713,633
713,676
353,706
353,508
70,271
70,547
271,465
547,111
547,231
547,310
634,226
634,265
634,302
72,668
72,232
668,275
668,588
668,706
232,709
232,505
545,506
189,147
189,307
189,710
310,190
310,586
387,630
387,466
423,382
423,422
712,391
712,550
712,593
306,716
306,342
306,345
424,116
424,382
346,113
346,676
346,383
77,386
77,503
386,505
503,118
503,543
503,583
119,80
119,118
119,120
80,121
116,157
116,196
121,120
121,122
121,162
122,123
122,163
123,124
123,164
124,125
124,165
125,126
125,166
86,87
86,89
86,127
126,127
126,167
87,129
87,610
89,130
89,691
127,128
127,448
129,92
129,128
129,130
610,329
130,131
130,445
691,650
691,690
367,290
367,366
367,368
92,93
92,529
206,165
206,205
206,207
93,134
93,247
529,131
529,451
529,488
134,133
134,171
134,175
247,246
247,248
135,139
135,176
135,526
171,131
171,411
176,217
176,254
140,139
140,141
140,143
141,142
141,480
482,177
482,441
518,180
518,556
142,143
142,184
103,107
103,474
107,110
474,470
474,473
474,476
105,148
105,514
556,222
556,597
148,349
148,475
514,471
514,557
514,552
106,512
106,707
106,395
512,188
707,704
395,236
395,396
110,111
110,594
108,554
108,231
108,394
108,550
554,144
231,150
231,429
394,590
550,152
550,632
594,347
594,473
312,194
312,623
312,552
111,113
111,465
113,115
113,349
465,464
465,466
112,305
112,426
305,188
305,224
426,309
426,504
426,716
115,114
115,233
115,348
114,468
114,507
114,269
468,348
468,431
468,470
507,467
507,509
269,587
233,625
348,631
157,156
157,158
157,198
196,117
196,237
196,467
117,118
117,158
117,543
118,159
158,159
158,199
543,502
543,584
159,120
159,160
120,161
161,160
161,162
161,202
162,163
162,203
163,164
163,204
164,165
164,205
165,166
166,167
166,207
167,168
167,413
128,532
128,573
448,447
532,413
532,533
532,649
573,572
573,574
573,614
131,132
445,404
445,444
445,446
132,133
132,326
132,490
133,172
133,328
326,285
326,325
326,327
490,253
490,491
490,569
172,488
172,647
328,287
328,327
328,329
175,214
175,257
139,137
139,138
526,136
526,292
526,646
136,137
136,177
136,480
137,138
177,218
177,604
480,181
480,484
138,524
138,558
524,255
524,483
524,604
558,559
558,599
558,520
184,223
184,263
184,632
144,596
144,225
144,181
596,266
596,593
225,472
225,229
181,562
181,481
631,555
595,636
147,515
515,182
515,471
515,477
475,476
149,350
149,508
149,588
350,274
508,190
508,509
588,354
150,666
150,671
671,385
671,629
152,548
152,235
152,313
548,155
548,472
548,632
235,544
235,663
235,583
313,585
313,195
313,236
505,544
154,155
154,428
155,156
155,193
428,464
156,197
156,540
193,234
193,314
193,230
197,198
197,238
197,462
540,499
540,539
540,581
198,199
198,239
199,160
199,200
160,201
201,200
201,202
201,242
202,203
202,243
203,204
203,244
204,205
204,245
205,246
207,368
168,327
168,372
168,489
413,414
327,286
372,371
372,373
372,650
489,488
489,608
169,527
169,212
169,648
169,569
527,210
527,647
527,530
212,210
212,216
648,530
648,601
569,211
569,649
290,331
290,409
411,370
411,410
488,487
647,525
647,646
173,523
173,174
173,179
523,216
523,253
523,561
174,605
174,528
174,215
605,215
605,295
605,602
528,211
528,530
528,562
215,564
214,255
214,645
214,296
257,217
257,297
257,566
217,258
217,483
254,335
254,646
218,180
218,259
218,297
604,645
178,599
178,565
178,560
178,481
599,560
599,636
565,213
565,296
565,562
560,183
560,260
481,559
179,519
179,220
179,186
519,180
519,522
220,221
220,563
220,561
180,521
521,216
521,520
521,522
562,339
182,219
182,221
182,637
219,256
219,522
219,262
221,222
221,600
637,266
637,557
637,600
183,222
183,597
183,477
222,638
597,265
597,678
477,473
223,678
223,261
223,298
263,262
263,264
632,304
591,265
591,393
598,559
598,639
186,265
186,476
186,557
476,440
711,309
711,669
711,710
429,385
429,710
188,471
307,303
307,716
710,347
190,626
190,192
192,587
192,195
586,709
586,669
587,583
234,624
234,542
314,393
230,506
194,275
194,464
275,274
275,276
464,463
195,236
195,383
236,506
237,278
237,504
237,583
467,466
467,630
238,239
238,279
238,501
462,421
462,461
462,541
239,200
239,240
200,241
241,240
241,242
241,282
242,243
242,283
243,244
243,284
244,245
244,285
245,246
245,286
246,287
368,369
209,211
209,447
492,491
492,493
492,685
211,213
447,446
210,253
210,369
253,256
369,371
369,410
213,563
213,295
216,606
563,564
563,606
295,566
295,644
255,335
645,294
296,339
296,603
564,567
564,602
606,603
606,690
258,299
258,259
258,262
483,440
483,442
259,300
259,261
256,567
522,520
262,301
561,603
561,601
600,644
600,642
638,640
638,641
638,639
678,675
678,719
224,304
224,228
304,672
228,431
472,473
229,226
226,629
629,625
629,709
391,704
391,393
431,347
506,585
709,354
625,669
624,274
624,355
624,664
542,276
542,501
542,582
544,504
544,623
663,659
278,277
278,279
278,319
504,463
279,240
279,280
501,460
501,500
240,281
281,280
281,282
281,322
282,283
282,323
283,284
283,324
284,285
284,325
285,286
286,287
287,288
248,371
248,649
371,370
649,530
332,331
332,333
332,570
613,614
613,654
333,334
333,335
408,407
408,409
288,651
486,370
486,485
486,487
335,646
566,485
566,525
299,341
299,680
299,300
300,341
261,264
261,298
260,301
260,636
260,601
301,342
301,639
636,633
264,302
264,555
302,342
555,593
266,470
266,715
470,590
715,345
715,347
635,345
635,672
635,676
630,706
276,277
276,584
277,318
277,541
584,623
318,317
318,319
318,359
541,500
541,502
319,280
319,320
280,321
321,320
321,322
321,362
322,323
322,363
323,324
323,364
324,325
324,365
325,366
651,650
330,329
330,331
330,609
331,687
409,410
409,491
292,334
334,570
334,685
293,294
293,487
293,525
294,608
294,602
487,446
525,484
608,609
602,643
339,717
339,385
298,340
298,679
340,303
340,717
340,383
679,639
679,641
679,643
341,382
341,345
680,342
680,642
680,643
303,719
303,676
719,716
672,585
309,509
623,354
585,582
622,317
622,581
622,621
317,358
317,700
358,359
358,399
358,662
700,662
359,320
359,360
320,361
361,360
361,362
361,402
362,363
362,403
363,364
363,404
364,365
364,405
365,366
365,406
366,407
329,370
609,650
609,688
687,570
687,686
687,688
685,686
717,675
382,463
640,642
706,396
354,355
355,669
398,399
398,439
398,662
621,580
621,620
399,360
399,400
662,661
360,401
401,400
401,402
401,442
402,403
402,443
403,404
403,444
404,405
405,406
405,446
406,407
406,484
407,485
410,451
373,374
373,376
373,414
374,375
374,415
374,453
376,375
376,417
414,415
414,455
375,416
375,688
415,416
415,456
453,494
416,417
416,457
417,418
417,458
418,419
418,459
419,420
419,460
420,421
420,461
421,422
422,463
466,590
664,396
439,400
439,438
439,440
400,441
441,440
441,442
442,443
443,444
443,484
444,485
455,456
455,496
456,457
456,497
457,458
457,498
458,459
458,499
459,460
459,500
460,461
461,502
493,494
493,534
494,495
494,535
495,496
495,536
496,497
496,537
497,498
497,538
498,499
498,539
499,500
502,539
534,533
534,535
534,575
535,536
535,576
536,537
536,577
537,538
537,578
538,579
538,581
539,580
533,574
574,575
574,615
575,576
575,616
576,577
576,617
577,578
577,618
578,579
578,619
579,580
579,620
581,580
614,615
614,655
615,616
615,656
616,617
616,657
617,618
617,658
618,619
618,659
619,620
619,660
620,661
642,643
690,686
653,654
654,655
655,656
656,657
657,658
658,659
659,660
660,661
