0,41
0,719
0,39
0,37
41,40
41,42
41,82
719,378
719,383
719,678
39,76
39,338
39,378
1,40
1,337
1,379
1,380
40,79
40,81
337,380
337,644
337,683
379,77
379,338
379,420
380,421
380,424
2,43
2,681
2,682
2,683
43,42
43,44
43,84
681,377
681,640
681,642
682,3
682,297
682,641
683,254
683,255
3,4
3,44
3,684
4,5
4,45
4,454
44,45
44,85
684,5
684,256
684,685
5,6
5,7
45,46
45,648
454,453
454,455
454,495
6,7
6,251
6,252
7,8
7,249
251,211
251,333
251,408
252,288
252,486
252,567
8,9
8,289
8,452
249,248
249,332
249,613
9,10
9,50
9,571
289,51
289,288
289,330
452,451
452,453
452,493
10,11
10,652
10,689
50,49
50,51
50,91
571,567
571,570
571,572
11,12
11,170
11,607
652,610
652,651
652,653
689,686
689,688
689,690
12,13
12,208
12,532
170,46
170,48
170,290
607,606
607,608
607,648
13,14
13,54
13,692
208,207
208,209
208,492
532,128
532,413
532,533
14,15
14,55
14,693
54,53
54,55
54,95
692,90
692,691
692,693
15,16
15,56
15,694
55,56
55,96
693,610
693,694
16,17
16,57
16,695
56,57
56,97
694,653
694,695
17,18
17,58
17,696
57,58
57,98
695,654
695,696
18,19
18,59
18,697
58,59
58,99
696,655
696,697
19,20
19,60
19,698
59,60
59,100
697,656
697,698
20,21
20,61
20,699
60,61
60,101
698,657
698,699
21,22
21,357
21,478
61,62
61,102
699,658
699,700
22,63
22,356
22,701
357,316
357,398
357,621
478,438
478,477
478,354
63,104
63,437
63,144
356,25
356,625
356,394
701,438
701,660
701,700
23,62
23,475
23,702
23,703
62,65
62,479
475,148
475,476
475,516
702,397
702,435
702,661
703,437
703,626
703,664
24,64
24,316
24,433
24,706
64,516
64,436
64,395
316,584
316,622
433,108
433,110
433,592
706,69
706,663
706,668
25,668
25,26
25,665
668,228
668,230
26,670
26,627
26,310
665,234
665,395
665,623
670,153
670,468
670,666
627,108
627,235
627,392
310,309
310,466
310,507
27,431
27,272
27,432
27,313
431,188
431,434
431,468
272,270
272,590
272,311
432,106
432,311
432,705
313,664
313,471
313,467
28,307
28,69
28,395
28,232
307,32
307,33
307,187
69,508
69,190
395,472
232,30
232,348
232,545
29,588
29,625
29,355
29,512
588,33
588,191
588,392
625,546
625,583
355,233
355,312
355,397
512,349
512,430
512,555
30,229
30,114
30,429
229,108
229,227
229,547
114,113
114,115
114,468
429,115
429,273
429,587
31,389
31,228
31,513
31,628
389,669
389,710
389,671
228,225
228,306
513,352
513,390
513,551
628,70
628,73
628,274
32,426
32,193
32,714
426,345
426,545
426,630
193,507
193,630
193,550
714,36
714,303
714,388
33,547
33,633
547,268
547,312
633,266
633,471
633,672
34,717
34,711
34,115
34,385
717,36
717,339
717,676
711,226
711,709
711,712
115,194
385,346
385,675
385,672
35,304
35,427
35,424
35,72
304,303
304,383
304,635
427,267
427,270
427,505
424,383
424,713
72,347
72,73
72,191
36,384
36,387
384,306
384,386
384,340
387,150
387,151
387,465
37,38
37,76
37,190
38,344
38,76
38,260
344,73
344,679
344,712
76,342
338,297
338,381
378,377
378,419
79,78
79,80
79,116
81,80
81,82
81,122
42,78
42,83
82,83
82,123
78,77
78,119
83,84
83,124
84,85
84,125
85,86
85,126
46,47
46,88
648,530
648,605
47,49
47,291
47,531
88,87
88,89
88,250
49,48
49,90
291,172
291,292
291,606
531,247
531,572
531,651
48,412
48,449
412,250
412,411
412,413
449,448
449,490
449,569
90,91
90,367
51,52
51,250
91,92
91,206
52,53
52,568
52,611
250,368
53,94
53,612
568,292
568,447
568,645
611,369
611,489
611,572
94,93
94,95
94,135
612,209
612,613
612,653
95,96
95,171
96,97
96,176
97,98
97,140
98,99
98,141
99,100
99,482
100,101
100,518
101,102
101,142
102,103
102,143
65,67
65,189
65,707
479,137
479,482
479,519
104,103
104,105
104,556
437,397
437,516
516,518
436,396
436,435
436,438
67,71
67,709
67,312
189,150
189,669
189,709
707,152
707,352
707,587
66,231
66,553
66,106
66,549
231,624
231,271
231,353
553,593
553,596
553,511
106,671
106,555
549,434
549,586
549,710
71,74
71,147
71,191
709,629
312,708
68,226
68,350
68,509
68,111
226,111
226,631
350,274
350,590
350,392
509,632
509,552
509,666
111,110
111,113
508,192
508,308
508,505
190,386
190,269
70,589
70,587
70,269
589,270
589,393
589,712
587,314
269,346
269,314
74,75
74,268
74,674
147,109
147,629
147,266
191,309
347,187
347,594
347,351
73,194
194,624
194,585
75,423
75,154
75,463
268,592
268,632
674,305
674,593
674,716
423,381
423,382
423,422
154,153
154,155
154,546
463,422
463,464
463,504
342,299
342,677
342,715
77,386
77,503
386,592
503,118
503,543
503,583
119,80
119,118
119,120
80,121
116,157
116,196
116,428
121,120
121,122
121,162
122,123
122,163
123,124
123,164
124,125
124,165
125,126
125,166
86,87
86,127
86,649
126,127
126,167
87,129
87,610
127,128
127,448
649,213
649,254
649,294
129,92
129,128
129,130
610,329
89,130
89,691
89,527
130,131
130,445
691,650
691,690
527,210
527,528
527,530
367,290
367,366
367,368
92,93
92,529
206,165
206,205
206,207
93,134
93,247
529,451
529,488
529,530
134,133
134,171
134,175
247,246
247,248
135,139
135,176
135,526
171,131
171,411
176,217
176,254
140,139
140,141
140,143
141,142
141,480
482,177
482,441
518,517
518,556
142,143
142,184
103,107
103,474
143,145
107,110
107,469
107,267
474,470
474,473
474,476
105,148
105,592
105,396
556,597
556,596
148,349
148,595
396,315
396,667
671,152
671,345
555,552
555,554
110,146
469,467
469,470
469,591
267,145
267,184
108,352
352,275
109,186
109,152
109,354
186,225
186,510
186,390
152,591
354,314
354,315
146,145
146,669
146,473
113,112
113,466
112,470
112,150
112,273
470,708
150,548
273,274
273,551
466,465
466,467
468,155
157,156
157,158
157,198
196,237
196,545
196,235
428,308
428,464
428,552
117,118
117,158
117,382
117,543
118,159
158,159
158,199
382,341
382,680
543,502
543,584
159,120
159,160
120,161
161,160
161,162
161,202
162,163
162,203
163,164
163,204
164,165
164,205
165,166
166,167
166,207
167,168
167,413
128,573
448,447
448,450
573,572
573,574
573,614
131,132
131,608
445,404
445,444
445,446
132,133
132,326
132,490
608,253
608,609
133,172
133,328
326,285
326,325
326,327
490,253
490,491
172,488
172,647
328,287
328,327
328,329
175,214
175,215
175,603
139,137
139,522
526,136
526,292
526,646
136,137
136,177
136,480
137,138
177,218
177,604
480,484
480,557
138,523
138,558
138,521
523,179
523,213
523,524
558,520
558,554
558,561
521,180
521,481
521,522
522,481
522,519
184,223
184,637
145,631
144,471
144,519
144,178
471,593
519,180
631,308
631,634
669,394
473,185
473,472
629,506
629,708
266,223
266,514
349,425
349,713
595,308
595,514
595,551
149,153
149,353
149,393
149,634
153,710
353,315
353,585
393,511
393,664
634,262
634,552
548,155
548,472
548,713
151,712
151,632
151,708
632,185
591,392
591,515
710,225
155,156
546,464
546,583
156,197
156,540
197,198
197,238
197,462
540,499
540,539
540,581
198,199
198,239
199,160
199,200
160,201
201,200
201,202
201,242
202,203
202,243
203,204
203,244
204,205
204,245
205,246
207,368
168,327
168,372
168,489
413,414
327,286
372,371
372,373
372,650
489,169
489,488
169,173
169,210
169,253
290,248
290,331
411,370
411,410
488,487
647,491
647,525
647,646
173,210
173,178
173,253
210,174
174,570
174,605
174,213
570,332
570,687
605,643
605,569
213,212
214,295
214,483
214,563
215,212
215,216
215,296
603,297
603,298
603,606
217,216
217,218
217,258
254,335
218,219
218,259
604,336
604,524
604,645
178,559
178,179
559,560
559,554
559,564
179,222
179,599
222,221
222,264
222,520
599,182
599,183
599,258
180,561
180,517
561,601
561,639
517,477
517,520
181,481
181,224
181,598
181,220
481,515
224,302
224,306
224,557
598,260
598,639
598,635
220,219
220,221
220,563
182,221
182,560
182,262
221,600
560,219
560,557
262,679
262,301
183,597
183,637
183,636
597,638
597,678
637,264
637,594
636,265
636,300
636,675
223,263
223,515
185,227
185,263
227,230
227,515
263,678
263,718
225,309
510,309
510,394
510,673
390,430
390,673
187,391
187,514
391,271
391,435
391,586
514,590
188,305
188,195
188,265
305,343
305,715
192,545
192,430
192,667
430,234
667,467
667,586
507,235
507,586
630,270
630,590
550,311
550,388
550,551
624,623
624,626
585,582
585,663
195,425
195,504
195,236
425,348
425,511
504,237
504,544
236,544
236,666
236,582
237,278
237,583
238,239
238,279
238,501
462,421
462,461
462,541
239,200
239,240
200,241
241,240
241,242
241,282
242,243
242,283
243,244
243,284
244,245
244,285
245,246
245,286
246,287
368,369
209,211
209,447
492,491
492,493
492,685
211,212
211,334
447,446
212,294
334,292
334,333
334,685
294,293
294,296
295,566
295,644
295,298
483,440
483,442
483,524
563,260
563,564
216,602
216,645
296,680
296,299
602,642
602,645
602,639
258,299
258,641
219,256
259,300
259,638
259,643
256,567
256,336
600,641
600,644
600,677
264,716
264,346
520,562
302,261
302,298
302,340
306,345
557,596
230,348
230,672
348,506
672,351
271,465
271,472
233,542
233,705
233,544
542,276
542,501
542,582
705,704
544,623
234,506
234,582
506,351
235,314
666,626
278,277
278,279
278,319
279,240
279,280
501,460
501,500
240,281
281,280
281,282
281,322
282,283
282,323
283,284
283,324
284,285
284,325
285,286
286,287
287,288
248,371
371,369
371,370
332,331
332,333
613,614
613,654
333,335
408,407
408,409
408,450
288,651
486,370
486,485
486,487
567,564
335,255
335,646
255,524
255,257
257,566
257,565
257,643
336,293
336,644
566,485
566,525
565,562
565,569
565,643
299,601
641,638
300,341
300,679
638,640
260,562
562,528
261,301
261,303
261,339
679,635
301,265
301,340
678,298
718,345
718,383
718,676
716,343
716,640
346,676
265,673
673,554
465,464
311,434
274,275
275,276
275,505
276,277
276,584
505,388
277,318
277,541
584,623
318,317
318,319
318,359
541,500
541,502
319,280
319,320
280,321
321,320
321,322
321,362
322,323
322,363
323,324
323,364
324,325
324,365
325,366
651,650
330,329
330,331
330,609
331,687
606,690
293,487
293,525
487,446
525,484
680,341
680,677
297,601
601,642
341,339
340,381
303,596
635,715
343,339
343,715
434,435
664,663
315,511
622,317
622,581
622,621
317,358
317,700
358,359
358,399
358,662
700,662
359,320
359,360
320,361
361,360
361,362
361,402
362,363
362,403
363,364
363,404
364,365
364,405
365,366
365,406
366,407
329,370
609,650
609,688
687,686
687,688
685,686
646,642
381,422
677,713
676,640
594,593
594,675
351,394
397,477
398,399
398,439
398,662
621,580
621,620
399,360
399,400
662,661
360,401
401,400
401,402
401,442
402,403
402,443
403,404
403,444
404,405
405,406
405,446
406,407
406,484
407,485
369,410
410,409
410,451
373,374
373,376
373,414
374,375
374,415
374,453
376,375
376,377
376,417
414,415
414,455
375,416
375,688
415,416
415,456
453,494
416,417
416,457
377,418
417,418
417,458
418,419
418,459
419,420
419,460
420,421
420,461
421,422
675,388
477,476
439,400
439,438
439,440
400,441
441,440
441,442
442,443
443,444
443,484
444,485
409,491
409,528
450,451
450,533
528,564
455,456
455,496
456,457
456,497
457,458
457,498
458,459
458,499
459,460
459,500
460,461
461,502
440,476
569,530
533,534
533,574
493,494
493,534
494,495
494,535
495,496
495,536
496,497
496,537
497,498
497,538
498,499
498,539
499,500
502,539
534,535
534,575
535,536
535,576
536,537
536,577
537,538
537,578
538,579
538,581
539,580
574,575
574,615
575,576
575,616
576,577
576,617
577,578
577,618
578,579
578,619
579,580
579,620
581,580
614,615
614,655
615,616
615,656
616,617
616,657
617,618
617,658
618,619
618,659
619,620
619,660
620,661
663,659
690,686
653,654
654,655
655,656
656,657
657,658
658,659
659,660
660,661
626,704
