0,41
0,719
0,342
0,33
41,40
41,42
41,82
719,340
719,342
719,678
342,299
342,385
1,39
1,40
1,337
1,680
39,76
39,338
39,378
40,79
40,81
337,380
337,644
337,683
680,296
680,382
680,679
2,43
2,681
2,682
2,683
43,42
43,44
43,84
681,377
681,640
681,642
682,3
682,297
682,641
683,254
683,339
3,4
3,44
3,684
4,5
4,45
4,454
44,45
44,85
684,5
684,256
684,685
5,6
5,7
45,46
45,86
454,453
454,455
454,495
6,7
6,251
6,252
7,8
7,249
251,333
251,408
251,608
252,173
252,212
252,486
8,9
8,289
8,452
249,248
249,332
249,613
9,10
9,50
9,571
289,51
289,288
289,330
452,451
452,453
452,493
10,11
10,652
10,689
50,49
50,51
50,91
571,567
571,570
571,572
11,12
11,170
11,607
652,610
652,651
652,653
689,686
689,688
689,690
12,13
12,208
12,532
170,46
170,48
170,290
607,210
607,606
607,608
13,14
13,54
13,692
208,207
208,209
208,492
532,413
532,531
532,533
14,15
14,55
14,693
54,53
54,55
54,95
692,90
692,691
692,693
15,16
15,56
15,694
55,56
55,96
693,610
693,694
16,17
16,57
16,695
56,57
56,97
694,653
694,695
17,18
17,58
17,696
57,58
57,98
695,654
695,696
18,19
18,59
18,697
58,59
58,99
696,655
696,697
19,20
19,60
19,698
59,60
59,100
697,656
697,698
20,21
20,61
20,699
60,61
60,101
698,657
698,699
21,22
21,357
21,703
61,62
61,102
699,658
699,700
22,63
22,701
22,356
357,316
357,398
357,621
703,26
703,275
703,276
63,62
63,64
63,104
701,438
701,660
701,700
356,396
356,397
356,509
23,62
23,64
23,702
23,25
62,437
64,65
64,25
702,24
702,397
702,661
24,316
24,436
24,26
316,584
316,622
436,144
436,435
436,438
26,353
26,704
25,68
25,189
68,511
68,429
68,666
353,150
353,351
353,396
704,314
704,628
704,663
27,231
27,475
27,626
27,28
231,149
231,547
231,234
475,148
475,393
475,476
626,352
626,355
626,670
28,667
28,711
28,429
667,193
667,355
667,707
711,30
711,108
711,635
429,508
429,589
29,507
29,233
29,354
29,153
507,69
507,504
507,549
233,355
233,627
233,237
354,69
354,705
354,395
153,154
153,710
153,430
30,671
30,229
30,510
671,107
671,307
671,587
229,147
229,386
229,346
510,114
510,188
510,394
31,675
31,266
31,190
31,672
675,188
675,301
675,303
266,147
266,670
266,346
190,306
190,714
190,628
672,306
672,430
672,590
32,468
32,712
32,714
32,192
468,227
468,431
468,467
712,305
712,347
712,633
714,189
714,301
192,425
192,504
192,592
33,385
33,424
33,552
385,307
385,343
424,380
424,426
424,509
552,272
552,428
552,555
34,151
34,36
34,388
34,38
151,191
151,590
151,392
36,115
36,304
36,303
388,346
388,708
388,509
35,715
35,152
35,386
35,676
715,307
715,425
715,679
152,274
152,389
152,272
386,77
386,592
676,639
676,674
676,713
115,114
115,194
115,466
304,300
304,716
304,677
303,267
303,299
37,716
37,347
37,677
37,340
716,74
716,302
347,76
347,511
677,383
677,634
340,343
340,265
38,75
38,76
38,378
75,74
75,423
75,118
76,463
378,377
378,419
338,297
338,379
338,381
79,78
79,80
79,116
81,80
81,82
81,122
42,78
42,83
82,83
82,123
78,77
78,119
83,84
83,124
84,85
84,125
85,86
85,126
46,47
46,88
86,87
86,127
47,49
47,291
47,531
88,87
88,89
88,250
49,48
49,90
291,172
291,292
291,368
531,490
531,651
48,412
48,449
412,250
412,411
412,413
449,448
449,450
449,490
90,91
90,367
51,52
51,250
91,92
91,206
52,53
52,568
52,253
250,569
53,94
53,612
568,292
568,447
568,645
253,563
253,569
253,169
94,93
94,95
94,135
612,209
612,613
612,653
95,96
95,171
96,97
96,176
97,98
97,140
98,99
98,141
99,100
99,139
100,101
100,518
101,102
101,142
102,103
102,143
437,143
437,433
437,473
104,103
104,105
104,556
65,66
65,149
65,471
66,67
66,146
66,394
149,310
149,311
471,107
471,511
471,673
67,71
67,147
67,434
146,110
146,145
146,630
394,315
394,395
71,72
71,270
71,348
147,515
434,107
434,433
434,435
511,108
666,311
666,472
666,707
69,270
69,311
270,710
270,393
311,195
70,630
70,187
70,594
70,309
630,513
630,708
187,144
187,188
187,269
594,306
594,389
594,593
309,549
309,634
309,674
72,74
72,508
72,268
348,713
348,553
348,427
74,268
508,271
508,426
268,111
268,632
73,383
73,670
73,589
73,545
383,343
383,387
670,148
589,228
589,513
545,235
545,427
545,624
423,345
423,382
423,422
118,117
118,119
118,159
463,196
463,422
463,464
77,379
77,503
379,420
379,339
503,543
503,506
503,583
119,80
119,120
80,121
116,157
116,196
116,464
121,120
121,122
121,162
122,123
122,163
123,124
123,164
124,125
124,165
125,126
125,166
126,127
126,167
87,129
87,610
127,128
127,448
129,92
129,128
129,130
610,329
89,130
89,248
89,691
130,131
130,445
248,247
248,371
691,650
691,690
367,290
367,366
367,368
92,93
92,529
206,165
206,205
206,207
93,134
93,247
529,451
529,488
529,526
134,133
134,171
134,175
247,246
247,569
135,139
135,176
135,526
171,131
171,411
176,217
176,254
140,138
140,139
140,141
141,142
141,480
139,179
518,517
518,556
518,555
142,143
142,184
103,474
103,145
143,145
474,470
474,473
474,476
145,631
105,109
105,592
105,515
556,519
556,597
109,111
109,467
109,591
592,392
515,558
515,554
106,184
106,591
106,516
106,706
184,632
184,263
591,226
591,554
516,482
516,514
516,520
706,108
706,355
706,709
107,631
631,308
631,351
108,144
144,558
111,110
111,113
467,466
467,469
110,512
110,506
512,272
512,549
512,593
506,549
506,590
113,112
113,114
113,466
112,470
112,547
112,548
470,191
470,469
547,349
547,505
548,154
548,433
548,472
114,345
466,465
345,227
345,339
194,274
194,624
194,313
157,156
157,158
157,198
196,155
196,237
464,428
464,465
117,158
117,382
117,543
158,159
158,199
382,341
543,502
543,584
159,120
159,160
120,161
161,160
161,162
161,202
162,163
162,203
163,164
163,204
164,165
164,205
165,166
166,167
166,207
167,168
167,413
128,573
128,649
448,447
448,649
573,572
573,574
573,614
649,533
649,646
131,132
131,567
445,404
445,444
445,446
132,133
132,326
132,490
567,564
567,648
133,172
133,328
326,285
326,325
326,327
490,491
172,488
172,647
328,287
328,327
328,329
175,215
175,603
175,605
526,292
526,294
136,137
136,177
136,480
136,481
137,138
137,479
137,181
177,218
177,604
177,213
480,138
480,484
481,479
481,482
481,514
138,558
479,482
479,519
181,596
181,183
181,214
558,596
179,520
179,483
179,173
148,349
148,551
349,228
349,425
551,273
551,391
551,595
310,234
310,708
310,390
150,668
150,674
150,312
668,352
668,395
668,431
674,224
312,273
312,390
312,546
191,593
191,629
590,351
392,352
392,550
274,273
274,275
389,509
389,431
272,505
154,155
154,587
710,225
710,627
430,227
430,669
155,156
155,546
587,544
587,709
156,197
156,540
546,275
546,427
197,198
197,238
197,462
540,499
540,539
540,581
198,199
198,239
199,160
199,200
160,201
201,200
201,202
201,242
202,203
202,243
203,204
203,244
204,205
204,245
205,246
207,368
168,327
168,372
168,489
413,414
327,286
372,371
372,373
372,650
489,211
489,488
489,565
169,173
169,572
169,214
173,294
572,530
290,331
290,605
411,370
411,410
488,487
647,210
647,212
647,525
294,295
294,565
174,408
174,216
174,213
174,214
408,407
408,409
216,215
216,217
216,560
213,570
213,214
215,212
215,296
603,563
603,564
603,606
605,523
605,646
217,218
217,258
254,335
254,336
218,219
218,259
604,336
604,524
604,530
178,519
178,180
178,523
178,562
519,180
180,561
180,522
523,257
523,521
562,260
562,643
562,599
520,561
520,521
483,440
483,442
483,524
561,602
561,601
522,602
522,599
522,559
596,183
596,263
183,265
183,189
182,220
182,221
182,263
182,559
220,219
220,221
220,521
221,222
221,600
263,262
559,557
265,717
265,298
632,306
632,555
185,554
185,637
185,186
185,264
554,308
637,259
637,264
637,717
186,553
186,636
186,472
264,307
264,261
553,224
553,267
636,227
636,260
636,679
472,473
188,635
269,595
269,426
269,305
635,223
635,302
189,387
387,344
387,380
628,390
628,585
593,225
629,193
629,669
629,625
425,504
504,465
193,314
193,624
314,586
314,315
624,236
313,230
313,235
313,705
195,542
195,623
195,544
542,236
542,501
542,623
623,584
623,585
544,550
544,582
237,278
237,583
238,239
238,279
238,501
462,421
462,461
462,541
239,200
239,240
200,241
241,240
241,242
241,282
242,243
242,283
243,244
243,284
244,245
244,285
245,246
245,286
246,287
368,369
209,211
209,528
492,491
492,493
492,685
211,212
211,606
528,210
528,255
528,527
210,646
646,602
606,690
570,332
570,687
296,641
296,298
560,563
560,599
560,638
258,256
258,299
258,641
219,256
219,259
259,300
256,644
521,527
222,226
222,301
222,633
600,641
600,640
600,557
226,513
226,350
301,262
633,344
633,713
223,555
223,224
223,228
224,261
261,260
261,262
225,713
225,634
634,344
513,550
350,588
350,393
350,627
228,427
346,384
230,432
230,390
230,588
432,267
432,431
432,433
588,352
588,627
232,665
232,707
232,705
232,393
665,664
707,273
705,435
234,669
234,235
669,351
235,625
625,236
625,663
236,582
582,583
582,585
278,277
278,279
278,319
583,505
279,240
279,280
501,460
501,500
240,281
281,280
281,282
281,322
282,283
282,323
283,284
283,324
284,285
284,325
285,286
286,287
287,288
569,530
371,369
371,370
332,331
332,333
613,614
613,654
333,334
333,335
608,369
608,609
486,370
486,485
486,487
563,564
335,255
335,642
336,293
336,643
255,524
255,295
524,482
295,566
295,644
644,257
257,566
257,601
566,485
566,525
601,297
601,642
299,300
300,341
260,262
717,343
717,381
267,673
673,384
673,595
595,308
426,384
305,302
305,344
271,391
271,465
271,709
391,435
391,469
709,514
505,586
275,276
276,277
276,584
277,318
277,541
318,317
318,319
318,359
541,500
541,502
319,280
319,320
280,321
321,320
321,322
321,362
322,323
322,363
323,324
323,364
324,325
324,365
325,366
288,651
288,648
651,650
648,611
330,329
330,331
330,609
331,687
292,334
334,685
334,643
293,487
293,525
293,564
487,446
525,484
565,447
565,645
297,602
298,718
298,678
718,384
678,302
678,597
341,381
341,339
308,428
428,469
708,550
586,315
586,664
315,585
622,317
622,581
622,621
317,358
317,700
358,359
358,399
358,662
700,662
359,320
359,360
320,361
361,360
361,362
361,402
362,363
362,403
363,364
363,404
364,365
364,405
365,366
365,406
366,407
329,370
609,650
609,688
687,686
687,688
685,686
643,645
642,639
380,421
381,422
396,663
396,397
395,473
398,399
398,439
398,662
621,580
621,620
399,360
399,400
662,661
360,401
401,400
401,402
401,442
402,403
402,443
403,404
403,444
404,405
405,406
405,446
406,407
406,484
407,485
369,410
410,409
410,451
373,374
373,376
373,414
374,375
374,415
374,453
376,375
376,377
376,417
414,415
414,455
375,416
375,688
415,416
415,456
453,494
416,417
416,457
377,418
417,418
417,458
418,419
418,459
419,420
419,460
420,421
420,461
421,422
663,659
397,477
477,476
477,478
477,517
439,400
439,438
439,440
400,441
441,440
441,442
441,478
442,443
443,444
443,484
444,485
446,447
409,450
409,491
450,451
450,527
491,527
455,456
455,496
456,457
456,497
457,458
457,498
458,459
458,499
459,460
459,500
460,461
461,502
438,478
478,517
440,476
493,494
493,534
494,495
494,535
495,496
495,536
496,497
496,537
497,498
497,538
498,499
498,539
499,500
502,539
517,514
534,533
534,535
534,575
535,536
535,576
536,537
536,577
537,538
537,578
538,579
538,581
539,580
599,598
533,574
574,575
574,615
575,576
575,616
576,577
576,617
577,578
577,618
578,579
578,619
579,580
579,620
581,580
597,598
597,638
557,598
598,639
638,640
638,679
645,611
614,615
614,655
615,616
615,656
616,617
616,657
617,618
617,658
618,619
618,659
619,620
619,660
620,661
639,640
690,686
653,654
654,655
655,656
656,657
657,658
658,659
659,660
660,661
530,611
