0,41
0,719
0,383
0,718
41,40
41,42
41,82
719,299
719,378
719,678
383,39
383,342
383,425
718,35
718,384
718,714
1,40
1,337
1,379
1,380
40,79
40,81
337,380
337,644
337,683
379,77
379,338
379,420
380,421
380,424
2,43
2,681
2,682
2,683
43,42
43,44
43,84
681,377
681,640
681,642
682,3
682,297
682,641
683,254
683,298
3,4
3,44
3,684
4,5
4,45
4,454
44,45
44,85
684,5
684,256
684,685
5,6
5,7
45,46
45,86
454,453
454,455
454,495
6,7
6,251
6,252
7,8
7,249
251,333
251,408
251,569
252,288
252,486
252,567
8,9
8,289
8,452
249,248
249,332
249,613
9,10
9,50
9,571
289,51
289,288
289,330
452,451
452,453
452,493
10,11
10,652
10,689
50,49
50,51
50,91
571,567
571,570
571,572
11,12
11,170
11,607
652,610
652,651
652,653
689,686
689,688
689,690
12,13
12,208
12,532
170,46
170,48
170,290
607,570
607,606
607,608
13,14
13,54
13,692
208,207
208,209
208,492
532,128
532,413
532,533
14,15
14,55
14,693
54,53
54,55
54,95
692,90
692,691
692,693
15,16
15,56
15,694
55,56
55,96
693,610
693,694
16,17
16,57
16,695
56,57
56,97
694,653
694,695
17,18
17,58
17,696
57,58
57,98
695,654
695,696
18,19
18,59
18,697
58,59
58,99
696,655
696,697
19,20
19,60
19,698
59,60
59,100
697,656
697,698
20,21
20,61
20,699
60,61
60,101
698,657
698,699
21,22
21,357
21,703
61,62
61,102
699,658
699,700
22,63
22,701
22,64
357,316
357,398
357,621
703,27
703,275
703,394
63,104
63,65
63,106
701,438
701,660
701,700
64,23
64,516
64,393
23,62
23,702
23,435
62,25
62,65
702,24
702,397
702,661
435,391
435,434
435,436
24,316
24,436
24,26
316,584
316,622
436,144
436,438
26,314
26,550
26,665
25,706
25,472
25,66
706,350
706,396
706,512
472,473
472,548
472,592
66,709
66,669
66,590
314,471
314,430
314,587
550,228
550,348
550,510
665,394
665,433
665,664
27,468
27,231
27,667
468,114
468,431
468,464
231,67
231,551
231,471
667,312
667,508
667,512
28,669
28,112
28,511
28,190
669,33
669,671
112,113
112,470
112,392
511,388
511,393
511,666
190,467
190,666
190,226
29,512
29,273
29,390
29,351
512,670
273,274
273,551
273,505
390,153
390,589
390,712
351,387
351,629
351,707
30,547
30,270
30,347
30,554
547,389
547,467
547,589
270,311
270,354
270,470
347,676
347,631
347,507
554,186
554,635
554,558
31,150
31,307
31,594
31,188
150,552
150,586
150,629
307,187
307,715
307,549
594,144
594,303
594,590
188,596
188,671
188,668
32,510
32,633
32,153
32,344
510,509
510,553
633,144
633,147
633,674
153,154
153,710
344,340
344,385
344,717
33,429
33,591
33,716
429,267
429,711
429,668
591,68
591,189
591,309
716,673
716,679
716,712
34,425
34,672
34,310
34,36
425,349
425,385
672,109
672,187
672,634
310,232
310,506
310,713
35,304
35,303
35,384
304,300
304,301
304,714
303,260
303,340
384,71
384,714
36,426
36,305
36,38
426,194
426,424
426,713
305,717
305,676
305,298
37,343
37,678
37,713
37,116
343,300
343,677
343,339
678,302
678,597
713,676
116,79
116,157
116,196
38,302
38,345
38,261
302,301
302,639
345,75
345,267
345,348
39,76
39,338
39,378
76,342
76,715
76,114
338,297
338,381
378,377
378,419
79,78
79,80
81,80
81,82
81,122
42,78
42,83
82,83
82,123
78,77
78,119
83,84
83,124
84,85
84,125
85,86
85,126
46,47
46,88
86,87
86,127
47,49
47,291
47,531
88,87
88,89
88,250
49,48
49,90
291,172
291,292
291,569
531,290
531,651
531,649
48,412
48,449
412,250
412,411
412,413
449,448
449,490
449,533
90,91
90,367
51,52
51,250
91,92
91,206
52,53
52,568
52,611
250,368
53,94
53,612
568,292
568,447
568,645
611,572
611,648
94,93
94,95
94,135
612,209
612,613
612,653
95,96
95,171
96,97
96,176
97,98
97,140
98,99
98,141
99,100
99,482
100,101
100,518
101,102
101,142
102,103
102,143
65,67
65,514
104,103
104,105
104,556
516,105
516,184
516,224
393,232
393,704
67,71
67,146
514,147
514,352
514,432
709,433
709,593
709,625
590,68
590,549
71,72
71,630
146,110
146,145
146,349
68,628
68,515
628,311
628,352
628,712
515,223
515,557
515,481
69,354
69,708
69,306
69,705
354,586
354,509
708,389
708,513
708,707
306,191
306,263
306,269
705,352
705,473
705,627
70,151
70,549
70,589
70,588
151,268
151,465
151,195
549,626
589,432
588,551
588,670
588,712
72,74
72,109
72,431
630,107
630,309
630,471
74,75
74,268
74,505
109,627
109,388
431,434
431,592
73,386
73,715
73,115
73,189
386,77
386,349
386,592
715,346
115,114
115,194
115,548
189,673
189,434
75,423
75,381
268,152
268,632
505,387
505,463
423,381
423,382
423,422
381,422
342,299
342,340
114,113
77,503
503,118
503,543
503,583
119,80
119,118
119,120
80,121
121,120
121,122
121,162
122,123
122,163
123,124
123,164
124,125
124,165
125,126
125,166
126,127
126,167
87,129
87,610
127,128
127,448
129,92
129,128
129,130
610,329
89,130
89,248
89,691
130,131
130,445
248,247
248,371
691,650
691,690
367,290
367,366
367,368
92,93
92,529
206,165
206,205
206,207
93,134
93,247
529,213
529,451
529,488
134,133
134,171
134,175
247,169
247,246
135,139
135,176
135,526
171,131
171,411
176,217
176,254
140,139
140,141
140,181
141,142
141,480
482,177
482,479
482,481
518,517
518,556
518,519
142,143
142,184
103,107
103,474
143,145
143,596
107,110
107,469
474,470
474,473
474,476
105,148
105,592
556,225
556,597
148,349
148,475
148,272
106,394
106,513
106,181
394,396
513,228
513,348
110,111
110,392
469,467
469,470
469,629
108,111
108,670
108,428
108,311
111,113
111,427
670,553
428,308
428,464
428,552
311,309
627,269
627,350
388,187
388,385
392,272
392,355
113,466
427,272
427,308
427,546
466,465
466,467
466,506
194,274
194,624
548,154
548,274
157,156
157,158
157,198
196,155
196,237
196,463
117,118
117,158
117,382
117,543
118,159
158,159
158,199
382,341
382,680
543,502
543,584
159,120
159,160
120,161
161,160
161,162
161,202
162,163
162,203
163,164
163,204
164,165
164,205
165,166
166,167
166,207
167,168
167,413
128,573
448,447
448,450
573,572
573,574
573,614
131,132
131,253
445,404
445,444
445,446
132,133
132,326
132,490
253,216
253,295
253,530
133,172
133,328
326,285
326,325
326,327
490,491
490,606
172,488
172,647
328,287
328,327
328,329
175,215
175,603
175,214
139,137
139,180
526,136
526,292
526,646
136,137
136,177
136,480
137,138
137,479
177,218
177,604
480,138
480,484
138,558
138,522
479,519
479,437
558,557
558,560
522,483
522,521
522,562
180,519
180,561
180,598
181,178
181,179
184,637
184,187
145,631
145,433
596,267
596,517
144,227
227,185
227,675
227,387
631,265
631,308
433,397
147,668
147,269
668,313
269,193
475,395
475,396
475,476
272,508
149,634
149,674
149,152
149,186
634,711
634,593
674,635
674,671
152,391
152,353
186,185
186,430
552,391
552,555
586,542
586,583
629,509
465,271
465,464
195,626
195,509
195,544
391,271
353,624
353,546
353,234
154,155
154,192
710,225
710,632
710,714
155,156
155,235
192,507
192,185
192,193
156,197
156,540
235,585
235,582
235,663
197,198
197,238
197,462
540,499
540,539
540,581
198,199
198,239
199,160
199,200
160,201
201,200
201,202
201,242
202,203
202,243
203,204
203,244
204,205
204,245
205,246
207,368
168,327
168,372
168,489
413,414
327,286
372,371
372,373
372,650
489,369
489,488
489,608
169,491
169,527
169,173
491,409
491,492
527,212
527,647
527,649
290,331
411,370
411,410
488,487
647,525
647,646
173,530
173,649
173,174
530,528
530,569
649,409
174,294
174,524
174,178
294,605
294,210
294,261
524,255
524,483
524,604
215,212
215,216
215,296
603,297
603,606
603,605
214,255
214,293
214,602
217,216
217,218
217,258
254,335
254,336
218,219
218,259
604,336
604,645
178,523
178,179
523,216
523,258
523,210
179,183
179,562
183,598
183,553
183,597
562,638
562,528
519,559
561,256
561,601
561,637
598,639
598,635
182,221
182,560
182,521
182,636
221,220
221,222
221,600
560,219
560,257
521,520
521,559
636,223
636,263
636,265
553,430
597,638
637,301
637,679
185,632
632,555
430,711
671,230
673,225
673,677
434,437
666,236
666,396
226,224
226,261
226,266
191,507
191,312
191,230
507,236
312,229
312,355
230,387
230,350
193,506
193,348
506,545
274,275
624,232
624,707
626,395
626,544
544,233
544,504
237,233
237,278
237,583
463,422
463,464
238,239
238,279
238,501
462,421
462,461
462,541
239,200
239,240
200,241
241,240
241,242
241,282
242,243
242,283
243,244
243,284
244,245
244,285
245,246
245,286
246,287
368,369
209,211
209,447
492,493
492,685
211,212
211,450
211,648
447,446
210,213
210,528
213,564
213,565
212,334
450,408
450,451
648,572
648,646
334,292
334,333
334,685
564,520
564,563
564,567
565,255
565,296
565,643
255,335
293,336
293,487
293,525
602,600
602,605
602,639
296,680
296,643
258,299
258,224
219,220
219,256
259,300
259,643
259,679
220,563
220,262
256,567
563,642
563,528
262,223
262,675
262,595
222,266
222,225
222,599
600,641
600,643
266,224
266,676
599,264
599,559
599,601
223,595
595,308
595,551
675,264
675,385
228,265
228,593
265,677
593,557
229,346
229,711
229,309
346,264
346,389
350,545
471,473
232,432
432,271
233,234
233,508
234,315
234,356
508,389
585,236
585,271
585,504
582,623
582,664
582,704
663,236
663,625
663,659
278,277
278,279
278,319
583,587
279,240
279,280
501,460
501,500
501,542
240,281
281,280
281,282
281,322
282,283
282,323
283,284
283,324
284,285
284,325
285,286
286,287
287,288
371,369
371,370
332,331
332,333
332,570
613,614
613,654
333,335
408,407
408,409
569,608
288,651
486,370
486,485
486,487
295,257
295,566
295,644
335,646
336,644
257,566
257,645
566,485
566,525
645,644
299,339
300,341
679,635
260,642
260,301
260,263
642,601
263,555
555,559
264,717
717,341
267,261
275,276
275,313
276,277
276,542
276,584
313,315
313,623
277,318
277,541
542,504
584,623
318,317
318,319
318,359
541,500
541,502
319,280
319,320
280,321
321,320
321,322
321,362
322,323
322,363
323,324
323,364
324,325
324,365
325,366
651,650
330,329
330,331
330,609
331,687
487,446
525,484
605,298
680,640
680,641
297,601
298,340
339,341
339,424
639,640
355,395
355,625
315,395
315,356
623,545
587,546
587,625
622,317
622,581
622,621
317,358
317,700
358,359
358,399
358,662
700,662
359,320
359,360
320,361
361,360
361,362
361,402
362,363
362,403
363,364
363,404
364,365
364,405
365,366
365,406
366,407
329,370
609,608
609,650
609,688
687,570
687,686
687,688
685,686
545,546
707,356
352,356
398,399
398,439
398,662
621,580
621,620
399,360
399,400
662,661
360,401
401,400
401,402
401,442
402,403
402,443
403,404
403,444
404,405
405,406
405,446
406,407
406,484
407,485
369,410
410,409
410,451
373,374
373,376
373,414
374,375
374,415
374,453
376,375
376,377
376,417
414,415
414,455
375,416
375,688
415,416
415,456
453,494
416,417
416,457
377,418
417,418
417,458
418,419
418,459
419,420
419,460
420,421
420,461
421,422
424,504
704,664
397,477
397,437
477,476
477,478
477,517
439,400
439,438
439,440
400,441
441,440
441,442
441,478
442,443
442,483
443,444
443,484
444,485
455,456
455,496
456,457
456,497
457,458
457,498
458,459
458,499
459,460
459,500
460,461
461,502
437,481
438,478
478,517
440,476
440,483
533,534
533,574
493,494
493,534
494,495
494,535
495,496
495,536
496,497
496,537
497,498
497,538
498,499
498,539
499,500
502,539
481,520
606,690
534,535
534,575
535,536
535,576
536,537
536,577
537,538
537,578
538,579
538,581
539,580
557,520
574,575
574,615
575,576
575,616
576,577
576,617
577,578
577,618
578,579
578,619
579,580
579,620
581,580
638,640
638,641
614,615
614,655
615,616
615,656
616,617
616,657
617,618
617,658
618,619
618,659
619,620
619,660
620,661
690,686
653,654
654,655
655,656
656,657
657,658
658,659
659,660
660,661
