0,41
0,719
0,680
0,37
41,40
41,42
41,82
719,343
719,378
719,678
680,296
680,382
680,715
37,342
37,426
37,301
1,40
1,337
1,379
1,380
40,79
40,81
337,380
337,644
337,683
379,77
379,338
379,420
380,421
380,424
2,43
2,681
2,682
2,683
43,42
43,44
43,84
681,377
681,640
681,642
682,3
682,297
682,641
683,254
683,334
3,4
3,44
3,684
4,5
4,45
4,454
44,45
44,85
684,5
684,256
684,685
5,6
5,7
45,46
45,86
454,453
454,455
454,495
6,7
6,251
6,252
7,8
7,249
251,333
251,408
251,530
252,288
252,486
252,567
8,9
8,289
8,452
249,248
249,332
249,613
9,10
9,50
9,571
289,51
289,288
289,330
452,451
452,453
452,493
10,11
10,652
10,689
50,49
50,51
50,91
571,567
571,570
571,572
11,12
11,170
11,607
652,610
652,651
652,653
689,686
689,688
689,690
12,13
12,208
12,532
170,46
170,48
170,290
607,174
607,606
607,608
13,14
13,54
13,692
208,207
208,209
208,492
532,128
532,413
532,533
14,15
14,55
14,693
54,53
54,55
54,95
692,90
692,691
692,693
15,16
15,56
15,694
55,56
55,96
693,610
693,694
16,17
16,57
16,695
56,57
56,97
694,653
694,695
17,18
17,58
17,696
57,58
57,98
695,654
695,696
18,19
18,59
18,697
58,59
58,99
696,655
696,697
19,20
19,60
19,698
59,60
59,100
697,656
697,698
20,21
20,61
20,699
60,61
60,101
698,657
698,699
21,22
21,357
21,703
61,62
61,102
699,658
699,700
22,63
22,701
22,356
357,316
357,398
357,621
703,275
703,315
703,664
63,104
63,518
63,396
701,438
701,660
701,700
356,625
356,663
356,627
23,62
23,64
23,702
23,475
62,65
62,479
64,515
64,66
64,181
702,24
702,397
702,661
475,148
475,476
475,516
24,316
24,436
24,314
316,584
316,622
436,144
436,435
436,438
314,193
314,393
314,705
25,105
25,704
25,512
25,397
105,104
105,148
105,592
704,355
704,473
704,707
512,185
512,232
512,508
397,477
397,705
26,434
26,670
26,511
26,664
434,355
434,431
434,435
670,194
670,352
670,629
511,72
511,672
511,667
664,582
664,665
27,547
27,187
27,66
27,669
547,233
547,236
547,273
187,29
187,184
187,347
66,352
66,553
669,30
669,394
669,470
28,32
28,593
28,146
28,509
32,713
32,230
32,269
593,351
593,390
593,471
146,110
146,145
146,311
509,114
509,429
509,587
29,432
29,313
29,667
432,188
432,353
432,550
313,108
313,229
313,706
667,624
667,666
30,553
30,348
30,270
553,227
553,515
348,265
348,430
348,594
270,109
270,591
270,709
31,427
31,353
31,549
31,426
427,591
427,712
427,465
353,310
353,552
549,154
549,189
549,627
426,510
426,716
713,33
713,269
713,466
230,108
230,349
230,312
269,68
269,188
33,712
33,36
33,232
712,147
712,468
36,385
36,717
36,306
232,152
232,668
34,634
34,507
34,38
34,70
634,305
634,596
634,635
507,70
507,236
507,271
35,429
35,633
35,346
35,674
429,347
429,586
633,304
633,347
633,349
346,149
346,266
346,630
674,190
674,265
674,594
385,76
385,467
385,508
717,340
717,715
717,718
306,148
306,229
306,554
342,76
342,299
342,679
301,679
301,635
301,339
38,718
38,425
38,115
718,302
718,384
425,344
425,349
425,424
39,76
39,338
39,378
39,339
76,345
338,297
338,381
378,377
378,419
339,340
339,383
79,78
79,80
79,116
81,80
81,82
81,122
42,78
42,83
82,83
82,123
78,77
78,119
83,84
83,124
84,85
84,125
85,86
85,126
46,47
46,88
86,87
86,127
47,49
47,291
47,531
88,87
88,89
88,250
49,48
49,90
291,172
291,212
291,292
531,369
531,651
531,533
48,412
48,449
412,250
412,411
412,413
449,253
449,448
449,490
90,91
90,367
51,52
51,250
91,92
91,206
52,53
52,568
52,611
250,368
53,94
53,612
568,292
568,447
568,645
611,247
611,490
611,572
94,93
94,95
94,135
612,209
612,613
612,653
95,96
95,171
96,97
96,176
97,98
97,140
98,99
98,141
99,100
99,482
100,101
100,518
101,102
101,142
102,103
102,143
65,67
65,517
65,666
479,137
479,482
479,519
104,103
104,556
518,517
518,556
396,437
396,554
396,623
515,513
515,514
67,71
67,666
67,631
517,477
517,478
666,350
352,228
352,626
71,72
71,630
71,150
631,145
631,308
631,391
68,147
68,388
68,431
147,228
147,388
388,387
388,714
431,106
431,468
69,548
69,231
69,471
69,708
548,154
548,472
548,586
231,152
231,585
231,354
471,151
471,191
708,227
708,274
708,707
70,588
70,111
588,191
588,312
588,355
111,110
111,113
111,468
72,74
72,591
630,107
630,714
150,73
150,589
150,392
74,75
74,268
74,386
591,110
73,675
73,590
73,629
675,224
675,302
675,711
590,389
590,510
590,706
629,149
629,711
75,423
75,112
75,504
268,632
268,311
268,351
386,77
386,347
386,592
423,381
423,382
423,422
112,113
112,470
112,587
504,195
504,545
504,506
345,226
345,341
345,344
77,503
503,118
503,543
503,583
119,80
119,118
119,120
80,121
116,157
116,196
116,384
121,120
121,122
121,162
122,123
122,163
123,124
123,164
124,125
124,165
125,126
125,166
126,127
126,167
87,129
87,610
127,128
127,448
129,92
129,128
129,130
610,329
89,130
89,248
89,691
130,131
130,445
248,247
248,371
691,650
691,690
367,290
367,366
367,368
92,93
92,529
206,165
206,205
206,207
93,134
93,247
529,451
529,488
529,649
134,133
134,171
134,175
247,246
135,139
135,176
135,526
171,131
171,411
176,217
176,254
140,139
140,141
140,516
141,142
141,480
482,177
482,437
142,143
142,184
103,107
103,474
143,145
143,557
107,110
107,469
474,470
474,473
474,476
556,185
556,597
148,349
592,109
592,188
106,144
106,513
106,516
144,222
144,433
513,706
513,595
516,223
469,308
469,467
469,470
108,229
108,510
229,428
510,430
109,435
109,351
435,391
351,354
113,114
113,466
468,114
587,393
587,626
114,115
466,465
466,467
115,194
115,193
194,274
194,624
157,156
157,158
157,198
196,155
196,237
196,463
384,711
384,673
117,118
117,158
117,382
117,543
118,159
158,159
158,199
382,341
543,502
543,584
159,120
159,160
120,161
161,160
161,162
161,202
162,163
162,203
163,164
163,204
164,165
164,205
165,166
166,167
166,207
167,168
167,413
128,573
448,447
448,450
573,572
573,574
573,614
131,132
131,605
445,404
445,444
445,446
132,133
132,326
132,490
605,258
605,563
605,603
133,172
133,328
326,285
326,325
326,327
490,491
172,488
172,647
328,287
328,327
328,329
175,214
175,215
175,603
139,180
139,179
526,136
526,292
526,646
136,137
136,177
136,480
137,138
137,481
177,218
177,604
480,138
480,484
138,558
138,521
481,557
481,523
481,213
558,178
558,519
558,437
521,178
521,560
521,599
180,519
180,561
180,181
179,220
179,183
179,559
184,223
184,181
145,225
557,185
557,555
222,221
222,260
222,225
433,189
433,354
433,705
225,186
225,710
311,234
311,671
228,226
228,312
149,354
149,672
672,192
672,307
589,192
589,272
589,307
392,514
392,625
392,626
151,467
151,309
151,389
309,272
309,393
309,671
389,227
389,673
152,551
152,189
551,273
551,595
551,554
189,226
153,154
153,710
153,544
153,545
154,155
710,310
710,473
544,463
544,508
544,542
545,546
545,668
155,156
155,234
156,197
156,540
234,233
234,273
197,198
197,238
197,462
540,499
540,539
540,581
198,199
198,239
199,160
199,200
160,201
201,200
201,202
201,242
202,203
202,243
203,204
203,244
204,205
204,245
205,246
207,368
168,327
168,372
168,489
413,414
327,286
372,371
372,373
372,650
489,169
489,488
489,491
169,528
169,530
169,173
528,253
528,608
528,570
530,173
530,649
173,523
173,294
290,331
290,572
411,370
411,410
488,487
647,211
647,525
647,646
523,254
523,522
294,210
294,642
294,213
174,255
174,606
174,527
255,335
255,524
255,258
606,603
606,690
527,256
527,522
527,562
214,293
214,483
214,409
215,212
215,216
215,296
603,297
217,216
217,218
217,258
254,335
218,219
218,259
604,336
604,524
604,645
178,216
178,520
216,213
520,559
520,522
520,598
220,219
220,221
220,563
183,182
183,597
183,598
559,182
559,562
519,181
561,298
561,601
561,565
182,221
182,560
221,600
560,219
560,257
597,638
597,678
598,264
598,565
223,261
223,262
185,632
632,555
632,636
186,350
186,671
186,224
350,271
350,514
671,628
224,303
224,635
188,227
226,635
190,594
190,673
190,506
594,263
673,599
506,585
506,627
191,552
191,307
552,428
552,555
307,676
192,390
192,628
390,387
390,394
628,272
628,391
193,195
193,235
274,273
274,275
624,705
624,505
195,582
195,355
582,237
582,505
237,278
237,583
463,422
463,464
238,239
238,279
238,501
462,421
462,461
462,541
239,200
239,240
200,241
241,240
241,242
241,282
242,243
242,283
243,244
243,284
244,245
244,285
245,246
245,286
246,287
368,369
209,211
209,447
492,491
492,493
492,685
211,212
211,524
447,446
210,608
210,213
210,296
608,609
212,565
524,483
565,569
293,336
293,487
293,525
483,440
483,442
409,408
409,410
409,491
296,298
258,299
219,256
259,300
259,298
259,644
256,567
563,298
563,564
600,641
600,677
600,599
260,602
260,639
260,562
261,637
261,636
261,262
303,341
303,305
303,264
312,315
428,308
428,464
585,233
585,236
668,275
668,393
233,550
550,387
550,709
235,623
235,583
235,627
623,583
623,584
236,542
542,276
542,501
278,277
278,279
278,319
279,240
279,280
501,460
501,500
240,281
281,280
281,282
281,322
282,283
282,323
283,284
283,324
284,285
284,325
285,286
286,287
287,288
371,369
371,370
332,331
332,333
332,570
613,614
613,654
333,334
333,335
408,407
408,450
288,651
486,370
486,485
486,487
567,564
253,336
253,649
336,644
649,643
335,646
257,295
257,566
257,300
295,566
295,644
295,642
566,485
566,525
300,341
300,602
299,679
299,602
602,640
639,263
639,302
639,640
562,564
637,265
637,343
637,596
636,266
636,676
262,304
262,678
304,266
304,267
678,343
263,265
263,677
677,595
677,596
264,638
264,267
638,640
638,641
266,715
715,714
267,709
267,305
709,394
271,391
271,465
465,464
272,315
315,395
275,276
276,277
276,584
277,318
277,541
318,317
318,319
318,359
541,500
541,502
319,280
319,320
280,321
321,320
321,322
321,362
322,323
322,363
323,324
323,364
324,325
324,365
325,366
651,650
330,329
330,331
330,609
331,687
292,334
334,685
487,446
525,484
642,601
297,601
601,645
679,716
302,340
340,641
305,716
716,424
554,596
676,343
676,714
308,595
310,586
310,387
586,626
706,625
395,394
395,665
395,663
622,317
622,581
622,621
317,358
317,700
358,359
358,399
358,662
700,662
359,320
359,360
320,361
361,360
361,362
361,402
362,363
362,403
363,364
363,404
364,365
364,405
365,366
365,406
366,407
329,370
609,650
609,688
687,570
687,686
687,688
685,686
646,450
381,422
381,383
344,424
344,383
383,505
430,472
430,707
514,707
625,546
663,659
663,437
398,399
398,439
398,662
621,580
621,620
399,360
399,400
662,661
360,401
401,400
401,402
401,442
402,403
402,443
403,404
403,444
404,405
405,406
405,446
406,407
406,484
407,485
369,410
410,451
373,374
373,376
373,414
374,375
374,415
374,453
376,375
376,377
376,417
414,415
414,455
375,416
375,688
415,416
415,456
453,494
416,417
416,457
377,418
417,418
417,458
418,419
418,459
419,420
419,460
420,421
420,461
421,422
711,546
508,505
477,476
477,478
439,400
439,438
439,440
400,441
441,440
441,442
441,478
442,443
443,444
443,484
444,485
450,451
455,456
455,496
456,457
456,497
457,458
457,498
458,459
458,499
459,460
459,500
460,461
461,502
464,546
472,473
472,555
438,478
440,476
493,494
493,534
494,495
494,535
495,496
495,536
496,497
496,537
497,498
497,538
498,499
498,539
499,500
502,539
534,533
534,535
534,575
535,536
535,576
536,537
536,577
537,538
537,578
538,579
538,581
539,580
522,564
599,643
533,574
574,575
574,615
575,576
575,616
576,577
576,617
577,578
577,618
578,579
578,619
579,580
579,620
581,580
645,569
569,643
569,648
614,615
614,655
615,616
615,656
616,617
616,657
617,618
617,658
618,619
618,659
619,620
619,660
620,661
690,686
653,654
654,655
655,656
656,657
657,658
658,659
659,660
660,661
643,648
