0,41
0,719
0,718
0,36
41,40
41,42
41,82
719,378
719,642
719,678
718,261
718,298
718,302
1,40
1,337
1,379
1,380
40,79
40,81
337,380
337,644
337,683
379,77
379,338
379,420
380,421
380,424
2,43
2,681
2,682
2,683
43,42
43,44
43,84
681,377
681,640
681,642
682,3
682,297
682,641
683,254
683,299
3,4
3,44
3,684
4,5
4,45
4,454
44,45
44,85
684,5
684,256
684,685
5,6
5,7
45,46
45,86
454,453
454,455
454,495
6,7
6,251
6,252
7,8
7,249
251,333
251,408
251,530
252,288
252,486
252,567
8,9
8,289
8,452
249,248
249,332
249,613
9,10
9,50
9,571
289,51
289,288
289,330
452,451
452,453
452,493
10,11
10,652
10,689
50,49
50,51
50,91
571,567
571,570
571,572
11,12
11,170
11,607
652,610
652,651
652,653
689,686
689,688
689,690
12,13
12,208
12,532
170,46
170,48
170,290
607,606
607,608
607,649
13,14
13,54
13,692
208,207
208,209
208,492
532,128
532,413
532,533
14,15
14,55
14,693
54,53
54,55
54,95
692,90
692,691
692,693
15,16
15,56
15,694
55,56
55,96
693,610
693,694
16,17
16,57
16,695
56,57
56,97
694,653
694,695
17,18
17,58
17,696
57,58
57,98
695,654
695,696
18,19
18,59
18,697
58,59
58,99
696,655
696,697
19,20
19,60
19,698
59,60
59,100
697,656
697,698
20,21
20,61
20,699
60,61
60,101
698,657
698,699
21,22
21,357
21,396
61,62
61,102
699,658
699,700
22,63
22,356
22,701
357,316
357,398
357,621
396,664
396,703
396,397
63,104
63,513
63,703
356,314
356,625
356,624
701,438
701,660
701,700
23,62
23,475
23,702
23,437
62,65
62,479
475,148
475,476
475,516
702,26
702,397
702,661
437,395
437,481
437,663
24,64
24,316
24,436
24,355
64,65
64,432
64,397
316,584
316,622
436,144
436,435
436,438
355,68
355,311
355,395
25,311
25,315
25,665
25,111
311,146
311,188
315,704
315,626
315,663
665,435
665,588
665,667
26,591
26,513
26,510
591,32
591,589
591,633
513,712
513,631
510,228
510,353
510,549
27,548
27,431
27,703
27,708
548,154
548,275
548,472
431,434
431,468
431,630
703,666
708,149
708,152
708,705
28,31
28,227
28,226
28,626
31,190
31,709
31,35
227,73
227,310
227,676
226,222
226,224
226,556
626,547
626,585
29,147
29,630
29,511
29,69
147,106
147,512
147,707
630,393
630,554
511,68
511,394
511,553
69,429
69,633
69,271
30,550
30,551
30,229
30,269
550,109
550,188
550,313
551,185
551,273
551,595
229,313
229,674
229,514
269,266
269,633
269,235
190,509
190,668
190,385
709,151
709,230
709,546
35,153
35,343
35,72
32,345
32,713
32,426
345,304
345,425
345,714
713,228
713,589
713,677
426,194
426,504
426,427
33,187
33,507
33,425
33,676
187,350
187,189
187,347
507,34
507,110
507,712
425,349
425,505
676,596
676,637
34,149
34,307
34,427
149,348
149,628
307,192
307,266
307,711
427,673
427,506
153,154
153,710
153,384
343,340
343,385
343,680
72,71
72,74
72,116
36,115
36,714
36,341
115,114
115,194
115,463
714,38
714,384
341,300
341,382
341,383
37,303
37,716
37,301
37,383
303,222
303,261
303,675
716,73
716,678
716,717
301,259
301,262
301,679
383,381
383,387
38,715
38,424
38,384
715,342
715,424
715,677
424,347
384,76
39,76
39,338
39,378
39,75
76,342
76,385
338,297
338,381
378,377
378,419
75,74
75,423
75,306
79,78
79,80
79,116
81,80
81,82
81,122
42,78
42,83
82,83
82,123
78,77
78,119
83,84
83,124
84,85
84,125
85,86
85,126
46,47
46,88
86,87
86,127
47,49
47,291
47,531
88,87
88,89
88,250
49,48
49,90
291,172
291,292
291,527
531,528
531,651
531,649
48,412
48,449
412,250
412,411
412,413
449,448
449,490
449,530
90,91
90,367
51,52
51,250
91,92
91,206
52,53
52,568
52,611
250,368
53,94
53,612
568,292
568,447
568,645
611,489
611,572
611,569
94,93
94,95
94,135
612,209
612,613
612,653
95,96
95,171
96,97
96,176
97,98
97,140
98,99
98,141
99,100
99,482
100,101
100,518
101,102
101,142
102,103
102,143
65,67
65,148
479,137
479,482
479,519
104,103
104,105
104,556
432,233
432,313
432,588
397,477
67,71
67,667
67,509
148,105
148,349
66,430
66,471
66,473
66,309
430,189
430,466
430,706
471,388
471,712
471,594
473,354
473,472
473,474
309,350
309,385
309,627
71,469
71,629
667,352
667,389
509,588
509,707
68,547
68,705
547,150
547,549
429,272
429,673
429,545
633,387
271,391
271,465
271,312
70,712
70,472
70,628
70,272
472,231
628,234
628,624
272,273
272,671
469,107
469,467
469,470
629,151
629,192
629,671
74,268
74,467
116,157
116,196
73,672
73,671
672,346
672,670
672,671
268,267
268,592
268,632
467,348
467,466
423,381
423,382
423,422
306,225
306,386
306,344
342,299
342,346
77,386
77,503
386,592
386,674
503,118
503,543
503,583
119,80
119,118
119,120
80,121
121,120
121,122
121,162
122,123
122,163
123,124
123,164
124,125
124,165
125,126
125,166
126,127
126,167
87,129
87,610
127,128
127,448
129,92
129,128
129,130
610,329
89,130
89,248
89,691
130,131
130,445
248,247
248,371
691,650
691,690
367,290
367,366
367,368
92,93
92,529
206,165
206,205
206,207
93,134
93,247
529,174
529,451
529,488
134,133
134,171
134,175
247,246
247,491
135,139
135,176
135,526
171,131
171,411
176,217
176,254
140,139
140,141
140,174
141,142
141,480
482,177
482,518
518,517
518,556
142,143
142,184
103,107
103,474
143,145
143,519
107,110
107,627
474,470
474,476
105,592
105,145
556,597
592,109
145,146
145,631
106,595
106,184
106,670
595,305
595,308
184,636
184,224
670,150
670,350
110,111
110,146
627,433
627,588
108,392
108,312
108,232
108,270
392,233
392,388
392,590
312,193
312,546
232,512
232,391
232,234
270,553
270,387
270,508
109,593
109,666
593,151
593,348
593,515
666,353
666,390
111,113
111,186
146,590
113,112
113,114
113,466
112,470
112,267
112,468
470,554
267,594
267,635
468,114
468,674
114,505
466,465
505,506
505,508
194,624
194,189
463,196
463,422
463,464
157,156
157,158
157,198
196,155
196,237
117,118
117,158
117,382
117,543
118,159
158,159
158,199
382,680
543,502
543,584
159,120
159,160
120,161
161,160
161,162
161,202
162,163
162,203
163,164
163,204
164,165
164,205
165,166
166,167
166,207
167,168
167,413
128,573
448,447
448,450
573,572
573,574
573,614
131,132
131,210
445,404
445,444
445,446
132,133
132,326
132,490
210,294
210,211
210,253
133,172
133,328
326,285
326,325
326,327
490,491
490,569
172,488
172,647
328,287
328,327
328,329
175,214
175,215
175,603
139,138
139,180
526,136
526,292
526,646
136,137
136,177
136,480
137,138
137,179
177,218
177,604
480,138
480,484
138,558
179,180
179,481
179,557
558,224
558,481
558,517
180,519
180,561
519,144
144,186
144,182
186,390
186,305
182,221
182,560
182,557
631,231
631,308
590,188
590,193
512,192
512,516
707,388
707,433
349,388
349,552
348,191
150,706
150,191
706,354
706,664
191,710
191,354
151,389
389,310
389,587
152,192
152,350
152,465
465,464
154,155
154,504
710,193
710,225
155,156
155,586
504,237
504,544
156,197
156,540
586,274
586,353
586,582
197,198
197,238
197,462
540,499
540,539
540,581
198,199
198,239
199,160
199,200
160,201
201,200
201,202
201,242
202,203
202,243
203,204
203,244
204,205
204,245
205,246
207,368
168,327
168,372
168,489
413,414
327,286
372,371
372,373
372,650
489,488
489,648
169,173
169,533
169,174
169,213
173,605
173,523
173,213
533,534
533,574
290,254
290,331
411,370
411,410
488,487
647,256
647,525
647,646
605,298
605,569
605,599
523,521
523,602
523,520
213,569
213,178
174,178
178,564
178,181
214,293
214,602
214,522
215,212
215,216
215,296
603,297
603,563
603,606
217,216
217,218
217,258
254,335
218,219
218,259
604,336
604,524
604,645
564,524
564,563
564,567
481,522
557,596
557,559
561,560
561,601
561,600
181,520
181,260
181,302
520,522
520,521
221,220
221,222
221,600
560,219
560,257
183,597
183,185
183,634
183,514
597,638
597,678
185,632
185,265
634,228
634,554
634,678
514,393
514,515
636,264
636,344
636,674
224,261
632,231
632,555
265,263
265,347
265,635
390,352
390,387
305,225
305,673
189,351
347,308
188,346
346,677
351,669
351,393
351,236
668,352
668,353
668,711
354,589
193,544
544,623
544,582
624,393
195,585
195,623
195,235
195,236
585,236
585,542
623,545
623,584
237,278
237,583
238,239
238,279
238,501
462,421
462,461
462,541
239,200
239,240
200,241
241,240
241,242
241,282
242,243
242,283
243,244
243,284
244,245
244,285
245,246
245,286
246,287
368,369
209,211
209,447
492,491
492,493
492,685
211,212
211,528
447,446
294,648
294,295
294,336
253,212
253,608
253,409
212,570
528,645
528,649
570,332
570,687
293,336
293,487
293,525
602,562
602,640
522,527
216,255
216,483
296,257
296,680
296,646
255,335
255,524
255,642
483,440
483,442
483,524
258,299
258,599
258,640
219,220
219,256
259,300
259,298
220,563
220,639
256,567
563,565
639,264
639,596
639,643
222,559
600,641
600,644
559,223
559,521
223,515
223,553
223,598
515,516
553,555
598,562
598,599
598,637
261,300
225,675
675,266
675,638
310,711
310,314
228,549
549,669
313,352
230,589
230,274
230,669
274,273
274,275
669,428
231,552
552,428
552,555
391,435
391,711
234,506
234,583
233,625
233,545
625,546
625,587
545,582
506,508
583,663
235,582
235,236
278,277
278,279
278,319
279,240
279,280
501,460
501,500
501,542
240,281
281,280
281,282
281,322
282,283
282,323
283,284
283,324
284,285
284,325
285,286
286,287
287,288
491,409
371,369
371,370
332,331
332,333
613,614
613,654
333,334
333,335
408,407
408,409
408,450
530,527
530,565
288,651
486,370
486,485
486,487
608,609
608,645
409,410
335,646
642,601
257,295
257,566
295,566
295,644
566,485
566,525
299,339
599,521
640,638
300,264
298,680
260,641
260,302
260,304
641,638
262,717
262,635
262,601
717,264
717,637
635,679
601,297
263,679
263,344
263,594
679,344
594,516
266,555
508,273
275,276
275,542
276,277
276,542
276,584
277,318
277,541
318,317
318,319
318,359
541,500
541,502
319,280
319,320
280,321
321,320
321,322
321,362
322,323
322,363
323,324
323,364
324,325
324,365
325,366
651,650
330,329
330,331
330,609
331,687
292,334
527,562
334,685
334,643
336,644
487,446
525,484
648,450
648,649
339,643
339,304
339,340
302,637
304,340
673,554
308,428
428,464
314,587
314,664
546,464
587,433
664,704
704,394
704,434
663,659
622,317
622,581
622,621
317,358
317,700
358,359
358,399
358,662
700,662
359,320
359,360
320,361
361,360
361,362
361,402
362,363
362,403
363,364
363,404
364,365
364,405
365,366
365,406
366,407
329,370
609,650
609,688
687,686
687,688
685,686
643,340
381,422
677,596
395,433
395,394
398,399
398,439
398,662
621,580
621,620
399,360
399,400
662,661
360,401
401,400
401,402
401,442
402,403
402,443
403,404
403,444
404,405
405,406
405,446
406,407
406,484
407,485
369,410
369,572
410,451
373,374
373,376
373,414
374,375
374,415
374,453
376,375
376,377
376,417
414,415
414,455
375,416
375,688
415,416
415,456
453,494
416,417
416,457
377,418
417,418
417,458
418,419
418,459
419,420
419,460
420,421
420,461
421,422
435,434
394,434
477,476
477,478
477,517
439,400
439,438
439,440
400,441
441,440
441,442
441,478
442,443
443,444
443,484
444,485
450,451
455,456
455,496
456,457
456,497
457,458
457,498
458,459
458,499
459,460
459,500
460,461
461,502
438,478
478,517
440,476
493,494
493,534
494,495
494,535
495,496
495,536
496,497
496,537
497,498
497,538
498,499
498,539
499,500
502,539
534,535
534,575
535,536
535,576
536,537
536,577
537,538
537,578
538,579
538,581
539,580
574,575
574,615
575,576
575,616
576,577
576,617
577,578
577,618
578,579
578,619
579,580
579,620
581,580
562,565
565,606
606,690
614,615
614,655
615,616
615,656
616,617
616,657
617,618
617,658
618,619
618,659
619,620
619,660
620,661
690,686
653,654
654,655
655,656
656,657
657,658
658,659
659,660
660,661
