0,41
0,719
0,36
0,38
41,40
41,42
41,82
719,339
719,378
719,678
1,39
1,40
1,337
1,718
39,76
39,338
39,378
40,79
40,81
337,380
337,644
337,683
718,38
718,384
718,716
2,43
2,681
2,682
2,683
43,42
43,44
43,84
681,377
681,640
681,642
682,3
682,297
682,641
683,254
683,294
3,4
3,44
3,684
4,5
4,45
4,454
44,45
44,85
684,5
684,256
684,685
5,6
5,7
45,46
45,86
454,453
454,455
454,495
6,7
6,251
6,252
7,8
7,249
251,173
251,333
251,408
252,288
252,486
252,567
8,9
8,289
8,452
249,248
249,332
249,613
9,10
9,50
9,571
289,51
289,288
289,330
452,451
452,453
452,493
10,11
10,652
10,689
50,49
50,51
50,91
571,567
571,570
571,572
11,12
11,170
11,607
652,610
652,651
652,653
689,686
689,688
689,690
12,13
12,208
12,532
170,46
170,48
170,290
607,605
607,606
607,608
13,14
13,54
13,692
208,207
208,209
208,492
532,413
532,531
532,533
14,15
14,55
14,693
54,53
54,55
54,95
692,90
692,691
692,693
15,16
15,56
15,694
55,56
55,96
693,610
693,694
16,17
16,57
16,695
56,57
56,97
694,653
694,695
17,18
17,58
17,696
57,58
57,98
695,654
695,696
18,19
18,59
18,697
58,59
58,99
696,655
696,697
19,20
19,60
19,698
59,60
59,100
697,656
697,698
20,21
20,61
20,699
60,61
60,101
698,657
698,699
21,22
21,357
21,703
61,62
61,102
699,658
699,700
22,63
22,701
22,703
357,316
357,398
357,621
703,25
703,275
63,62
63,64
63,104
701,438
701,660
701,700
23,62
23,64
23,702
23,356
62,99
64,65
64,515
702,24
702,397
702,661
356,314
356,315
356,626
24,316
24,436
24,706
316,584
316,622
436,144
436,435
436,438
706,312
706,315
706,393
25,106
25,437
25,393
106,143
106,437
106,396
437,355
437,396
393,26
393,511
26,704
26,625
26,29
704,396
704,707
704,663
625,29
625,195
625,390
27,269
27,475
27,310
27,667
269,267
269,268
269,633
475,28
475,148
475,476
310,33
310,227
310,231
667,152
667,470
667,624
28,587
28,628
28,547
587,109
587,189
587,355
628,32
628,188
628,511
547,189
547,309
547,586
29,147
29,227
147,596
147,348
147,184
227,186
227,630
30,633
30,674
30,707
30,313
633,222
633,225
674,223
674,430
674,512
707,233
707,352
313,708
313,666
313,350
31,194
31,588
31,111
31,33
194,115
194,274
194,624
588,195
588,506
588,631
111,109
111,110
111,113
33,350
33,429
32,70
32,229
32,115
70,629
70,347
70,309
229,189
229,349
229,387
115,114
115,385
350,354
350,672
429,73
429,267
429,631
34,426
34,717
34,304
34,630
426,711
426,430
426,236
717,75
717,380
717,385
304,266
304,346
304,715
630,225
630,670
35,386
35,388
35,467
35,387
386,77
386,592
386,465
388,108
388,348
388,594
467,109
467,466
467,469
387,68
387,73
36,38
36,343
36,69
38,302
343,301
343,636
343,339
37,677
37,675
37,340
37,680
677,299
677,595
677,635
675,71
675,185
675,679
340,344
340,341
340,298
680,296
680,379
680,382
302,344
302,715
302,634
76,384
76,383
76,463
338,297
338,379
338,381
378,377
378,419
79,78
79,80
79,116
81,80
81,82
81,122
42,78
42,83
82,83
82,123
78,77
78,119
83,84
83,124
84,85
84,125
85,86
85,126
46,47
46,88
86,87
86,127
47,49
47,291
47,531
88,87
88,89
88,250
49,48
49,90
291,172
291,292
291,649
531,490
531,651
48,412
48,449
412,250
412,411
412,413
449,448
449,450
449,490
90,91
90,367
51,52
51,250
91,92
91,206
52,53
52,568
52,611
250,128
53,94
53,612
568,292
568,447
568,645
611,211
611,572
611,649
94,93
94,95
94,135
612,209
612,613
612,653
95,96
95,171
96,97
96,176
97,98
97,140
98,99
98,141
99,100
100,101
100,518
101,102
101,142
102,103
102,143
104,103
104,105
104,556
65,66
65,515
65,666
515,144
515,186
66,67
66,589
66,352
666,150
666,193
67,71
67,627
67,510
589,432
589,545
589,586
352,309
352,546
71,72
71,712
627,149
627,231
627,665
510,190
510,311
510,353
68,554
68,389
68,193
554,183
554,266
554,552
389,74
389,226
389,549
193,308
193,233
69,668
69,471
69,230
668,231
668,314
668,629
471,108
471,354
471,711
230,234
230,392
230,669
629,192
629,592
347,148
347,264
347,267
309,190
72,74
72,188
72,232
712,114
712,266
712,634
74,75
74,268
188,187
188,234
232,512
232,315
232,431
73,150
73,430
150,392
150,593
430,149
75,423
75,424
268,632
268,553
423,382
423,383
423,422
424,380
424,236
424,504
384,425
384,427
383,303
383,715
463,196
463,422
463,464
77,379
77,503
379,420
503,543
503,583
503,507
119,80
119,118
119,120
80,121
116,157
116,196
116,234
121,120
121,122
121,162
122,123
122,163
123,124
123,164
124,125
124,165
125,126
125,166
126,127
126,167
87,129
87,610
127,128
127,448
129,92
129,128
129,130
610,329
89,130
89,248
89,691
130,131
130,445
248,247
248,371
691,650
691,690
367,290
367,366
367,368
92,93
92,529
206,165
206,205
206,207
93,134
93,247
529,451
529,488
529,570
134,133
134,171
134,175
247,246
247,169
135,139
135,176
135,526
171,131
171,411
176,217
176,254
140,139
140,141
140,558
141,142
141,480
518,138
518,517
518,556
142,143
142,184
103,474
103,107
143,145
474,470
474,473
474,476
107,469
107,110
107,551
105,109
105,148
105,592
556,223
556,597
148,349
592,590
396,353
469,307
469,470
110,146
110,191
551,273
551,306
551,595
108,190
108,511
190,271
511,591
146,145
146,709
146,149
191,349
191,311
191,673
113,112
113,114
113,466
112,470
112,468
112,708
468,114
468,306
468,431
708,234
708,394
466,270
466,465
385,342
385,381
157,156
157,158
157,198
196,155
196,237
117,118
117,158
117,382
117,543
118,159
118,155
158,159
158,199
382,341
543,502
543,584
159,120
159,160
155,154
155,156
120,161
161,160
161,162
161,202
162,163
162,203
163,164
163,204
164,165
164,205
165,166
166,167
166,207
167,168
167,413
128,573
448,447
448,450
573,572
573,574
573,614
131,132
131,489
445,404
445,444
445,446
132,133
132,326
132,490
489,168
489,488
489,572
133,172
133,328
326,285
326,325
326,327
490,491
172,488
172,647
328,287
328,327
328,329
175,215
175,603
175,211
139,180
139,174
526,136
526,292
526,646
136,137
136,177
136,480
137,138
137,479
137,521
177,218
177,604
177,559
480,138
480,484
138,558
479,482
479,519
479,516
521,178
521,179
521,483
558,178
558,184
180,519
180,561
180,523
184,513
145,631
145,672
144,519
144,596
519,482
596,265
596,306
631,308
672,187
672,590
709,392
709,593
709,670
149,550
348,351
348,345
349,425
550,192
550,233
550,513
392,151
593,591
593,676
151,270
151,508
151,390
270,586
270,553
508,504
508,509
508,542
390,427
390,705
152,154
152,713
152,464
154,153
154,548
713,265
713,670
713,714
464,428
464,465
153,710
153,546
153,671
710,225
710,273
710,546
546,624
671,473
671,552
671,714
548,472
548,505
548,544
156,197
156,540
197,198
197,238
197,462
540,499
540,539
540,581
198,199
198,239
199,160
199,200
160,201
201,200
201,202
201,242
202,203
202,243
203,204
203,244
204,205
204,245
205,246
207,368
168,327
168,372
413,414
327,286
372,371
372,373
372,650
290,213
290,331
411,370
411,410
488,487
647,525
647,530
647,643
173,368
173,216
173,530
368,369
216,215
216,217
216,253
530,253
530,528
174,213
174,528
174,253
213,334
213,214
528,255
528,523
253,178
215,212
215,296
603,214
603,523
603,606
211,209
211,212
217,218
217,258
254,335
254,336
218,219
218,259
604,336
604,524
604,645
559,183
559,222
559,598
178,562
562,179
562,181
562,561
179,520
179,481
520,222
520,599
520,597
481,557
481,482
481,522
561,601
561,598
523,522
181,517
181,522
181,183
517,477
517,478
522,527
183,516
182,220
182,221
182,594
182,185
220,219
220,221
220,563
221,222
221,600
594,228
594,635
185,632
185,186
516,224
516,557
513,266
513,353
632,186
632,555
187,512
187,635
512,394
635,599
189,427
427,344
271,391
271,465
271,428
311,273
311,507
673,264
673,590
673,714
192,544
192,351
544,545
544,582
351,507
351,355
308,428
308,595
233,504
274,273
274,275
274,509
624,231
195,425
195,235
425,345
235,542
235,585
235,236
237,278
237,583
237,505
238,239
238,279
238,501
462,421
462,461
462,541
239,200
239,240
200,241
241,240
241,242
241,282
242,243
242,283
243,244
243,284
244,245
244,285
245,246
245,286
246,287
209,447
492,491
492,493
492,685
447,446
210,608
210,294
210,169
210,295
608,569
608,609
294,257
294,643
212,648
212,169
648,214
648,491
648,649
334,292
334,333
334,685
214,169
296,259
296,642
258,255
258,299
258,639
219,256
219,257
259,300
259,638
256,567
256,644
257,566
257,336
563,295
563,564
563,602
600,301
600,641
600,565
223,560
223,226
560,602
560,564
560,565
226,303
226,676
224,305
224,261
224,263
305,225
305,346
305,306
261,636
261,679
261,260
263,300
263,636
263,301
303,260
303,262
676,638
676,716
228,353
228,670
228,345
345,381
669,307
669,514
669,705
315,664
431,432
431,434
504,506
542,276
542,501
585,312
585,314
585,582
236,664
664,395
664,663
278,277
278,279
278,319
583,582
583,623
505,506
505,545
279,240
279,280
501,460
501,500
240,281
281,280
281,282
281,322
282,283
282,323
283,284
283,324
284,285
284,325
285,286
286,287
287,288
371,369
371,370
332,331
332,333
332,570
613,614
613,654
333,335
408,407
408,409
408,527
288,651
486,370
486,485
486,487
567,564
335,255
335,646
336,293
255,524
524,482
524,483
644,295
644,299
566,295
566,485
566,525
299,300
639,598
639,601
639,640
300,341
638,597
638,640
260,678
260,298
678,344
678,597
636,637
679,646
262,634
262,342
262,599
634,637
342,714
342,640
599,637
301,716
264,716
264,595
265,346
265,637
346,591
267,514
514,555
514,591
553,549
553,711
586,623
391,312
391,435
391,509
428,552
272,472
272,432
272,312
272,433
472,473
472,509
432,433
433,395
433,434
275,276
275,354
276,277
276,584
354,623
277,318
277,541
584,623
318,317
318,319
318,359
541,500
541,502
319,280
319,320
280,321
321,320
321,322
321,362
322,323
322,363
323,324
323,364
324,325
324,365
325,366
651,650
330,329
330,331
330,609
331,687
649,293
293,487
293,525
487,446
525,484
643,605
643,646
642,601
642,641
297,601
297,645
645,602
298,602
298,339
339,341
715,307
307,549
549,711
507,626
314,395
395,626
622,317
622,581
622,621
317,358
317,700
358,359
358,399
358,662
700,662
359,320
359,360
320,361
361,360
361,362
361,402
362,363
362,403
363,364
363,404
364,365
364,405
365,366
365,406
366,407
329,370
609,650
609,688
687,570
687,686
687,688
685,686
380,421
381,422
355,435
435,434
626,394
398,399
398,439
398,662
621,580
621,620
399,360
399,400
662,661
360,401
401,400
401,402
401,442
402,403
402,443
403,404
403,444
404,405
405,406
405,446
406,407
406,484
407,485
369,410
369,569
410,409
410,451
569,527
569,533
373,374
373,376
373,414
374,375
374,415
374,453
376,375
376,377
376,417
414,415
414,455
375,416
375,688
415,416
415,456
453,494
416,417
416,457
377,418
417,418
417,458
418,419
418,459
419,420
419,460
420,421
420,461
421,422
705,397
705,665
394,473
397,477
397,434
477,476
477,478
439,400
439,438
439,440
400,441
441,440
441,442
441,478
442,443
442,483
443,444
443,484
444,485
409,450
409,491
527,564
450,451
455,456
455,496
456,457
456,497
457,458
457,498
458,459
458,499
459,460
459,500
460,461
461,502
552,555
438,478
440,476
440,483
493,494
493,534
494,495
494,535
495,496
495,536
496,497
496,537
497,498
497,538
498,499
498,539
499,500
502,539
557,598
557,555
534,533
534,535
534,575
535,536
535,576
536,537
536,577
537,538
537,578
538,579
538,581
539,580
506,590
545,582
533,574
574,575
574,615
575,576
575,616
576,577
576,617
577,578
577,618
578,579
578,619
579,580
579,620
581,580
614,615
614,655
615,616
615,656
616,617
616,657
617,618
617,658
618,619
618,659
619,620
619,660
620,661
641,565
606,605
606,690
605,565
690,686
653,654
654,655
655,656
656,657
657,658
658,659
659,660
659,663
660,661
665,663
