0,41
0,719
0,717
0,716
41,40
41,42
41,82
719,378
719,678
719,718
717,679
717,714
717,636
716,304
716,343
716,680
1,39
1,40
1,337
1,381
39,76
39,338
39,378
40,79
40,81
337,380
337,644
337,683
381,338
381,422
381,715
2,43
2,681
2,682
2,683
43,42
43,44
43,84
681,377
681,640
681,642
682,3
682,297
682,641
683,254
683,602
3,4
3,44
3,684
4,5
4,45
4,454
44,45
44,85
684,5
684,256
684,685
5,6
5,7
45,46
45,86
454,453
454,455
454,495
6,7
6,251
6,252
7,8
7,249
251,333
251,408
251,608
252,288
252,486
252,567
8,9
8,289
8,452
249,248
249,332
249,613
9,10
9,50
9,571
289,51
289,288
289,330
452,451
452,453
452,493
10,11
10,652
10,689
50,49
50,51
50,91
571,567
571,570
571,572
11,12
11,170
11,607
652,610
652,651
652,653
689,686
689,688
689,690
12,13
12,208
12,532
170,46
170,48
170,290
607,530
607,606
607,608
13,14
13,54
13,692
208,207
208,209
208,492
532,413
532,533
532,530
14,15
14,55
14,693
54,53
54,55
54,95
692,90
692,691
692,693
15,16
15,56
15,694
55,56
55,96
693,610
693,694
16,17
16,57
16,695
56,57
56,97
694,653
694,695
17,18
17,58
17,696
57,58
57,98
695,654
695,696
18,19
18,59
18,697
58,59
58,99
696,655
696,697
19,20
19,60
19,698
59,60
59,100
697,656
697,698
20,21
20,61
20,699
60,61
60,101
698,657
698,699
21,22
21,357
21,703
61,62
61,102
699,658
699,700
22,63
22,701
22,25
357,316
357,398
357,621
703,27
703,275
703,623
63,62
63,64
63,104
701,438
701,660
701,700
23,62
23,64
23,702
23,704
62,394
64,65
64,396
702,24
702,397
702,661
704,26
704,274
704,705
24,316
24,436
24,397
316,584
316,622
436,144
436,435
436,438
397,477
397,705
25,475
25,356
25,150
475,148
475,476
475,515
356,355
356,666
356,625
26,311
26,437
26,315
311,108
311,665
311,513
437,106
437,481
437,558
315,623
315,392
315,309
27,270
27,230
27,589
270,31
270,228
270,427
230,29
230,551
230,587
589,227
589,392
589,550
28,188
28,229
28,314
28,708
188,224
188,266
188,272
229,226
229,305
229,426
314,235
314,271
314,624
708,106
708,272
708,354
29,547
29,355
29,307
547,193
547,195
547,466
355,65
355,705
307,70
307,269
307,344
30,632
30,427
30,669
30,554
632,185
632,268
632,555
427,72
427,588
669,189
669,513
669,588
554,143
554,630
554,594
31,352
31,508
31,187
352,153
352,390
352,509
508,70
508,506
508,666
187,149
187,510
187,556
32,510
32,75
32,709
32,350
510,193
510,310
75,74
75,423
75,715
709,514
709,588
709,666
350,313
350,593
350,586
33,345
33,114
33,303
33,593
345,268
345,308
345,343
114,113
114,115
114,468
303,223
303,267
303,342
593,150
593,151
34,633
34,670
34,675
34,267
633,108
633,186
633,346
670,109
670,551
670,626
675,37
675,264
675,342
267,671
267,385
35,715
35,713
35,37
35,38
715,678
713,385
713,387
713,629
36,341
36,712
36,116
36,346
341,300
341,382
341,718
712,74
712,153
712,305
116,79
116,157
116,196
346,349
346,426
37,464
37,76
464,428
464,463
464,465
76,384
76,504
38,380
38,384
38,261
380,421
380,424
384,71
384,711
338,297
338,379
378,377
378,419
79,78
79,80
81,80
81,82
81,122
42,78
42,83
82,83
82,123
78,77
78,119
83,84
83,124
84,85
84,125
85,86
85,126
46,47
46,88
86,87
86,127
47,49
47,291
47,531
88,87
88,89
88,250
49,48
49,90
291,172
291,292
291,531
531,651
531,611
48,412
48,449
412,250
412,411
412,413
449,448
449,490
449,605
90,91
90,367
51,52
51,250
91,92
91,206
52,53
52,568
52,611
250,131
53,94
53,612
568,292
568,447
568,645
611,210
611,572
94,93
94,95
94,135
612,209
612,613
612,653
95,96
95,171
96,97
96,176
97,98
97,140
98,99
98,141
99,100
99,481
100,101
100,518
101,102
101,142
102,103
102,143
394,146
394,273
394,511
104,103
104,105
104,556
65,66
65,147
396,664
396,434
396,706
66,67
66,667
66,227
147,429
147,710
147,186
67,71
67,231
67,232
667,231
667,275
667,630
227,226
227,271
71,72
71,392
231,70
231,429
232,467
232,588
232,630
68,672
68,313
68,354
68,309
672,265
672,272
672,671
313,629
313,471
354,390
354,587
309,236
309,312
69,312
69,353
69,673
69,149
312,706
312,236
353,192
353,512
353,626
673,265
673,347
673,596
149,431
149,472
70,430
430,190
430,390
430,552
72,74
72,627
392,473
74,268
627,467
627,625
627,668
73,549
73,507
73,550
73,628
549,233
549,351
549,393
507,109
507,190
507,671
550,509
550,514
628,351
628,388
628,629
268,714
423,343
423,382
423,422
504,118
504,152
504,234
77,379
77,386
77,503
379,420
379,340
386,592
386,389
386,424
503,425
503,543
503,583
119,80
119,118
119,120
80,121
121,120
121,122
121,162
122,123
122,163
123,124
123,164
124,125
124,165
125,126
125,166
126,127
126,167
87,129
87,610
127,128
127,448
129,92
129,128
129,130
610,329
89,130
89,248
89,691
130,131
130,445
248,247
248,371
691,650
691,690
367,290
367,366
367,368
92,93
92,529
206,165
206,205
206,207
93,134
93,247
529,451
529,488
529,605
134,133
134,171
134,175
247,246
247,210
135,139
135,176
135,526
171,131
171,411
176,217
176,254
140,139
140,141
140,519
141,142
141,480
481,179
481,520
518,479
518,517
518,556
142,143
142,184
103,107
103,474
143,145
107,110
107,469
107,511
474,470
474,473
474,476
105,148
105,592
105,707
556,597
148,349
148,512
592,191
592,671
707,152
707,432
707,664
106,189
106,395
189,590
189,548
395,666
395,665
395,663
110,111
110,146
110,310
469,112
469,467
469,470
511,108
511,634
108,711
711,553
711,714
109,225
109,513
225,710
225,591
225,638
513,516
111,113
111,233
111,190
146,145
146,514
310,233
310,393
113,112
113,466
233,237
190,429
112,470
112,191
470,434
191,115
191,151
466,465
466,467
115,194
115,463
468,348
468,431
468,591
194,274
194,624
194,425
463,196
463,422
157,156
157,158
157,198
196,155
196,237
117,118
117,158
117,382
117,543
118,159
158,159
158,199
382,680
543,502
543,584
159,120
159,160
120,161
161,160
161,162
161,202
162,163
162,203
163,164
163,204
164,165
164,205
165,166
166,167
166,207
167,168
167,413
128,573
128,648
448,447
448,450
573,572
573,574
573,614
648,174
648,649
131,132
445,404
445,444
445,446
132,133
132,326
132,490
133,172
133,328
326,285
326,325
326,327
490,491
490,528
172,488
172,647
328,287
328,327
328,329
175,215
175,603
175,528
139,180
139,181
526,136
526,292
526,646
136,137
136,177
136,480
137,138
137,479
137,178
177,218
177,604
177,482
480,138
480,484
138,558
138,173
479,482
479,519
178,564
178,179
178,181
558,144
558,516
180,519
180,561
180,183
181,144
181,182
519,179
184,183
184,596
184,517
145,631
145,183
144,512
512,273
631,308
631,433
631,594
183,637
514,634
429,674
710,153
710,635
186,266
186,306
349,150
349,425
431,391
431,434
472,473
472,548
472,516
150,668
668,433
668,545
151,192
151,425
192,351
192,347
152,388
152,625
388,594
388,505
625,236
153,154
154,155
154,548
154,506
155,156
155,546
548,272
506,235
506,629
156,197
156,540
546,586
546,544
546,582
197,198
197,238
197,462
540,499
540,539
540,581
198,199
198,239
199,160
199,200
160,201
201,200
201,202
201,242
202,203
202,243
203,204
203,244
204,205
204,245
205,246
207,368
168,327
168,372
168,489
413,414
327,286
372,371
372,373
372,650
489,488
489,522
489,527
169,530
169,211
169,528
169,569
530,533
211,209
211,212
211,293
528,646
569,213
569,565
569,644
290,331
290,491
411,370
411,410
488,487
647,336
647,525
647,643
173,605
173,608
173,174
605,213
608,609
174,408
174,563
408,407
408,409
563,220
563,258
563,564
215,212
215,216
215,296
603,295
603,297
603,606
217,216
217,218
217,258
254,335
254,336
218,219
218,259
604,336
604,524
604,645
482,524
482,483
564,567
564,643
179,520
520,521
520,523
561,601
561,639
561,565
182,220
182,221
182,560
220,219
220,221
221,222
221,600
560,219
560,257
560,557
637,641
637,635
637,636
596,263
596,515
517,477
517,478
185,595
185,222
185,261
595,308
595,551
595,555
266,262
266,304
306,264
306,302
306,347
224,676
224,226
224,677
590,228
590,348
590,552
351,234
347,265
193,426
193,234
426,387
234,706
274,273
274,275
624,582
624,664
195,428
195,545
195,585
428,308
428,552
545,505
545,544
585,664
585,663
585,583
237,278
237,583
238,239
238,279
238,501
462,421
462,461
462,541
239,200
239,240
200,241
241,240
241,242
241,282
242,243
242,283
243,244
243,284
244,245
244,285
245,246
245,286
246,287
368,253
368,369
209,447
492,491
492,493
492,685
447,446
210,369
210,214
369,371
369,410
214,523
214,253
214,295
212,606
212,253
293,336
293,487
293,525
606,690
253,294
213,450
213,570
450,409
450,451
570,332
570,687
523,521
523,602
295,566
295,644
216,602
216,259
296,257
296,680
296,299
602,646
259,300
259,642
258,299
258,262
219,256
256,567
256,644
222,261
222,269
600,641
600,679
600,559
223,553
223,515
223,599
553,305
553,516
515,393
599,521
599,555
599,557
676,264
676,714
676,635
226,674
677,301
677,305
677,680
591,391
591,471
638,298
638,597
638,640
674,387
674,636
271,391
271,465
228,471
228,432
471,626
432,348
432,473
551,273
587,393
587,706
630,634
235,623
235,542
623,584
542,276
542,501
542,505
236,544
544,582
278,277
278,279
278,319
583,582
279,240
279,280
501,460
501,500
240,281
281,280
281,282
281,322
282,283
282,323
283,284
283,324
284,285
284,325
285,286
286,287
287,288
371,370
332,331
332,333
613,614
613,654
333,334
333,335
288,651
486,370
486,485
486,487
294,649
294,527
294,298
335,255
335,646
255,524
255,649
255,643
524,483
649,572
643,645
257,566
257,645
566,485
566,525
299,300
299,641
262,639
262,598
300,301
642,601
642,640
260,302
260,601
260,679
260,261
302,264
302,344
601,297
679,339
639,598
639,640
598,557
598,634
263,718
263,344
263,594
718,343
344,301
265,304
304,348
385,389
385,340
269,433
269,509
433,435
509,424
391,435
465,505
275,276
276,277
276,584
277,318
277,541
318,317
318,319
318,359
541,500
541,502
319,280
319,320
280,321
321,320
321,322
321,362
322,323
322,363
323,324
323,364
324,325
324,365
325,366
651,650
330,329
330,331
330,609
331,687
491,409
292,334
334,685
334,527
487,446
525,484
527,522
298,678
298,339
678,597
301,339
339,342
342,340
665,626
665,663
622,317
622,581
622,621
317,358
317,700
358,359
358,399
358,662
700,662
359,320
359,360
320,361
361,360
361,362
361,402
362,363
362,403
363,364
363,404
364,365
364,405
365,366
365,406
366,407
329,370
609,650
609,688
687,686
687,688
685,686
586,389
586,390
398,399
398,439
398,662
621,580
621,620
399,360
399,400
662,661
360,401
401,400
401,402
401,442
402,403
402,443
403,404
403,444
404,405
405,406
405,446
406,407
406,484
407,485
410,409
410,451
373,374
373,376
373,414
374,375
374,415
374,453
376,375
376,377
376,417
414,415
414,455
375,416
375,688
415,416
415,456
453,494
416,417
416,457
377,418
417,418
417,458
418,419
418,459
419,420
419,460
420,421
420,461
421,422
424,383
389,383
387,383
435,434
663,659
477,476
477,478
439,400
439,438
439,440
400,441
441,440
441,442
441,478
442,443
442,483
443,444
443,484
444,485
455,456
455,496
456,457
456,497
457,458
457,498
458,459
458,499
459,460
459,500
460,461
461,502
552,555
438,478
440,476
440,483
493,494
493,534
494,495
494,535
495,496
495,536
496,497
496,537
497,498
497,538
498,499
498,539
499,500
502,539
534,533
534,535
534,575
535,536
535,576
536,537
536,577
537,538
537,578
538,579
538,581
539,580
521,562
562,522
562,559
562,565
533,574
574,575
574,615
575,576
575,616
576,577
576,617
577,578
577,618
578,579
578,619
579,580
579,620
581,580
597,557
565,559
614,615
614,655
615,616
615,656
616,617
616,657
617,618
617,658
618,619
618,659
619,620
619,660
620,661
690,686
653,654
654,655
655,656
656,657
657,658
658,659
659,660
660,661
636,635
340,383
522,559
