0,41
0,719
0,37
0,73
41,40
41,42
41,82
719,341
719,378
719,678
1,40
1,337
1,379
1,380
40,79
40,81
337,380
337,644
337,683
379,77
379,338
379,420
380,421
380,424
2,43
2,681
2,682
2,683
43,42
43,44
43,84
681,377
681,640
681,642
682,3
682,297
682,641
683,254
683,256
3,4
3,44
3,684
4,5
4,45
4,454
44,45
44,85
684,5
684,256
684,685
5,6
5,7
45,46
45,86
454,453
454,455
454,495
6,7
6,251
6,252
7,8
7,249
251,333
251,408
251,531
252,288
252,486
252,567
8,9
8,289
8,452
249,248
249,332
249,613
9,10
9,50
9,571
289,51
289,288
289,330
452,451
452,453
452,493
10,11
10,652
10,689
50,49
50,51
50,91
571,567
571,570
571,572
11,12
11,170
11,607
652,610
652,651
652,653
689,686
689,688
689,690
12,13
12,208
12,532
170,46
170,48
170,290
607,606
607,608
607,611
13,14
13,54
13,692
208,207
208,209
208,492
532,128
532,413
532,533
14,15
14,55
14,693
54,53
54,55
54,95
692,90
692,691
692,693
15,16
15,56
15,694
55,56
55,96
693,610
693,694
16,17
16,57
16,695
56,57
56,97
694,653
694,695
17,18
17,58
17,696
57,58
57,98
695,654
695,696
18,19
18,59
18,697
58,59
58,99
696,655
696,697
19,20
19,60
19,698
59,60
59,100
697,656
697,698
20,21
20,61
20,699
60,61
60,101
698,657
698,699
21,22
21,357
21,703
61,62
61,102
699,658
699,700
22,63
22,356
22,701
357,316
357,398
357,621
703,437
703,663
703,666
63,104
63,394
63,67
356,355
356,625
356,396
701,438
701,660
701,700
23,62
23,475
23,702
23,30
62,65
62,479
475,148
475,476
475,516
702,397
702,661
702,665
24,64
24,316
24,436
24,105
64,66
64,354
64,516
316,584
316,622
436,144
436,435
436,438
105,104
105,148
105,592
25,315
25,434
25,396
25,515
315,26
315,394
315,707
434,146
434,431
434,435
396,354
396,397
515,520
515,521
515,557
26,390
26,551
26,471
390,270
390,311
390,511
551,29
551,273
551,595
471,389
471,512
471,547
27,69
27,392
27,472
27,665
69,108
69,192
69,193
392,355
392,625
392,588
472,473
472,548
472,633
665,546
665,628
28,32
28,394
28,145
28,473
32,430
32,508
32,675
394,354
145,143
145,146
145,631
473,474
473,630
29,511
29,628
29,352
511,313
511,509
628,234
628,508
352,232
352,350
352,431
30,108
30,549
30,706
108,428
108,231
549,427
549,672
549,629
706,355
706,630
706,582
31,589
31,667
31,672
31,190
589,195
589,349
589,507
667,194
667,547
667,671
672,150
672,594
190,106
190,594
190,591
430,150
430,431
430,514
508,195
508,424
675,34
675,228
675,633
33,552
33,389
33,265
33,629
552,189
552,428
552,555
389,34
389,147
265,35
265,227
265,301
629,348
629,713
34,716
34,712
716,679
712,151
712,304
712,507
35,73
35,385
35,37
73,308
73,388
385,38
385,75
385,424
37,38
37,714
36,303
36,39
36,426
36,344
303,346
303,305
303,715
39,76
39,338
39,378
426,309
426,345
426,347
344,677
344,302
344,340
38,718
38,340
714,347
714,388
714,427
718,342
718,641
718,679
340,302
340,678
76,342
76,384
76,715
338,297
338,381
378,377
378,419
79,78
79,80
79,116
81,80
81,82
81,122
42,78
42,83
82,83
82,123
78,77
78,119
83,84
83,124
84,85
84,125
85,86
85,126
46,47
46,88
86,87
86,127
47,49
47,291
47,531
88,87
88,89
88,250
49,48
49,90
291,172
291,292
291,648
531,651
531,572
48,412
48,449
412,250
412,411
412,413
449,253
449,448
449,490
90,91
90,367
51,52
51,250
91,92
91,206
52,53
52,568
52,611
250,368
53,94
53,612
568,292
568,447
568,645
611,572
94,93
94,95
94,135
612,209
612,613
612,653
95,96
95,171
96,97
96,176
97,98
97,140
98,99
98,141
99,100
99,482
100,101
100,518
101,102
101,142
102,103
102,143
65,67
65,147
65,590
479,137
479,482
479,519
104,103
104,556
67,71
67,110
66,70
66,185
66,393
354,109
516,187
516,437
147,555
147,550
590,307
590,353
590,664
70,512
70,393
70,192
185,632
185,187
185,514
393,704
393,395
71,72
71,547
71,631
110,107
110,111
110,146
68,152
68,587
68,669
68,193
152,388
152,545
152,155
587,149
587,429
587,711
669,267
669,353
669,708
193,350
193,586
192,630
192,591
512,230
512,671
72,74
72,115
72,548
547,506
631,308
631,550
74,75
74,268
74,343
115,114
115,194
115,384
548,154
548,505
308,428
308,595
388,187
75,423
75,347
268,187
268,592
268,632
343,306
343,339
343,713
423,381
423,382
423,422
347,189
342,299
342,384
384,307
715,341
715,346
77,386
77,503
386,267
386,383
386,592
503,118
503,543
503,583
119,80
119,118
119,120
80,121
116,157
116,196
116,153
121,120
121,122
121,162
122,123
122,163
123,124
123,164
124,125
124,165
125,126
125,166
126,127
126,167
87,129
87,610
127,128
127,448
129,92
129,128
129,130
610,329
89,130
89,248
89,691
130,131
130,445
248,247
248,371
691,650
691,690
367,290
367,366
367,368
92,93
92,529
206,165
206,205
206,207
93,134
93,247
529,451
529,488
529,647
134,133
134,171
134,175
247,169
247,246
135,139
135,176
135,526
171,131
171,411
176,217
176,254
140,139
140,141
140,143
141,142
141,480
482,177
482,216
518,517
518,556
518,521
142,143
142,184
103,107
103,474
107,469
107,309
474,470
474,476
556,553
556,597
148,349
148,468
592,305
106,668
106,144
106,554
668,111
668,310
668,704
144,181
144,557
554,182
554,227
554,598
469,467
469,470
469,553
309,267
309,513
428,464
231,705
231,427
231,310
109,312
109,709
109,233
312,429
312,432
312,467
709,233
709,272
709,433
233,310
233,542
111,113
111,468
146,149
113,112
113,114
113,466
468,114
468,431
112,470
112,467
112,150
470,271
467,466
150,670
114,506
466,151
466,465
506,235
506,465
194,624
194,234
157,156
157,158
157,198
196,237
196,463
196,545
153,154
153,710
153,230
117,118
117,158
117,382
117,543
118,159
158,159
158,199
382,341
382,680
543,502
543,584
159,120
159,160
120,161
161,160
161,162
161,202
162,163
162,203
163,164
163,204
164,165
164,205
165,166
166,167
166,207
167,168
167,413
128,573
448,447
448,450
573,572
573,574
573,614
131,132
131,565
445,404
445,444
445,446
132,133
132,326
132,490
565,173
565,294
565,562
133,172
133,328
326,285
326,325
326,327
490,491
490,648
172,488
172,647
328,287
328,327
328,329
175,214
175,215
175,603
139,138
139,180
526,136
526,292
526,646
136,137
136,177
136,480
137,138
137,521
177,218
177,604
480,138
480,484
138,558
521,519
558,557
558,596
558,559
180,519
180,561
180,599
184,183
184,632
184,637
181,179
181,224
181,559
557,179
149,634
149,232
555,632
555,593
550,306
550,310
349,307
349,425
634,183
634,189
634,678
232,151
232,510
670,348
670,586
670,673
151,191
191,270
191,346
191,586
545,236
545,585
154,155
154,429
710,225
710,269
710,627
230,509
230,348
155,156
155,586
429,306
156,197
156,540
197,198
197,238
197,462
540,499
540,539
540,581
198,199
198,239
199,160
199,200
160,201
201,200
201,202
201,242
202,203
202,243
203,204
203,244
204,205
204,245
205,246
207,368
168,327
168,372
168,489
413,414
327,286
372,371
372,373
372,650
489,294
489,488
489,608
169,530
169,528
169,173
530,523
530,569
530,570
528,527
528,645
528,605
173,450
173,649
290,331
290,369
411,370
411,410
488,487
647,525
647,646
450,408
450,451
649,212
649,533
649,605
174,646
174,648
174,212
174,210
646,335
648,409
212,211
212,215
210,214
210,211
210,213
214,293
214,564
215,216
215,296
603,297
603,606
603,569
217,216
217,218
217,258
254,335
254,562
218,219
218,259
604,336
604,524
604,645
178,182
178,481
178,522
178,179
182,221
182,560
481,559
481,519
481,514
522,257
522,523
522,520
179,186
561,298
561,559
561,601
599,220
599,260
599,639
224,227
224,595
224,596
221,220
221,222
221,600
560,219
560,263
560,562
183,597
183,636
597,638
597,678
636,186
636,261
636,674
637,598
637,601
637,674
514,707
186,222
186,223
188,387
188,708
188,272
188,588
387,229
387,383
387,505
708,275
708,435
272,585
272,624
588,314
588,350
189,513
513,509
513,596
594,269
594,432
591,391
591,707
270,313
270,593
346,635
630,266
350,229
624,234
624,585
234,235
195,274
195,425
274,273
274,275
274,505
425,306
425,348
237,278
237,504
237,583
463,422
463,464
463,504
238,239
238,279
238,501
462,421
462,461
462,541
239,200
239,240
200,241
241,240
241,242
241,282
242,243
242,283
243,244
243,284
244,245
244,285
245,246
245,286
246,287
368,369
209,211
209,447
492,491
492,493
492,685
211,527
447,446
527,255
527,491
213,569
213,253
213,296
569,563
293,336
293,487
293,525
564,524
564,563
564,567
216,520
296,680
296,643
520,222
258,299
258,259
258,602
219,220
219,256
259,257
259,300
220,563
256,567
563,606
222,226
600,260
600,641
600,644
226,676
226,635
226,263
223,264
223,262
223,263
264,260
264,673
264,596
227,635
595,304
225,635
225,677
225,711
677,598
677,673
711,228
711,351
676,261
676,593
676,639
263,345
228,627
228,713
627,273
627,314
713,269
229,510
229,353
510,351
510,507
353,313
509,671
705,311
705,433
705,666
427,383
542,276
542,501
542,623
235,273
235,583
583,582
236,275
236,666
236,395
275,276
666,351
278,277
278,279
278,319
504,544
504,507
279,240
279,280
501,460
501,500
240,281
281,280
281,282
281,322
282,283
282,323
283,284
283,324
284,285
284,325
285,286
286,287
287,288
371,369
371,370
332,331
332,333
332,570
613,614
613,654
333,334
333,335
408,407
408,409
288,651
486,370
486,485
486,487
253,255
253,295
255,335
255,524
295,566
295,644
295,645
562,598
524,483
257,566
257,299
566,485
566,525
299,302
602,261
602,523
602,643
300,341
300,304
300,640
260,298
298,294
298,262
261,642
642,601
642,605
262,266
262,305
266,633
266,674
305,301
345,301
345,717
673,307
301,638
633,269
674,267
313,623
593,553
271,391
271,465
271,626
391,435
391,395
465,464
626,432
626,544
626,582
585,355
505,424
276,277
276,584
277,318
277,541
584,623
318,317
318,319
318,359
541,500
541,502
319,280
319,320
280,321
321,320
321,322
321,362
322,323
322,363
323,324
323,364
324,325
324,365
325,366
651,650
330,329
330,331
330,609
331,687
369,410
292,334
334,685
334,336
336,644
487,446
525,484
294,643
643,639
680,339
680,717
297,601
302,339
304,383
640,638
640,717
638,641
311,432
311,546
546,464
546,625
623,544
314,433
314,395
433,351
707,664
622,317
622,581
622,621
317,358
317,700
358,359
358,399
358,662
700,662
359,320
359,360
320,361
361,360
361,362
361,402
362,363
362,403
363,364
363,404
364,365
364,405
365,366
365,406
366,407
329,370
609,608
609,650
609,688
687,570
687,686
687,688
685,686
381,422
381,717
339,679
679,639
625,544
398,399
398,439
398,662
621,580
621,620
399,360
399,400
662,661
360,401
401,400
401,402
401,442
402,403
402,443
403,404
403,444
404,405
405,406
405,446
406,407
406,484
407,485
410,409
410,451
373,374
373,376
373,414
374,375
374,415
374,453
376,375
376,377
376,417
414,415
414,455
375,416
375,688
415,416
415,456
453,494
416,417
416,457
377,418
417,418
417,458
418,419
418,459
419,420
419,460
420,421
420,461
421,422
704,437
704,663
397,477
397,663
477,476
477,478
477,517
663,659
439,400
439,438
439,440
400,441
441,440
441,442
441,478
442,443
442,483
443,444
443,484
444,485
409,491
455,456
455,496
456,457
456,497
457,458
457,498
458,459
458,499
459,460
459,500
460,461
461,502
438,478
437,517
517,478
440,476
440,483
483,523
493,494
493,534
494,495
494,535
495,496
495,536
496,497
496,537
497,498
497,538
498,499
498,539
499,500
502,539
553,671
608,605
534,533
534,535
534,575
535,536
535,576
536,537
536,577
537,538
537,578
538,579
538,581
539,580
533,574
574,575
574,615
575,576
575,616
576,577
576,617
577,578
577,618
578,579
578,619
579,580
579,620
581,580
606,690
614,615
614,655
615,616
615,656
616,617
616,657
617,618
617,658
618,619
618,659
619,620
619,660
620,661
690,686
653,654
654,655
655,656
656,657
657,658
658,659
659,660
660,661
582,664
