0,41
0,719
0,339
0,383
41,40
41,42
41,82
719,378
719,381
719,678
339,295
339,340
339,640
383,36
383,344
383,385
1,40
1,337
1,379
1,380
40,79
40,81
337,380
337,644
337,683
379,77
379,338
379,420
380,421
380,424
2,43
2,681
2,682
2,683
43,42
43,44
43,84
681,377
681,640
681,642
682,3
682,297
682,641
683,254
683,255
3,4
3,44
3,684
4,5
4,45
4,454
44,45
44,85
684,5
684,256
684,685
5,6
5,7
45,46
45,646
454,453
454,455
454,495
6,7
6,251
6,252
7,8
7,249
251,211
251,333
251,408
252,288
252,486
252,567
8,9
8,289
8,452
249,248
249,332
249,613
9,10
9,50
9,571
289,51
289,288
289,330
452,451
452,453
452,493
10,11
10,652
10,689
50,49
50,51
50,91
571,567
571,570
571,572
11,12
11,170
11,607
652,610
652,651
652,653
689,686
689,688
689,690
12,13
12,208
12,450
170,46
170,48
170,290
607,214
607,253
607,606
13,14
13,54
13,692
208,207
208,209
208,492
450,408
450,448
450,451
14,15
14,55
14,693
54,53
54,55
54,95
692,90
692,691
692,693
15,16
15,56
15,694
55,56
55,96
693,610
693,694
16,17
16,57
16,695
56,57
56,97
694,653
694,695
17,18
17,58
17,696
57,58
57,98
695,654
695,696
18,19
18,59
18,697
58,59
58,99
696,655
696,697
19,20
19,60
19,698
59,60
59,100
697,656
697,698
20,21
20,61
20,699
60,61
60,101
698,657
698,699
21,22
21,357
21,25
61,62
61,102
699,658
699,700
22,63
22,356
22,701
357,316
357,398
357,621
63,104
63,702
63,478
356,625
356,437
356,667
701,438
701,660
701,700
23,62
23,475
23,702
23,703
62,65
62,479
475,148
475,476
475,516
702,397
702,661
703,26
703,393
703,664
24,64
24,316
24,396
24,354
64,516
64,66
64,25
316,584
316,622
396,66
396,315
396,397
354,624
354,589
354,233
25,315
25,352
315,236
315,314
352,147
352,193
352,588
26,472
26,709
26,397
472,66
472,473
472,548
709,233
709,629
709,667
397,477
27,514
27,432
27,549
27,394
514,394
514,553
514,590
432,30
432,311
432,552
549,386
549,592
549,670
394,65
394,512
28,350
28,190
28,314
28,192
350,507
350,674
350,513
190,72
190,150
190,312
314,471
314,587
192,150
192,708
192,550
29,430
29,434
29,473
29,147
430,108
430,588
430,550
434,431
434,433
434,435
473,30
473,474
147,109
147,634
30,506
30,272
506,70
506,544
506,670
272,191
272,706
272,309
31,226
31,34
31,510
31,670
226,186
226,469
226,633
34,270
34,304
34,343
510,108
510,347
510,672
670,387
32,587
32,149
32,511
32,150
587,388
587,585
149,145
149,427
149,346
511,393
511,470
511,513
150,547
33,548
33,386
33,713
33,189
548,155
548,590
386,77
386,592
713,189
713,712
713,714
189,673
189,507
270,232
270,266
270,426
304,225
304,596
304,305
343,262
343,340
343,345
35,71
35,711
35,675
35,37
71,67
71,74
71,151
711,346
711,554
711,635
675,185
675,303
675,345
37,303
37,676
37,73
36,716
36,346
36,425
716,265
716,424
716,679
346,671
425,193
425,349
425,715
303,677
303,340
676,224
676,227
676,268
73,345
73,710
73,712
38,714
38,344
38,302
38,680
714,594
714,671
344,75
344,307
302,345
302,637
302,305
680,296
680,382
680,605
39,76
39,338
39,378
39,718
76,75
76,342
76,424
338,297
338,381
378,377
378,419
718,679
718,717
718,634
79,78
79,80
79,116
81,80
81,82
81,122
42,78
42,83
82,83
82,123
78,77
78,119
83,84
83,124
84,85
84,125
85,86
85,126
46,47
46,88
646,335
646,526
646,647
47,49
47,291
47,531
88,87
88,89
88,250
49,48
49,90
291,172
291,254
291,292
531,247
531,572
531,651
48,412
48,449
412,250
412,411
412,413
449,448
449,490
449,530
90,91
90,367
51,52
51,250
91,92
91,206
52,53
52,568
52,611
250,368
53,94
53,612
568,292
568,447
568,645
611,212
611,533
611,572
94,93
94,95
94,135
612,209
612,613
612,653
95,96
95,171
96,97
96,176
97,98
97,140
98,99
98,141
99,100
99,482
100,101
100,518
101,102
101,142
102,103
102,143
65,67
65,351
479,137
479,482
479,519
104,103
104,105
104,556
478,438
478,477
478,515
516,181
516,517
66,228
67,393
67,706
351,69
351,468
351,427
228,387
228,353
228,389
393,591
706,513
706,626
68,707
68,667
68,191
68,269
707,106
707,232
707,435
667,623
191,274
191,468
269,146
269,153
269,225
69,467
69,311
69,666
467,349
467,466
467,469
311,313
311,630
666,193
666,232
666,664
70,429
70,347
70,668
429,107
429,266
429,631
347,669
347,674
668,309
668,625
668,704
74,75
74,268
74,712
151,673
151,509
151,194
72,550
72,389
72,426
550,629
389,230
389,306
426,152
426,384
710,385
710,390
710,431
712,551
75,423
268,592
268,632
423,381
423,382
423,422
342,299
342,340
342,715
424,384
77,503
503,118
503,543
503,583
119,80
119,118
119,120
80,121
116,157
116,196
116,428
121,120
121,122
121,162
122,123
122,163
123,124
123,164
124,125
124,165
125,126
125,166
86,87
86,127
86,173
126,127
126,167
87,129
87,610
127,128
127,448
129,92
129,128
129,130
610,329
89,130
89,691
89,169
130,131
130,445
691,650
691,690
169,409
169,211
169,648
367,290
367,366
367,368
92,93
92,529
206,165
206,205
206,207
93,134
93,247
529,369
529,451
529,488
134,133
134,171
134,175
247,246
247,248
135,139
135,176
135,526
171,131
171,411
176,217
176,254
140,139
140,141
140,143
141,142
141,480
482,177
482,441
518,517
518,556
518,520
142,143
142,184
103,107
103,474
143,145
107,110
107,469
474,470
474,476
105,148
105,592
105,515
556,597
556,593
148,349
148,187
515,437
515,513
106,471
106,591
106,108
471,152
471,349
591,390
591,633
108,348
110,111
110,146
110,509
469,470
348,109
348,265
348,431
109,628
109,227
628,195
628,387
628,512
227,633
227,267
111,113
111,266
111,547
146,145
146,184
509,115
509,672
113,112
113,114
113,466
266,306
547,508
547,624
112,470
112,631
112,155
631,145
631,308
155,154
155,156
114,115
114,468
114,310
466,229
466,465
115,194
115,504
468,431
310,632
310,669
310,586
194,624
194,273
504,237
504,463
504,544
157,156
157,158
157,198
196,237
196,542
196,626
428,308
428,464
428,552
117,118
117,158
117,382
117,543
118,159
158,159
158,199
382,341
543,502
543,584
159,120
159,160
120,161
161,160
161,162
161,202
162,163
162,203
163,164
163,204
164,165
164,205
165,166
166,167
166,207
167,168
167,413
128,532
128,573
448,447
532,413
532,533
532,649
573,572
573,574
573,614
131,132
131,570
445,404
445,444
445,446
132,133
132,326
132,490
570,332
570,687
133,172
133,328
326,285
326,325
326,327
490,491
490,649
172,488
172,647
328,287
328,327
328,329
175,214
175,215
175,603
139,137
139,179
526,136
526,292
136,137
136,177
136,480
137,138
177,218
177,604
480,484
480,557
138,558
138,180
138,523
558,554
558,555
558,599
180,519
180,561
180,223
523,179
523,257
523,560
179,178
179,561
184,144
184,223
144,519
144,186
144,178
519,481
186,307
186,635
634,593
634,677
187,309
187,673
187,671
427,271
427,388
673,229
152,544
152,313
544,623
313,669
313,586
153,154
153,708
153,545
154,505
154,385
708,230
708,704
545,234
545,236
545,542
505,231
505,235
505,583
385,463
156,197
156,540
197,198
197,238
197,462
540,499
540,539
540,581
198,199
198,239
199,160
199,200
160,201
201,200
201,202
201,242
202,203
202,243
203,204
203,244
204,205
204,245
205,246
207,368
168,327
168,372
168,489
413,414
327,286
372,371
372,373
372,650
489,488
489,491
489,296
409,408
409,410
409,491
211,209
211,212
648,173
648,212
648,530
290,248
290,331
411,370
411,410
488,487
647,525
647,608
173,210
173,605
210,530
210,253
210,174
605,602
605,643
214,295
214,213
215,212
215,216
215,296
603,297
603,562
603,606
217,216
217,218
217,258
254,335
218,219
218,259
604,336
604,524
604,645
178,520
178,174
520,220
520,598
561,601
561,599
223,263
223,595
181,521
181,481
181,174
521,483
521,565
521,599
481,557
481,527
182,221
182,560
182,595
182,598
221,220
221,222
221,600
560,219
560,564
595,308
595,551
598,185
598,222
183,597
183,593
183,225
183,559
597,638
597,678
593,306
225,185
559,522
559,557
559,563
185,632
632,188
307,230
307,590
635,188
635,678
309,392
671,553
188,312
188,387
312,195
312,395
507,195
507,590
274,273
274,275
274,663
193,630
630,388
630,669
624,195
273,551
273,665
237,278
237,583
542,276
542,501
626,229
626,230
238,239
238,279
238,501
462,421
462,461
462,541
239,200
239,240
200,241
241,240
241,242
241,282
242,243
242,283
243,244
243,284
244,245
244,285
245,246
245,286
246,287
368,369
209,447
492,491
492,493
492,685
447,446
530,527
253,256
253,608
213,216
213,527
213,174
216,643
527,528
295,566
295,644
296,298
643,260
643,677
258,299
258,301
258,300
219,220
219,256
259,300
259,564
259,299
220,563
256,567
563,564
563,599
222,301
222,260
600,641
600,644
600,639
301,264
301,265
260,298
260,679
263,678
263,300
263,637
224,261
224,267
224,517
261,299
261,601
261,262
267,264
267,636
517,477
633,554
353,229
353,665
353,433
231,235
231,233
231,236
235,232
235,663
233,585
585,546
585,664
234,586
234,236
234,664
586,355
663,275
663,659
278,277
278,279
278,319
583,582
279,240
279,280
501,460
501,500
240,281
281,280
281,282
281,322
282,283
282,323
283,284
283,324
284,285
284,325
285,286
286,287
287,288
248,371
371,369
371,370
332,331
332,333
613,614
613,654
333,334
333,335
408,407
288,651
486,370
486,485
486,487
567,564
608,528
608,609
335,255
255,524
255,649
524,483
524,565
649,294
257,566
257,562
257,294
566,485
566,525
562,522
562,528
294,293
294,645
300,341
298,639
298,522
679,639
601,297
601,642
262,637
262,674
637,638
674,636
264,717
264,594
717,265
717,341
594,557
594,384
306,390
636,555
636,715
271,391
271,465
271,275
391,435
391,629
391,627
465,464
465,588
275,276
551,508
665,355
665,627
276,277
276,584
277,318
277,541
584,623
318,317
318,319
318,359
541,500
541,502
319,280
319,320
280,321
321,320
321,322
321,362
322,323
322,363
323,324
323,364
324,325
324,365
325,366
651,650
330,329
330,331
330,609
331,687
292,334
334,685
334,642
293,336
293,487
293,525
336,644
336,641
487,446
525,484
645,569
639,596
341,715
305,384
305,596
596,602
390,308
392,704
392,546
392,629
395,705
395,355
395,436
622,317
622,581
622,621
317,358
317,700
358,359
358,399
358,662
700,662
359,320
359,360
320,361
361,360
361,362
361,402
362,363
362,403
363,364
363,404
364,365
364,405
365,366
365,406
366,407
329,370
609,650
609,688
687,686
687,688
685,686
642,640
641,638
381,422
640,638
588,705
433,627
433,705
589,552
589,672
589,705
355,623
625,546
625,627
437,704
437,436
398,399
398,439
398,662
621,580
621,620
399,360
399,400
662,661
360,401
401,400
401,402
401,442
402,403
402,443
403,404
403,444
404,405
405,406
405,446
406,407
406,484
407,485
369,410
410,451
373,374
373,376
373,414
374,375
374,415
374,453
376,375
376,377
376,417
414,415
414,455
375,416
375,688
415,416
415,456
453,494
416,417
416,457
377,418
417,418
417,458
418,419
418,459
419,420
419,460
420,421
420,461
421,422
422,463
463,464
388,508
508,672
435,436
546,464
512,553
512,555
477,476
439,400
439,438
439,440
400,441
441,440
441,442
442,443
442,483
443,444
443,484
444,485
455,456
455,496
456,457
456,497
457,458
457,498
458,459
458,499
459,460
459,500
460,461
461,502
552,555
436,438
440,476
440,483
493,494
493,534
494,495
494,535
495,496
495,536
496,497
496,537
497,498
497,538
498,499
498,539
499,500
502,539
534,533
534,535
534,575
535,536
535,576
536,537
536,577
537,538
537,578
538,579
538,581
539,580
553,554
565,522
565,569
528,569
569,602
533,574
574,575
574,615
575,576
575,616
576,577
576,617
577,578
577,618
578,579
578,619
579,580
579,620
581,580
614,615
614,655
615,616
615,656
616,617
616,657
617,618
617,658
618,619
618,659
619,620
619,660
620,661
602,606
606,690
690,686
653,654
654,655
655,656
656,657
657,658
658,659
659,660
660,661
