0,683
0,465
0,85
0,260
1,716
1,38
1,679
1,84
2,377
2,5
2,299
2,297
3,688
3,129
3,45
3,378
4,336
4,79
4,684
4,413
5,651
5,535
5,680
6,487
6,42
6,252
6,81
7,85
7,497
7,412
7,216
8,168
8,53
8,372
8,93
9,167
9,249
9,209
9,446
10,246
10,575
10,47
10,608
11,413
11,655
11,489
11,16
12,252
12,173
12,242
12,325
13,618
13,135
13,693
13,526
14,211
14,448
14,527
14,566
15,617
15,138
15,618
15,652
16,131
16,97
16,284
17,326
17,321
17,702
17,18
18,284
18,329
18,288
19,661
19,356
19,445
19,403
20,105
20,360
20,694
20,403
21,62
21,56
21,401
21,317
22,356
22,102
22,404
22,518
23,277
23,549
23,474
23,323
24,229
24,707
24,438
24,625
25,548
25,184
25,316
25,514
26,63
26,143
26,103
26,60
27,145
27,709
27,235
27,552
28,629
28,265
28,353
28,587
29,427
29,155
29,386
29,548
30,631
30,432
30,65
30,510
31,104
31,509
31,383
31,196
32,631
32,73
32,549
32,705
33,302
33,66
33,224
33,230
34,715
34,634
34,425
34,148
35,463
35,231
35,503
35,191
36,346
36,640
36,466
36,116
37,592
37,717
37,677
37,301
38,502
38,386
38,640
39,643
39,462
39,43
39,260
40,457
40,75
40,82
40,505
41,644
41,338
41,643
41,342
42,682
42,46
42,335
43,337
43,570
43,335
44,527
44,89
44,295
44,377
45,607
45,373
45,165
46,366
46,123
46,689
47,365
47,693
47,536
48,571
48,408
48,613
48,616
49,370
49,454
49,337
49,176
50,285
50,523
50,403
50,56
51,484
51,576
51,533
51,286
52,125
52,332
52,612
52,99
53,248
53,566
53,126
54,650
54,215
54,134
54,363
55,400
55,322
55,658
55,480
56,442
56,57
57,139
57,657
57,137
58,173
58,699
58,103
58,357
59,143
59,95
59,356
59,661
60,398
60,95
60,661
61,441
61,361
61,705
61,358
62,399
62,559
62,558
63,700
63,591
63,360
64,107
64,398
64,402
64,102
65,557
65,433
65,432
66,143
66,223
66,586
67,633
67,433
67,152
67,624
68,635
68,627
68,192
68,275
69,267
69,187
69,354
69,272
70,395
70,117
70,714
70,512
71,346
71,268
71,585
71,223
72,392
72,431
72,434
72,713
73,118
73,80
73,113
74,678
74,670
74,198
74,111
75,149
75,465
75,193
76,155
76,423
76,384
76,421
77,300
77,466
77,197
77,681
78,503
78,119
78,500
78,381
79,464
79,495
79,156
80,542
80,718
80,543
81,581
81,538
82,462
82,122
82,459
83,614
83,163
83,375
83,460
84,451
84,87
84,200
85,380
85,412
86,337
86,333
86,122
86,120
87,332
87,414
87,452
88,292
88,295
88,526
88,334
89,572
89,291
89,535
90,210
90,497
90,645
90,536
91,690
91,283
91,452
91,167
92,530
92,246
92,608
92,695
93,609
93,521
93,177
94,647
94,250
94,531
94,532
95,361
95,218
96,480
96,448
96,450
96,650
97,285
97,134
97,251
98,440
98,481
98,559
99,519
99,176
99,696
100,397
100,481
100,554
100,181
101,393
101,433
101,596
101,320
102,477
102,558
103,401
103,181
104,353
104,358
104,138
105,469
105,428
105,230
106,594
106,470
106,428
106,144
107,473
107,590
107,148
108,470
108,667
108,468
108,663
109,225
109,708
109,224
109,710
110,306
110,264
110,671
110,553
111,388
111,627
111,462
112,388
112,386
112,150
112,342
113,625
113,627
113,424
114,226
114,503
114,391
114,350
115,545
115,676
115,588
115,343
116,346
116,120
116,154
117,506
117,347
117,545
118,583
118,420
118,347
119,387
119,197
119,458
120,161
120,380
121,576
121,375
121,416
121,415
122,612
122,501
123,420
123,290
123,529
124,158
124,607
124,292
124,170
125,688
125,202
125,165
126,606
126,532
126,417
127,648
127,133
127,657
127,644
128,374
128,168
128,328
128,493
129,172
129,333
129,648
130,324
130,568
130,611
130,569
131,489
131,252
131,441
132,686
132,607
132,255
132,645
133,561
133,441
133,402
134,287
134,175
135,605
135,447
135,449
136,367
136,289
136,254
136,181
137,558
137,171
137,481
138,598
138,222
139,179
139,480
139,140
140,217
140,554
140,360
141,519
141,637
141,520
141,266
142,261
142,217
142,221
142,557
143,551
144,631
144,390
144,435
145,553
145,515
145,400
146,192
146,629
146,185
146,309
147,633
147,473
147,385
147,191
148,275
148,385
149,313
149,274
149,343
150,348
150,704
150,670
151,385
151,474
151,463
151,348
152,232
152,714
152,594
153,237
153,504
153,467
153,434
154,675
154,310
154,673
155,590
155,543
156,159
156,509
156,231
157,235
157,500
157,621
157,501
158,236
158,197
158,580
159,277
159,456
159,234
160,423
160,580
160,662
160,459
161,237
161,622
161,623
162,616
162,199
162,657
162,239
163,418
163,203
163,497
164,575
164,417
164,370
164,657
165,456
165,209
166,251
166,323
166,211
166,650
167,536
167,694
168,171
168,653
169,286
169,690
169,328
169,614
170,486
170,611
170,254
171,414
171,573
172,571
172,330
172,405
173,295
173,442
174,568
174,327
174,610
174,333
175,326
175,600
175,603
176,180
176,211
177,369
177,488
177,254
178,565
178,525
178,560
178,217
179,520
179,180
179,641
180,597
180,182
181,563
182,598
182,439
182,185
183,300
183,673
183,483
183,442
184,436
184,259
184,674
185,518
185,599
186,343
186,387
186,436
186,638
187,672
187,591
187,635
188,396
188,589
188,675
188,432
189,276
189,506
189,637
189,590
190,353
190,664
190,192
190,468
191,271
191,196
192,234
193,671
193,544
193,226
194,460
194,316
194,272
194,464
195,540
195,196
195,393
195,500
196,626
197,500
198,541
198,546
198,457
199,578
199,242
199,582
200,282
200,580
200,660
201,498
201,614
201,621
201,359
202,610
202,613
202,493
203,238
203,414
203,409
204,208
204,455
204,540
204,416
205,326
205,331
205,279
205,291
206,409
206,617
206,241
206,659
207,407
207,613
207,244
207,659
208,646
208,243
208,285
209,214
209,294
210,564
210,448
210,695
211,291
212,525
212,446
212,642
212,292
213,329
213,247
213,607
213,531
214,250
214,299
214,249
215,684
215,563
215,520
216,339
216,681
216,336
217,220
218,566
218,602
218,636
219,525
219,554
219,517
219,479
220,305
220,339
220,593
221,255
221,562
221,719
222,551
222,713
222,522
223,600
223,262
224,228
224,555
225,596
225,669
225,707
226,266
226,228
227,515
227,673
227,511
227,716
228,314
228,350
229,594
229,351
229,314
230,267
230,584
231,265
231,668
232,675
232,318
232,505
233,626
233,354
233,552
233,307
234,708
234,466
235,467
235,242
236,279
236,540
236,276
237,620
237,577
238,460
238,587
238,659
239,315
239,463
239,621
240,244
240,698
240,535
240,534
241,577
241,362
241,317
242,577
243,364
243,698
243,614
244,539
244,359
245,571
245,324
245,290
245,287
246,450
246,570
247,415
247,455
247,494
248,327
248,490
248,574
249,454
249,253
250,684
250,412
251,286
251,333
252,375
253,690
253,605
253,413
254,523
255,443
255,570
256,487
256,491
256,329
256,289
257,262
257,259
257,290
257,410
258,600
258,601
258,301
258,298
259,378
259,484
260,344
260,481
261,676
261,517
261,338
262,681
262,269
263,270
263,349
263,559
263,384
264,669
264,304
264,510
265,351
265,516
266,598
266,630
267,311
267,555
268,634
268,707
268,718
269,677
269,717
269,711
270,314
270,703
270,584
271,390
271,549
271,668
272,395
272,426
273,386
273,709
273,704
273,665
274,545
274,507
274,316
275,310
275,502
276,277
276,707
277,399
278,395
278,283
278,663
278,313
279,323
279,587
280,364
280,582
280,579
280,661
281,573
281,321
281,288
281,318
282,703
282,534
282,702
283,654
283,618
284,330
284,694
285,689
286,692
287,405
287,496
288,528
288,373
289,362
289,415
290,410
291,533
292,447
293,487
293,294
293,529
293,522
294,679
294,418
295,416
296,374
296,372
296,302
296,640
297,604
297,379
297,677
298,567
298,300
298,304
299,603
299,680
300,597
301,381
301,339
302,387
302,680
303,598
303,430
303,593
303,591
304,597
305,715
305,674
305,379
306,677
306,552
306,391
307,387
307,426
307,507
308,674
308,554
308,715
308,672
309,586
309,716
309,476
310,315
310,543
311,708
311,675
311,593
312,427
312,465
312,583
312,319
313,394
313,436
314,547
315,581
315,389
316,630
317,701
317,547
318,357
318,702
319,544
319,322
319,616
320,695
320,439
320,624
321,440
321,623
322,361
322,437
323,449
324,492
324,620
325,531
325,369
325,445
326,492
327,656
327,653
328,330
328,495
329,446
330,534
331,373
331,602
331,646
332,367
332,609
334,609
334,368
334,414
335,408
335,645
336,718
336,600
337,649
338,376
338,637
339,681
340,425
340,635
340,561
340,719
341,464
341,639
341,685
341,678
342,349
342,602
343,349
344,714
344,682
344,511
345,511
345,640
345,709
345,552
346,469
347,715
347,628
348,352
348,473
349,626
350,352
350,354
351,584
351,628
352,437
352,468
353,357
354,397
355,666
355,588
355,590
355,668
356,710
357,399
358,583
358,699
359,434
359,479
360,367
361,479
362,702
362,662
363,441
363,573
363,611
364,399
364,400
365,531
365,490
365,576
366,656
366,528
366,569
367,685
368,373
368,443
368,695
369,604
369,648
370,569
370,451
371,613
371,605
371,655
371,411
372,649
372,457
374,686
374,643
375,687
376,380
376,569
376,417
377,608
377,493
378,456
378,718
379,463
379,458
380,676
381,505
381,678
382,385
382,679
382,422
382,717
383,633
383,638
383,550
384,709
384,423
388,467
388,508
389,504
389,394
389,429
390,632
390,665
391,596
391,704
392,477
392,595
392,430
393,631
393,700
394,660
394,471
395,437
396,469
396,476
396,585
397,628
397,704
398,708
398,443
400,514
401,402
401,435
402,656
403,697
404,450
404,483
404,486
405,482
405,571
406,654
406,692
406,604
406,615
407,612
407,440
407,606
408,565
408,570
409,451
409,567
410,492
410,574
411,649
411,692
411,616
412,496
413,651
415,499
416,530
417,461
418,419
418,538
419,644
419,498
419,538
420,682
420,454
421,461
421,422
421,505
422,506
422,501
423,460
424,672
424,502
424,468
425,541
425,542
426,712
426,504
427,473
427,507
428,666
428,592
429,431
429,636
429,464
430,546
430,510
431,472
431,544
432,662
433,517
434,706
435,550
435,478
436,592
437,511
438,700
438,519
438,696
439,665
439,477
440,556
442,522
443,489
444,524
444,565
444,648
444,562
445,450
445,520
446,650
447,453
447,693
448,603
449,567
449,691
451,572
452,535
452,488
453,497
453,652
453,494
454,682
455,496
455,645
456,499
457,687
458,684
458,542
459,502
459,498
461,579
461,537
462,465
466,472
467,706
469,672
470,477
470,713
471,589
471,669
471,663
472,478
472,624
474,595
474,594
475,514
475,670
475,482
475,630
476,671
476,557
478,523
478,559
479,483
480,556
482,518
482,604
483,528
484,528
484,602
485,565
485,609
485,491
485,601
486,488
486,691
487,687
488,647
489,524
490,686
490,574
491,524
491,683
492,575
493,653
494,533
494,608
495,647
495,654
496,651
498,581
499,537
499,583
501,585
503,588
504,546
506,711
507,666
508,544
508,703
508,626
509,714
509,516
510,512
512,636
512,593
513,632
513,553
513,637
513,547
514,673
515,548
515,518
516,557
516,556
517,550
519,525
521,524
521,639
521,646
522,529
523,646
526,560
526,649
527,574
527,564
529,566
530,612
530,575
532,537
532,647
533,539
534,568
536,692
537,620
538,579
539,541
539,582
540,619
541,546
542,548
543,706
545,551
547,669
549,667
550,705
551,595
553,668
555,676
555,712
556,595
558,592
560,634
560,563
561,638
561,599
562,639
562,644
563,642
564,683
564,679
567,691
568,652
572,687
572,617
573,579
576,689
577,696
578,580
578,698
578,615
581,666
582,628
584,660
585,664
586,711
586,623
587,622
588,662
589,710
589,703
591,671
596,634
597,678
599,643
599,680
601,685
601,686
603,642
605,610
606,691
606,610
615,655
615,689
617,697
618,654
619,663
619,664
619,697
620,621
622,656
622,627
623,658
624,699
625,706
625,701
629,635
629,712
630,632
632,710
633,712
636,641
638,716
639,713
641,683
641,719
642,688
651,658
652,658
653,696
655,698
659,660
664,667
665,670
667,674
685,688
690,693
694,701
697,701
699,700
705,711
717,719
