0,41
0,718
0,342
0,377
41,40
41,42
41,82
718,263
718,640
718,675
342,681
342,716
342,344
377,376
377,378
377,418
1,40
1,337
1,379
1,380
40,79
40,81
337,380
337,644
337,683
379,77
379,338
379,420
380,76
380,421
2,43
2,681
2,682
2,683
43,42
43,44
43,84
681,640
681,679
682,3
682,297
682,641
683,254
683,255
3,4
3,44
3,684
4,5
4,45
4,454
44,45
44,85
684,5
684,256
684,685
5,6
5,7
45,46
45,336
454,453
454,455
454,495
6,7
6,251
6,252
7,8
7,249
251,333
251,408
251,489
252,288
252,486
252,567
8,9
8,289
8,452
249,248
249,332
249,613
9,10
9,50
9,571
289,51
289,288
289,330
452,451
452,453
452,493
10,11
10,652
10,689
50,49
50,51
50,91
571,567
571,570
571,572
11,12
11,170
11,607
652,610
652,651
652,653
689,686
689,688
689,690
12,13
12,208
12,450
170,46
170,48
170,290
607,569
607,603
607,608
13,14
13,54
13,692
208,207
208,209
208,492
450,408
450,448
450,451
14,15
14,55
14,693
54,53
54,55
54,95
692,90
692,691
692,693
15,16
15,56
15,694
55,56
55,96
693,610
693,694
16,17
16,57
16,695
56,57
56,97
694,653
694,695
17,18
17,58
17,696
57,58
57,98
695,654
695,696
18,19
18,59
18,697
58,59
58,99
696,655
696,697
19,20
19,60
19,698
59,60
59,100
697,656
697,698
20,21
20,61
20,699
60,61
60,101
698,657
698,699
21,22
21,357
21,356
61,62
61,102
699,658
699,700
22,63
22,356
22,701
357,316
357,398
357,621
356,625
356,396
63,104
63,517
63,702
701,438
701,660
701,700
23,62
23,478
23,702
23,703
62,65
62,479
478,438
478,477
478,515
702,24
702,661
703,393
703,664
703,704
24,64
24,316
24,664
64,28
64,516
64,108
316,584
316,622
664,395
664,586
25,397
25,395
25,437
25,665
397,705
397,315
397,396
395,26
395,432
437,393
437,436
437,516
665,27
665,234
665,626
26,144
26,150
26,185
27,708
27,192
27,709
708,70
708,234
708,351
192,348
192,312
192,194
709,190
709,351
709,669
28,67
28,393
28,704
67,65
67,71
67,271
393,629
704,392
704,668
29,191
29,70
29,310
29,550
191,74
191,354
191,630
70,32
70,111
310,153
310,628
310,630
550,188
550,430
550,589
30,672
30,187
30,554
30,388
672,349
672,385
672,633
187,223
187,510
187,632
554,107
554,225
554,266
388,674
388,710
388,513
31,549
31,112
31,385
31,230
549,270
549,353
549,673
112,108
112,713
112,707
385,306
385,467
230,32
230,547
230,231
32,430
32,630
430,109
430,227
630,471
33,75
33,592
33,227
33,425
75,74
75,423
75,712
592,105
592,268
592,386
227,268
227,433
425,35
425,152
425,349
34,469
34,713
34,508
34,189
469,548
469,473
469,589
713,150
713,151
508,69
508,152
508,196
189,147
189,148
189,152
35,306
35,346
35,305
306,670
306,510
346,307
346,593
346,424
305,228
305,265
305,636
36,719
36,466
36,345
36,38
719,378
719,641
719,678
466,149
466,465
466,467
345,37
345,266
345,427
38,301
38,680
38,344
37,716
37,714
37,677
716,384
716,676
714,264
714,343
714,715
677,224
677,261
677,676
301,260
301,298
301,676
680,296
680,302
680,717
344,678
344,339
39,76
39,338
39,378
39,381
76,424
76,117
338,297
338,381
378,419
381,422
381,423
79,78
79,80
79,116
81,80
81,82
81,122
42,78
42,83
82,83
82,123
78,77
78,119
83,84
83,124
84,85
84,125
85,86
85,126
46,47
46,88
336,293
336,604
336,644
47,49
47,291
47,531
88,87
88,89
88,250
49,48
49,90
291,172
291,175
291,292
531,247
531,572
531,651
48,412
48,449
412,250
412,411
412,413
449,448
449,491
449,647
90,91
90,367
51,52
51,250
91,92
91,206
52,53
52,568
52,611
250,368
53,94
53,612
568,292
568,447
568,645
611,210
611,533
611,572
94,93
94,95
94,135
612,209
612,613
612,653
95,96
95,171
96,97
96,176
97,98
97,140
98,99
98,141
99,100
99,482
100,101
100,518
101,102
101,142
102,103
102,143
65,351
65,515
479,137
479,482
479,519
104,103
104,105
104,556
517,477
517,518
517,597
516,145
516,552
108,149
108,350
351,591
515,68
515,106
66,668
66,228
66,552
66,394
668,270
668,473
228,386
228,352
552,267
552,706
394,352
394,626
394,435
71,74
71,426
71,432
271,391
271,465
271,587
68,551
68,109
68,628
551,273
551,390
551,595
109,308
109,632
628,391
628,671
69,670
69,226
69,591
670,226
670,671
226,712
226,303
591,311
591,667
111,110
111,113
111,465
74,268
426,193
426,307
426,505
432,353
432,472
72,631
72,671
72,675
72,505
631,145
631,308
631,467
671,231
675,302
675,634
505,155
505,195
73,267
73,590
73,113
73,711
267,470
267,268
590,348
590,587
590,711
113,114
113,309
711,193
711,635
423,382
423,422
712,114
712,593
424,116
424,384
117,118
117,158
117,543
77,386
77,503
386,193
503,118
503,543
503,583
119,80
119,118
119,120
80,121
116,157
116,196
121,120
121,122
121,162
122,123
122,163
123,124
123,164
124,125
124,165
125,126
125,166
86,87
86,89
86,127
126,127
126,167
87,129
87,610
89,130
89,691
127,128
127,448
129,92
129,128
129,130
610,329
130,131
130,445
691,650
691,690
367,290
367,366
367,368
92,93
92,529
206,165
206,205
206,207
93,134
93,247
529,131
529,451
529,488
134,133
134,171
134,175
247,246
247,248
135,139
135,176
135,526
171,131
171,411
176,217
176,254
140,139
140,141
140,143
141,142
141,480
482,177
482,441
518,138
518,556
142,143
142,184
103,107
103,474
143,145
107,110
107,514
474,470
474,473
474,476
105,148
105,553
556,222
556,597
148,349
148,475
553,190
553,596
553,629
106,431
106,270
106,669
431,434
431,468
431,706
270,514
669,347
669,350
110,506
110,347
514,190
514,557
149,509
149,710
350,229
350,513
308,428
308,595
632,555
632,593
506,115
506,150
506,544
347,151
347,676
465,464
707,309
707,313
707,315
114,115
114,468
309,147
309,236
115,233
115,348
468,470
468,710
233,625
233,588
233,589
348,387
157,156
157,158
157,198
196,153
196,237
118,159
158,159
158,199
543,502
543,584
159,120
159,160
120,161
161,160
161,162
161,202
162,163
162,203
163,164
163,204
164,165
164,205
165,166
166,167
166,207
167,168
167,413
128,532
128,573
448,447
532,413
532,490
532,533
573,572
573,574
573,614
131,132
445,404
445,444
445,446
132,133
132,326
132,490
133,172
133,328
326,285
326,325
326,327
490,174
490,491
172,488
172,647
328,287
328,327
328,329
175,214
175,257
139,137
139,179
526,136
526,292
526,646
136,137
136,177
136,480
137,138
177,218
177,604
480,182
480,484
138,524
138,558
524,255
524,483
524,604
558,180
558,520
558,598
179,183
179,564
179,560
184,223
184,263
184,265
145,633
144,188
144,181
144,261
188,555
188,265
633,387
633,512
146,223
146,511
146,190
146,595
223,678
511,429
511,594
511,627
595,599
147,471
147,706
471,232
471,355
706,275
349,546
475,392
475,472
475,476
509,353
509,428
509,585
710,513
150,193
151,427
151,629
427,384
427,507
629,433
152,312
312,510
312,389
153,389
153,507
389,231
389,352
507,236
507,626
154,155
154,428
154,194
154,272
155,156
155,548
428,464
194,275
194,464
272,624
272,545
272,195
156,197
156,540
548,429
548,472
197,198
197,238
197,462
540,499
540,539
540,581
198,199
198,239
199,160
199,200
160,201
201,200
201,202
201,242
202,203
202,243
203,204
203,244
204,205
204,245
205,246
207,368
168,327
168,372
168,489
413,414
327,286
372,371
372,373
372,650
489,169
489,488
169,174
169,248
169,528
290,331
290,409
411,370
411,410
488,487
647,525
647,646
173,210
173,216
173,648
173,523
210,253
210,369
216,294
216,643
216,602
648,211
648,527
648,569
523,178
523,253
523,520
174,605
174,569
605,295
605,601
605,608
569,213
214,295
214,645
214,562
257,217
257,566
257,296
217,258
217,483
254,335
254,646
218,180
218,259
218,297
604,645
178,481
178,562
178,215
481,522
481,565
481,600
562,298
562,521
215,219
215,601
215,296
183,222
183,597
183,520
564,522
564,563
564,567
560,559
560,639
560,598
180,519
180,561
519,557
519,521
561,258
561,298
561,521
182,219
182,221
182,225
219,256
219,557
221,220
221,222
221,600
225,304
225,594
222,638
597,678
520,220
263,343
263,300
265,269
185,186
185,636
185,637
186,264
186,557
186,434
636,264
636,673
637,262
637,264
637,602
434,436
434,477
510,666
555,593
555,594
354,232
354,512
354,589
275,274
275,276
464,463
195,627
195,236
627,512
627,666
236,235
237,278
237,504
237,583
238,239
238,279
238,501
462,421
462,461
462,541
239,200
239,240
200,241
241,240
241,242
241,282
242,243
242,283
243,244
243,284
244,245
244,285
245,246
245,286
246,287
368,369
209,211
209,447
492,491
492,493
492,685
211,212
211,565
447,446
253,256
253,530
369,371
369,410
212,213
212,530
212,527
565,521
565,528
213,563
213,528
530,528
530,603
527,608
527,606
563,220
563,642
295,566
295,644
645,294
601,296
601,643
294,293
294,606
643,639
643,642
602,522
602,649
258,299
258,599
483,440
483,442
259,300
259,679
259,639
297,341
256,567
220,559
559,522
559,599
600,302
600,644
638,304
638,640
638,641
224,635
224,674
224,262
635,596
635,679
674,304
674,634
262,343
262,717
304,596
594,307
303,266
303,300
303,640
433,396
433,705
352,666
229,266
229,231
229,667
667,274
667,513
547,234
547,269
547,390
232,391
232,387
391,435
387,634
625,313
625,355
588,269
588,545
588,705
234,311
311,273
311,512
235,542
235,545
235,624
542,276
542,501
542,585
545,314
624,544
624,546
278,277
278,279
278,319
504,463
504,544
504,383
583,623
583,587
279,240
279,280
501,460
501,500
240,281
281,280
281,282
281,322
282,283
282,323
283,284
283,324
284,285
284,325
285,286
286,287
287,288
248,371
371,370
332,331
332,333
332,570
613,614
613,654
333,334
333,335
408,407
408,409
288,651
486,370
486,485
486,487
335,255
335,646
255,642
642,603
566,485
566,525
299,341
299,339
299,181
599,260
300,341
679,340
639,598
260,181
260,261
261,181
343,340
269,390
470,467
390,273
587,546
273,274
274,429
429,673
276,277
276,584
277,318
277,541
584,623
318,317
318,319
318,359
541,500
541,502
319,280
319,320
280,321
321,320
321,322
321,362
322,323
322,363
323,324
323,364
324,325
324,365
325,366
651,650
330,329
330,331
330,609
331,687
409,410
409,491
292,334
334,570
334,685
293,487
293,525
487,446
525,484
606,603
606,690
341,382
298,339
339,383
302,634
596,598
307,673
313,435
313,314
435,436
314,355
314,586
355,705
586,392
586,585
315,353
315,396
622,317
622,581
622,621
317,358
317,700
358,359
358,399
358,662
700,662
359,320
359,360
320,361
361,360
361,362
361,402
362,363
362,403
363,364
363,404
364,365
364,405
365,366
365,406
366,407
329,370
609,608
609,650
609,688
687,570
687,686
687,688
685,686
340,641
340,383
383,715
382,463
382,715
546,582
666,585
398,399
398,439
398,662
621,580
621,620
399,360
399,400
662,661
360,401
401,400
401,402
401,442
402,403
402,443
403,404
403,444
404,405
405,406
405,446
406,407
406,484
407,485
410,451
373,374
373,376
373,414
374,375
374,415
374,453
376,375
376,417
414,415
414,455
375,416
375,688
415,416
415,456
453,494
416,417
416,457
417,418
417,458
418,419
418,459
419,420
419,460
420,421
420,461
421,422
422,463
715,384
392,626
439,400
439,438
439,440
400,441
441,440
441,442
442,443
443,444
443,484
444,485
455,456
455,496
456,457
456,497
457,458
457,498
458,459
458,499
459,460
459,500
460,461
461,502
472,473
436,438
477,476
440,476
493,494
493,534
494,495
494,535
495,496
495,536
496,497
496,537
497,498
497,538
498,499
498,539
499,500
502,539
534,533
534,535
534,575
535,536
535,576
536,537
536,577
537,538
537,578
538,579
538,581
539,580
544,623
533,574
574,575
574,615
575,576
575,616
576,577
576,617
577,578
577,618
578,579
578,619
579,580
579,620
581,580
623,663
614,615
614,655
615,616
615,656
616,617
616,657
617,618
617,658
618,619
618,659
619,620
619,660
620,661
690,686
653,654
654,655
655,656
656,657
657,658
658,659
659,660
659,663
660,661
663,582
