0,41
0,719
0,37
0,343
41,40
41,42
41,82
719,39
719,378
719,678
37,35
37,716
37,714
343,262
343,302
343,680
1,40
1,337
1,379
1,380
40,79
40,81
337,380
337,644
337,683
379,77
379,338
379,420
380,421
380,424
2,43
2,681
2,682
2,683
43,42
43,44
43,84
681,377
681,640
681,642
682,3
682,297
682,641
683,254
683,255
3,4
3,44
3,684
4,5
4,45
4,454
44,45
44,85
684,5
684,256
684,685
5,6
5,7
45,46
45,608
454,453
454,455
454,495
6,7
6,251
6,252
7,8
7,249
251,333
251,408
251,489
252,288
252,486
252,567
8,9
8,289
8,452
249,248
249,332
249,613
9,10
9,50
9,571
289,51
289,288
289,330
452,451
452,453
452,493
10,11
10,652
10,689
50,49
50,51
50,91
571,567
571,570
571,572
11,12
11,170
11,607
652,610
652,651
652,653
689,686
689,688
689,690
12,13
12,208
12,450
170,46
170,48
170,290
607,173
607,211
607,606
13,14
13,54
13,692
208,207
208,209
208,492
450,408
450,448
450,451
14,15
14,55
14,693
54,53
54,55
54,95
692,90
692,691
692,693
15,16
15,56
15,694
55,56
55,96
693,610
693,694
16,17
16,57
16,695
56,57
56,97
694,653
694,695
17,18
17,58
17,696
57,58
57,98
695,654
695,696
18,19
18,59
18,697
58,59
58,99
696,655
696,697
19,20
19,60
19,698
59,60
59,100
697,656
697,698
20,21
20,61
20,699
60,61
60,101
698,657
698,699
21,22
21,357
21,397
61,62
61,102
699,658
699,700
22,63
22,356
22,701
357,316
357,398
357,621
397,395
397,477
397,702
63,104
63,702
63,434
356,274
356,625
356,392
701,438
701,660
701,700
23,62
23,475
23,702
23,703
62,65
62,479
475,148
475,476
475,516
702,661
703,314
703,436
703,664
24,64
24,316
24,355
24,106
64,516
64,435
64,515
316,584
316,622
355,29
355,585
355,235
106,188
106,707
106,553
25,393
25,315
25,26
25,232
393,547
393,591
393,395
315,313
315,667
315,354
26,314
26,28
26,183
314,353
314,586
28,145
28,514
28,672
27,629
27,705
27,630
27,227
629,73
629,390
629,427
705,313
705,589
705,665
630,549
630,550
630,713
227,151
227,184
227,628
145,143
145,631
145,147
514,69
514,708
514,709
672,513
672,554
672,676
29,625
29,467
29,550
625,272
625,546
467,228
467,466
467,469
550,147
550,634
30,191
30,267
30,269
30,627
191,72
191,589
191,590
267,344
267,303
267,555
269,153
269,225
269,392
627,313
627,351
627,388
31,32
31,348
31,188
31,34
32,189
32,311
32,506
348,232
348,426
348,510
188,146
188,306
34,383
34,36
34,150
189,187
189,225
189,554
311,704
311,433
311,666
506,193
506,275
506,549
33,231
33,711
33,309
33,386
231,110
231,149
231,229
711,192
711,226
711,347
309,68
309,230
309,670
386,77
386,346
386,592
383,347
383,676
383,463
36,674
36,304
36,344
150,108
150,591
150,430
35,306
35,712
35,425
306,390
306,344
712,152
712,471
712,593
425,349
425,504
425,508
674,265
674,552
674,635
304,223
304,263
304,385
344,38
716,76
716,342
716,640
714,424
714,633
714,718
38,715
38,677
38,339
715,384
715,385
715,633
677,303
677,638
677,675
339,642
339,679
339,301
39,76
39,338
39,378
76,342
76,424
338,297
338,381
378,377
378,419
79,78
79,80
79,116
81,80
81,82
81,122
42,78
42,83
82,83
82,123
78,77
78,119
83,84
83,124
84,85
84,125
85,86
85,126
46,47
46,88
608,169
608,253
608,609
47,49
47,291
47,531
88,87
88,89
88,250
49,48
49,90
291,172
291,292
291,605
531,247
531,572
531,651
48,412
48,449
412,250
412,411
412,413
449,369
449,448
449,490
90,91
90,367
51,52
51,250
91,92
91,206
52,53
52,568
52,611
250,368
53,94
53,612
568,292
568,447
568,645
611,169
611,533
611,572
94,93
94,95
94,135
612,209
612,613
612,653
95,96
95,171
96,97
96,176
97,98
97,140
98,99
98,141
99,100
99,482
100,101
100,518
101,102
101,142
102,103
102,143
65,67
65,473
65,391
479,137
479,482
479,519
104,103
104,105
104,556
434,229
434,431
434,435
516,437
516,480
435,391
435,436
515,513
515,554
515,517
67,71
67,108
67,388
473,147
473,472
473,474
391,271
391,547
66,590
66,430
66,108
66,628
590,551
590,666
430,511
430,588
108,111
628,68
628,352
71,74
71,110
71,513
388,190
388,713
68,144
68,394
144,512
144,224
144,596
394,436
394,663
394,396
69,591
69,186
69,152
591,149
186,70
186,223
186,226
152,233
152,671
70,192
70,349
70,147
192,670
192,509
349,109
349,148
74,75
74,268
74,469
110,107
110,111
513,555
72,427
72,511
72,710
427,271
427,505
511,151
511,670
710,233
710,307
710,673
73,190
73,466
73,272
190,426
190,547
466,113
466,465
272,665
272,429
75,423
75,507
75,384
268,187
268,592
268,632
469,107
469,470
423,381
423,382
423,422
507,353
507,424
507,544
384,385
384,717
342,299
342,676
77,503
503,118
503,543
503,583
119,80
119,118
119,120
80,121
116,157
116,196
116,428
121,120
121,122
121,162
122,123
122,163
123,124
123,164
124,125
124,165
125,126
125,166
86,87
86,127
86,530
126,127
126,167
87,129
87,610
127,128
127,448
530,527
530,565
530,649
129,92
129,128
129,130
610,329
89,130
89,691
89,248
130,131
130,445
691,650
691,690
248,247
248,371
367,290
367,366
367,368
92,93
92,529
206,165
206,205
206,207
93,134
93,247
529,174
529,451
529,488
134,133
134,171
134,175
247,246
135,139
135,176
135,526
171,131
171,411
176,217
176,254
140,139
140,141
140,143
141,142
141,480
482,177
482,441
518,517
518,556
518,555
142,143
142,184
103,107
103,474
107,307
474,470
474,476
105,148
105,592
105,184
556,183
556,597
148,387
592,351
184,223
707,392
707,509
707,704
553,228
553,432
553,673
307,387
307,308
111,113
111,312
109,266
109,548
109,671
266,222
266,262
266,263
548,153
548,155
548,472
671,305
671,554
113,112
113,114
312,351
312,389
312,706
112,470
112,631
112,155
470,468
631,308
631,634
155,154
155,156
114,115
114,468
114,346
115,194
115,387
115,505
468,346
468,431
346,303
194,624
194,230
194,234
387,589
505,235
505,345
157,156
157,158
157,198
196,237
196,232
196,624
428,308
428,464
428,552
117,118
117,158
117,382
117,543
118,159
158,159
158,199
382,341
382,680
543,502
543,584
159,120
159,160
120,161
161,160
161,162
161,202
162,163
162,203
163,164
163,204
164,165
164,205
165,166
166,167
166,207
167,168
167,413
128,532
128,573
448,447
532,413
532,533
532,569
573,572
573,574
573,614
131,132
131,213
445,404
445,444
445,446
132,133
132,326
132,490
213,570
213,253
213,173
133,172
133,328
326,285
326,325
326,327
490,294
490,491
172,488
172,647
328,287
328,327
328,329
175,214
175,215
175,603
139,137
139,179
526,136
526,292
526,646
136,137
136,177
136,480
137,138
177,218
177,604
480,484
138,558
138,483
138,519
558,181
558,185
558,520
483,440
483,442
483,524
519,178
519,180
179,178
179,561
179,598
512,146
512,273
512,588
224,598
224,596
224,181
596,264
596,673
146,670
146,549
549,509
149,392
149,230
230,472
151,233
151,234
233,154
234,587
234,588
153,154
153,465
154,236
465,271
465,464
236,544
236,583
236,235
156,197
156,540
197,198
197,238
197,462
540,499
540,539
540,581
198,199
198,239
199,160
199,200
160,201
201,200
201,202
201,242
202,203
202,243
203,204
203,244
204,205
204,245
205,246
207,368
168,327
168,372
168,489
413,414
327,286
372,371
372,373
372,650
489,488
489,649
169,290
169,253
290,331
253,256
411,370
411,410
488,487
647,491
647,525
647,646
173,210
173,212
174,409
174,646
174,564
409,408
409,410
409,491
646,335
564,563
564,567
564,605
214,295
214,563
214,645
215,212
215,216
215,296
603,297
603,606
603,639
217,216
217,218
217,258
254,335
254,606
218,219
218,259
604,336
604,524
604,645
178,563
178,257
563,220
257,566
257,562
257,523
561,180
561,560
561,601
598,261
598,635
180,559
180,523
559,182
559,557
559,599
523,562
523,521
181,520
181,183
520,182
520,517
182,221
182,560
221,220
221,222
221,600
560,219
560,637
183,597
597,638
597,678
223,263
185,632
185,472
185,265
632,431
632,552
265,636
265,301
226,310
226,635
187,594
187,593
594,270
594,557
594,637
593,510
593,675
225,637
225,228
426,271
426,713
547,510
589,669
509,667
193,510
193,310
193,350
310,228
310,508
350,270
350,433
350,545
624,353
624,668
195,275
195,508
195,545
195,232
275,274
275,276
508,352
545,389
545,667
237,278
237,504
237,583
238,239
238,279
238,501
462,421
462,461
462,541
239,200
239,240
200,241
241,240
241,242
241,282
242,243
242,283
243,244
243,284
244,245
244,285
245,246
245,286
246,287
368,369
209,211
209,447
492,491
492,493
492,685
211,212
211,334
447,446
210,649
210,528
210,522
528,605
528,569
528,527
212,565
334,292
334,333
334,685
565,527
565,569
570,332
570,687
295,566
295,644
295,648
645,294
216,524
216,602
296,680
296,601
296,562
524,255
602,261
602,599
602,643
258,299
258,640
258,259
219,220
219,256
259,300
259,521
220,264
256,567
264,262
264,636
222,557
222,261
600,641
600,644
600,639
557,595
261,676
263,678
637,636
635,305
229,587
229,706
587,432
587,668
706,626
706,664
588,270
235,354
544,504
544,623
583,546
278,277
278,279
278,319
504,463
279,240
279,280
501,460
501,500
501,542
240,281
281,280
281,282
281,322
282,283
282,323
283,284
283,324
284,285
284,325
285,286
286,287
287,288
371,369
371,370
332,331
332,333
613,614
613,654
333,335
408,407
288,651
486,370
486,485
486,487
335,255
606,690
255,643
643,298
643,680
566,485
566,525
562,260
299,298
299,717
640,638
300,341
300,718
300,679
521,481
521,522
260,639
260,636
260,599
639,642
599,522
262,302
302,381
302,340
678,303
301,298
301,340
555,552
270,347
347,669
665,586
665,668
429,313
429,713
429,586
273,274
273,551
273,352
274,669
551,595
551,634
352,390
669,353
276,277
276,542
276,584
277,318
277,541
542,546
542,585
584,623
318,317
318,319
318,359
541,500
541,502
319,280
319,320
280,321
321,320
321,322
321,362
322,323
322,363
323,324
323,364
324,325
324,365
325,366
651,650
330,329
330,331
330,609
331,687
605,569
293,294
293,336
293,487
293,525
294,648
336,644
336,648
487,446
525,484
648,527
601,297
601,642
298,641
641,638
717,341
717,675
341,340
718,345
718,633
679,340
679,675
381,422
385,389
305,595
305,634
595,308
390,626
704,432
704,664
433,395
433,709
666,396
666,471
351,431
389,708
586,664
667,663
354,432
354,396
622,317
622,581
622,621
317,358
317,700
358,359
358,399
358,662
700,662
359,320
359,360
320,361
361,360
361,362
361,402
362,363
362,403
363,364
363,404
364,365
364,405
365,366
365,406
366,407
329,370
609,650
609,688
687,686
687,688
685,686
345,673
345,633
585,582
585,623
398,399
398,439
398,662
621,580
621,620
399,360
399,400
662,661
360,401
401,400
401,402
401,442
402,403
402,443
403,404
403,444
404,405
405,406
405,446
406,407
406,484
407,485
369,410
410,451
373,374
373,376
373,414
374,375
374,415
374,453
376,375
376,377
376,417
414,415
414,455
375,416
375,688
415,416
415,456
453,494
416,417
416,457
377,418
417,418
417,458
418,419
418,459
419,420
419,460
420,421
420,461
421,422
422,463
463,464
708,626
708,709
626,668
395,471
436,438
663,659
663,582
396,437
471,709
477,476
477,478
477,517
439,400
439,438
439,440
400,441
441,440
441,442
442,443
443,444
443,484
444,485
455,456
455,496
456,457
456,497
457,458
457,498
458,459
458,499
459,460
459,500
460,461
461,502
464,546
438,478
437,478
437,481
478,481
440,476
493,494
493,534
494,495
494,535
495,496
495,536
496,497
496,537
497,498
497,538
498,499
498,539
499,500
502,539
481,522
534,533
534,535
534,575
535,536
535,576
536,537
536,577
537,538
537,578
538,579
538,581
539,580
533,574
574,575
574,615
575,576
575,616
576,577
576,617
577,578
577,618
578,579
578,619
579,580
579,620
581,580
623,582
614,615
614,655
615,616
615,656
616,617
616,657
617,618
617,658
618,619
618,659
619,620
619,660
620,661
690,686
653,654
654,655
655,656
656,657
657,658
658,659
659,660
660,661
