0,41
0,719
0,38
0,37
41,40
41,42
41,82
719,378
719,678
719,679
38,383
38,303
38,35
37,424
37,340
37,35
1,40
1,337
1,379
1,380
40,79
40,81
337,380
337,644
337,683
379,77
379,338
379,420
380,421
380,424
2,43
2,681
2,682
2,683
43,42
43,44
43,84
681,377
681,640
681,642
682,3
682,297
682,641
683,254
683,255
3,4
3,44
3,684
4,5
4,45
4,454
44,45
44,85
684,5
684,256
684,685
5,6
5,7
45,46
45,169
454,453
454,455
454,495
6,7
6,251
6,252
7,8
7,249
251,333
251,408
251,489
252,288
252,486
252,567
8,9
8,289
8,452
249,248
249,332
249,613
9,10
9,50
9,571
289,51
289,288
289,330
452,451
452,453
452,493
10,11
10,652
10,689
50,49
50,51
50,91
571,567
571,570
571,572
11,12
11,170
11,607
652,610
652,651
652,653
689,686
689,688
689,690
12,13
12,208
12,450
170,46
170,48
170,290
607,336
607,524
607,606
13,14
13,54
13,692
208,207
208,209
208,492
450,408
450,448
450,451
14,15
14,55
14,693
54,53
54,55
54,95
692,90
692,691
692,693
15,16
15,56
15,694
55,56
55,96
693,610
693,694
16,17
16,57
16,695
56,57
56,97
694,653
694,695
17,18
17,58
17,696
57,58
57,98
695,654
695,696
18,19
18,59
18,697
58,59
58,99
696,655
696,697
19,20
19,60
19,698
59,60
59,100
697,656
697,698
20,21
20,61
20,699
60,61
60,101
698,657
698,699
21,22
21,357
21,24
61,62
61,102
699,658
699,700
22,63
22,356
22,701
357,316
357,398
357,621
24,64
24,316
24,25
63,104
63,702
63,356
356,625
356,706
701,438
701,660
701,700
23,62
23,475
23,702
23,703
62,65
62,479
475,148
475,476
475,516
702,397
702,661
703,64
703,274
703,664
64,516
64,393
316,584
316,622
25,351
25,666
25,707
351,232
351,348
351,394
666,191
666,231
666,626
707,193
707,275
707,664
26,664
26,29
26,315
26,397
664,623
29,591
29,705
29,186
315,708
315,355
315,628
397,393
397,477
27,146
27,472
27,396
27,588
146,67
146,150
146,596
472,188
472,473
472,548
396,704
396,312
396,437
588,151
588,152
588,229
28,429
28,68
28,193
28,471
429,231
429,553
429,629
68,587
68,547
68,511
193,74
193,426
471,267
471,309
471,554
591,306
591,390
591,507
705,437
705,512
705,668
186,65
186,66
186,270
30,153
30,548
30,347
30,352
153,154
153,269
153,195
548,155
548,190
347,713
347,635
347,384
352,268
352,592
352,626
31,712
31,392
31,353
31,675
712,72
712,73
712,189
392,147
392,230
392,551
353,151
353,229
353,547
675,71
675,302
675,594
32,270
32,346
32,231
32,714
270,187
270,594
346,34
346,265
346,593
231,191
714,345
714,383
714,711
33,149
33,630
33,388
33,190
149,66
149,228
149,387
630,150
630,390
630,711
388,232
388,512
388,513
190,386
190,708
34,508
34,343
34,269
508,70
508,667
508,590
343,676
343,718
343,339
269,225
269,230
35,75
35,306
75,74
75,423
75,506
306,304
306,427
36,384
36,341
36,342
36,717
384,305
384,713
341,300
341,339
341,382
342,76
342,299
342,339
717,303
717,305
717,340
424,76
424,344
340,296
340,679
383,344
383,674
303,261
303,676
39,76
39,338
39,378
39,715
76,716
338,297
338,381
378,377
378,419
715,425
715,636
715,672
79,78
79,80
79,116
81,80
81,82
81,122
42,78
42,83
82,83
82,123
78,77
78,119
83,84
83,124
84,85
84,125
85,86
85,126
46,47
46,88
169,649
169,173
169,648
47,49
47,291
47,531
88,87
88,89
88,250
49,48
49,90
291,172
291,292
291,532
531,247
531,572
531,651
48,412
48,449
412,250
412,411
412,413
449,369
449,448
449,490
90,91
90,367
51,52
51,250
91,92
91,206
52,53
52,568
52,611
250,368
53,94
53,612
568,292
568,447
568,645
611,533
611,572
611,649
94,93
94,95
94,135
612,209
612,613
612,653
95,96
95,171
96,97
96,176
97,98
97,140
98,99
98,141
99,100
99,482
100,101
100,518
101,102
101,142
102,103
102,143
65,67
65,478
479,137
479,482
479,519
104,103
104,105
104,556
516,181
516,555
393,69
393,667
67,71
67,711
478,436
478,438
478,477
66,509
66,314
509,108
509,234
509,386
314,663
314,583
314,629
71,74
71,545
711,672
587,192
587,354
587,670
547,196
547,348
511,433
511,709
511,628
69,549
69,473
69,507
549,152
549,427
549,550
473,474
473,706
507,235
507,313
70,387
70,550
70,233
387,266
387,426
550,669
550,626
233,230
233,546
233,350
74,268
545,426
545,625
545,546
72,271
72,465
72,310
271,109
271,391
271,465
465,464
465,466
310,267
310,390
310,430
73,112
73,227
73,671
112,113
112,631
112,668
227,188
227,348
227,350
671,225
671,307
671,514
268,592
268,632
423,381
423,382
423,422
506,195
506,504
506,505
716,634
716,643
77,386
77,503
386,592
503,118
503,543
503,583
119,80
119,118
119,120
80,121
116,157
116,196
116,428
121,120
121,122
121,162
122,123
122,163
123,124
123,164
124,125
124,165
125,126
125,166
86,87
86,127
86,89
126,127
126,167
87,129
87,610
127,128
127,448
89,130
89,691
129,92
129,128
129,130
610,329
130,131
130,445
691,650
691,690
367,290
367,366
367,368
92,93
92,529
206,165
206,205
206,207
93,134
93,247
529,451
529,488
529,528
134,133
134,171
134,175
247,246
247,248
135,139
135,176
135,526
171,131
171,411
176,217
176,254
140,139
140,141
140,143
141,142
141,480
482,177
482,441
518,517
518,556
518,558
142,143
142,184
103,107
103,474
143,145
107,110
107,469
107,144
474,470
474,476
105,148
105,592
105,183
556,519
556,597
148,349
148,272
183,597
183,555
183,596
106,390
106,513
106,226
106,144
513,673
513,628
226,267
226,308
226,636
144,552
144,225
110,109
110,111
110,307
469,189
469,467
469,470
108,228
108,669
108,590
228,433
228,668
669,355
669,586
590,188
590,434
109,185
109,267
185,632
185,673
185,674
111,113
111,631
111,307
307,114
113,114
113,466
631,145
631,308
668,151
114,115
114,468
466,191
466,467
115,194
115,713
115,312
468,348
468,431
468,470
194,624
194,463
194,234
713,192
157,156
157,158
157,198
196,237
196,623
428,308
428,464
428,552
117,118
117,158
117,382
117,543
118,159
158,159
158,199
382,680
543,502
543,584
159,120
159,160
120,161
161,160
161,162
161,202
162,163
162,203
163,164
163,204
164,165
164,205
165,166
166,167
166,207
167,168
167,413
128,532
128,573
448,447
532,413
532,533
573,572
573,574
573,614
131,132
131,606
445,404
445,444
445,446
132,133
132,326
132,490
606,603
606,690
133,172
133,328
326,285
326,325
326,327
490,491
490,646
172,488
172,647
328,287
328,327
328,329
175,214
175,215
175,603
139,137
139,179
526,136
526,292
526,646
136,137
136,177
136,480
137,138
177,218
177,604
480,182
480,484
138,558
138,180
138,522
558,599
558,560
180,519
180,561
180,523
522,178
522,257
522,559
179,561
179,216
179,523
184,223
184,635
184,632
145,432
145,633
552,435
552,555
225,553
432,670
432,708
432,665
633,150
633,514
633,709
150,385
596,515
596,639
147,430
147,389
147,515
430,311
430,629
389,187
389,667
389,672
515,594
515,554
349,425
349,710
349,627
272,355
272,354
272,313
385,229
385,345
385,676
151,313
313,544
152,626
152,505
505,236
505,467
154,155
154,273
154,230
195,311
195,624
155,156
155,236
273,274
273,551
273,512
156,197
156,540
236,234
236,582
197,198
197,238
197,462
540,499
540,539
540,581
198,199
198,239
199,160
199,200
160,201
201,200
201,202
201,242
202,203
202,243
203,204
203,244
204,205
204,245
205,246
207,368
168,327
168,372
168,489
413,414
327,286
372,371
372,373
372,650
489,488
489,491
649,294
649,605
173,528
173,530
173,570
648,174
648,565
648,530
290,254
290,331
411,370
411,410
488,487
647,213
647,525
647,646
528,409
528,527
530,210
530,605
570,332
570,687
174,569
174,608
174,210
569,210
569,213
569,248
608,253
608,334
608,609
210,527
214,212
214,295
214,645
215,212
215,216
215,296
603,297
603,602
217,216
217,218
217,258
254,335
218,219
218,259
604,336
604,524
604,645
178,565
178,523
178,213
565,211
565,521
523,481
561,601
561,598
216,564
519,483
181,222
181,559
181,562
222,221
222,224
222,595
559,520
559,521
562,605
562,557
562,599
182,221
182,560
182,517
221,220
221,600
560,219
560,262
517,477
517,520
597,638
597,678
555,265
223,263
223,260
223,262
635,301
635,636
632,709
673,192
673,593
674,345
674,710
187,589
187,510
589,427
589,431
589,433
510,192
510,309
510,394
188,434
434,431
434,435
189,391
189,593
391,435
391,710
593,670
708,551
191,586
586,235
586,670
426,427
624,665
624,585
463,422
463,464
463,504
234,235
311,704
311,625
237,278
237,504
237,583
623,544
623,584
238,239
238,279
238,501
462,421
462,461
462,541
239,200
239,240
200,241
241,240
241,242
241,282
242,243
242,283
243,244
243,284
244,245
244,285
245,246
245,286
246,287
368,369
209,211
209,447
492,491
492,493
492,685
211,212
211,213
447,446
527,481
527,520
212,253
253,256
253,257
295,566
295,644
295,563
645,294
296,258
296,680
564,563
564,567
564,643
258,299
258,262
219,220
219,256
259,300
259,598
259,639
220,563
220,260
256,567
563,260
260,640
600,299
600,641
600,644
224,264
224,302
224,634
595,308
595,551
595,553
263,678
263,305
263,304
262,264
264,554
264,638
302,718
302,304
634,557
634,718
553,514
636,678
350,232
350,354
433,395
229,266
266,265
266,345
232,512
546,464
546,625
235,627
627,309
627,585
582,583
582,542
582,585
278,277
278,279
278,319
504,544
279,240
279,280
501,460
501,500
501,542
240,281
281,280
281,282
281,322
282,283
282,323
283,284
283,324
284,285
284,325
285,286
286,287
287,288
248,371
371,369
371,370
332,331
332,333
613,614
613,654
333,334
333,335
408,407
408,409
288,651
486,370
486,485
486,487
335,255
335,646
255,524
255,298
524,483
298,261
298,605
298,339
257,566
257,521
566,485
566,525
521,599
299,301
300,301
300,680
598,594
598,677
639,301
639,602
640,638
640,677
261,637
261,677
637,265
637,677
637,679
305,676
304,344
554,437
638,641
355,667
354,395
274,275
274,544
275,276
275,704
276,277
276,542
276,584
704,628
277,318
277,541
542,425
318,317
318,319
318,359
541,500
541,502
319,280
319,320
280,321
321,320
321,322
321,362
322,323
322,363
323,324
323,364
324,325
324,365
325,366
651,650
330,329
330,331
330,609
331,687
292,334
334,685
293,294
293,336
293,487
293,525
294,642
336,644
487,446
525,484
642,601
642,718
680,641
297,601
601,602
344,381
309,467
312,394
312,425
394,395
663,659
663,706
663,585
629,710
622,317
622,581
622,621
317,358
317,700
358,359
358,399
358,662
700,662
359,320
359,360
320,361
361,360
361,362
361,402
362,363
362,403
363,364
363,404
364,365
364,405
365,366
365,406
366,407
329,370
609,650
609,688
687,686
687,688
685,686
381,422
679,643
395,436
706,709
398,399
398,439
398,662
621,580
621,620
399,360
399,400
662,661
360,401
401,400
401,402
401,442
402,403
402,443
403,404
403,444
404,405
405,406
405,446
406,407
406,484
407,485
369,410
410,409
410,451
373,374
373,376
373,414
374,375
374,415
374,453
376,375
376,377
376,417
414,415
414,455
375,416
375,688
415,416
415,456
453,494
416,417
416,457
377,418
417,418
417,458
418,419
418,459
419,420
419,460
420,421
420,461
421,422
672,514
435,436
436,438
477,476
439,400
439,438
439,440
400,441
441,440
441,442
442,443
442,483
443,444
443,484
444,485
409,491
455,456
455,496
456,457
456,497
457,458
457,498
458,459
458,499
459,460
459,500
460,461
461,502
431,470
437,481
440,476
440,483
493,494
493,534
494,495
494,535
495,496
495,536
496,497
496,537
497,498
497,538
498,499
498,539
499,500
502,539
534,533
534,535
534,575
535,536
535,576
536,537
536,577
537,538
537,578
538,579
538,581
539,580
520,481
599,557
533,574
574,575
574,615
575,576
575,616
576,577
576,617
577,578
577,618
578,579
578,619
579,580
579,620
581,580
614,615
614,655
615,616
615,656
616,617
616,657
617,618
617,658
618,619
618,659
619,620
619,660
620,661
602,557
690,686
653,654
654,655
655,656
656,657
657,658
658,659
659,660
660,661
