0,41
0,719
0,718
0,680
41,40
41,42
41,82
719,378
719,383
719,678
718,298
718,299
718,344
680,296
680,382
680,679
1,40
1,337
1,379
1,380
40,79
40,81
337,380
337,644
337,683
379,77
379,338
379,420
380,421
380,424
2,43
2,681
2,682
2,683
43,42
43,44
43,84
681,377
681,640
681,642
682,3
682,297
682,641
683,254
683,255
3,4
3,44
3,684
4,5
4,45
4,454
44,45
44,85
684,5
684,256
684,685
5,6
5,7
45,46
45,169
454,453
454,455
454,495
6,7
6,251
6,252
7,8
7,249
251,333
251,408
251,489
252,288
252,486
252,567
8,9
8,289
8,452
249,248
249,332
249,613
9,10
9,50
9,571
289,51
289,288
289,330
452,451
452,453
452,493
10,11
10,652
10,689
50,49
50,51
50,91
571,567
571,570
571,572
11,12
11,170
11,607
652,610
652,651
652,653
689,686
689,688
689,690
12,13
12,208
12,450
170,46
170,48
170,290
607,211
607,606
607,649
13,14
13,54
13,692
208,207
208,209
208,492
450,408
450,448
450,451
14,15
14,55
14,693
54,53
54,55
54,95
692,90
692,691
692,693
15,16
15,56
15,694
55,56
55,96
693,610
693,694
16,17
16,57
16,695
56,57
56,97
694,653
694,695
17,18
17,58
17,696
57,58
57,98
695,654
695,696
18,19
18,59
18,697
58,59
58,99
696,655
696,697
19,20
19,60
19,698
59,60
59,100
697,656
697,698
20,21
20,61
20,699
60,61
60,101
698,657
698,699
21,22
21,357
21,436
61,62
61,102
699,658
699,700
22,63
22,356
22,701
357,316
357,398
357,621
436,397
436,435
436,438
63,104
63,702
63,433
356,625
356,668
356,315
701,438
701,660
701,700
23,62
23,475
23,702
23,703
62,65
62,479
475,148
475,476
475,516
702,397
702,661
703,65
703,397
703,664
24,64
24,316
24,665
24,706
64,516
64,393
64,434
316,584
316,622
665,707
665,582
706,26
706,510
706,667
25,355
25,628
25,315
25,66
355,26
355,29
355,313
628,234
628,391
628,431
315,275
315,195
66,354
66,109
66,627
26,310
26,395
310,512
310,549
310,388
395,28
395,106
395,705
27,231
27,270
27,471
27,190
231,150
231,591
231,232
270,226
270,586
270,632
471,311
471,594
471,705
190,106
190,147
190,226
28,189
28,508
28,671
189,433
189,509
189,547
508,29
508,429
508,590
671,33
671,510
671,554
29,68
29,588
68,151
68,272
68,712
588,430
588,544
588,629
30,273
30,586
30,152
30,32
273,274
273,551
273,506
586,236
586,707
152,34
152,385
152,352
32,384
32,513
32,193
31,150
31,191
31,350
31,546
150,553
150,227
191,73
191,546
191,633
350,226
350,551
350,670
546,464
546,625
384,307
384,425
384,676
513,392
513,470
513,594
193,353
193,271
193,312
33,110
33,507
33,713
110,107
110,111
110,312
507,195
507,236
507,351
713,149
713,302
713,548
34,114
34,153
34,265
114,113
114,115
114,468
153,154
153,269
153,585
265,187
265,636
265,637
35,345
35,717
35,463
35,267
345,263
345,341
345,342
717,344
717,638
717,640
463,422
463,464
463,504
267,712
267,630
267,554
36,386
36,75
36,348
36,341
386,77
386,592
386,469
75,74
75,423
75,424
348,151
348,230
348,710
341,300
341,382
37,343
37,38
37,301
37,260
343,38
343,299
343,303
38,714
38,678
301,676
301,305
301,302
714,268
714,302
714,308
678,263
678,597
39,76
39,338
39,378
39,716
76,342
76,424
76,506
338,297
338,381
378,377
378,419
716,426
716,673
716,715
79,78
79,80
79,116
81,80
81,82
81,122
42,78
42,83
82,83
82,123
78,77
78,119
83,84
83,124
84,85
84,125
85,86
85,126
46,47
46,88
47,49
47,291
47,531
88,87
88,89
88,250
49,48
49,90
291,172
291,292
291,647
531,247
531,572
531,651
48,412
48,449
412,250
412,411
412,413
449,448
449,490
449,611
90,91
90,367
51,52
51,250
91,92
91,206
52,53
52,568
52,611
250,368
53,94
53,612
568,292
568,447
568,645
611,533
611,572
94,93
94,95
94,135
612,209
612,613
612,653
95,96
95,171
96,97
96,176
97,98
97,140
98,99
98,141
99,100
99,482
100,101
100,518
101,102
101,142
102,103
102,143
65,67
65,511
479,137
479,482
479,519
104,103
104,105
104,556
433,553
433,672
516,181
516,188
393,188
393,625
393,666
434,272
434,431
434,435
67,71
67,227
67,432
511,226
511,354
511,553
354,626
354,623
109,106
109,547
109,347
627,430
627,626
627,664
71,74
71,385
71,506
227,108
227,186
432,272
432,312
432,390
151,707
151,593
272,669
712,589
712,675
69,669
69,708
69,667
69,590
669,593
669,708
708,548
708,704
667,311
667,668
590,112
590,387
70,674
70,553
70,186
70,551
674,304
674,595
674,631
186,183
186,144
551,595
74,72
74,268
385,309
385,506
72,466
72,675
72,630
466,113
466,465
466,467
675,302
675,672
630,514
630,589
73,389
73,505
73,550
389,149
389,351
389,594
505,196
505,232
505,504
550,106
550,188
550,228
268,592
268,632
423,381
423,382
423,422
424,154
342,262
342,299
77,503
503,118
503,543
503,583
119,80
119,118
119,120
80,121
116,157
116,196
116,428
121,120
121,122
121,162
122,123
122,163
123,124
123,164
124,125
124,165
125,126
125,166
86,87
86,89
86,127
126,127
126,167
87,129
87,610
89,130
89,691
127,128
127,448
129,92
129,128
129,130
610,329
130,131
130,445
691,650
691,690
367,290
367,366
367,368
92,93
92,529
206,165
206,205
206,207
93,134
93,247
529,131
529,451
529,488
134,133
134,171
134,175
247,246
247,248
135,139
135,176
135,526
171,131
171,411
176,217
176,254
140,139
140,141
140,143
141,142
141,480
482,177
482,441
518,517
518,556
518,558
142,143
142,184
103,107
103,474
143,145
107,469
107,549
474,470
474,473
474,476
105,148
105,592
105,187
556,185
556,597
148,111
148,349
592,187
187,306
469,467
469,470
549,353
549,711
108,673
108,387
108,313
673,346
673,351
387,266
387,468
313,236
313,430
547,426
547,587
347,230
347,344
347,388
111,113
111,593
312,670
113,112
593,224
112,631
112,352
631,145
631,308
352,147
352,709
115,194
115,425
115,383
468,431
468,470
194,624
194,629
194,426
425,349
425,467
383,426
383,339
157,156
157,158
157,198
196,237
196,545
428,308
428,464
428,552
117,118
117,158
117,382
117,543
118,159
158,159
158,199
543,502
543,584
159,120
159,160
120,161
161,160
161,162
161,202
162,163
162,203
163,164
163,204
164,165
164,205
165,166
166,167
166,207
167,168
167,413
128,532
128,573
448,447
532,413
532,533
532,530
573,572
573,574
573,614
131,132
445,404
445,444
445,446
132,133
132,326
132,490
133,172
133,328
326,285
326,325
326,327
490,491
490,569
172,488
172,647
328,287
328,327
328,329
175,214
175,215
175,603
139,137
139,179
526,136
526,292
526,646
136,137
136,177
136,480
137,138
177,218
177,604
480,178
480,484
138,558
138,521
138,180
558,595
558,561
521,481
521,522
521,523
180,519
180,561
180,560
179,178
179,561
179,222
184,223
184,517
184,514
145,670
145,229
144,478
144,181
144,596
478,438
478,477
478,396
181,598
181,596
596,515
596,599
670,192
229,147
229,710
229,634
146,351
146,515
146,266
146,635
515,481
515,520
266,262
266,715
635,303
635,676
635,559
147,707
349,232
349,711
149,230
149,305
230,633
305,677
305,636
154,155
154,544
269,225
269,594
269,388
585,235
585,583
585,427
155,156
155,548
155,235
544,504
544,623
156,197
156,540
548,472
235,234
235,624
197,198
197,238
197,462
540,499
540,539
540,581
198,199
198,239
199,160
199,200
160,201
201,200
201,202
201,242
202,203
202,243
203,204
203,244
204,205
204,245
205,246
207,368
168,327
168,372
168,489
413,414
327,286
372,371
372,373
372,650
489,409
489,488
169,211
169,174
169,210
211,209
211,212
290,214
290,331
411,370
411,410
488,487
647,525
647,646
173,648
173,530
173,369
173,528
648,213
648,528
648,608
530,213
530,603
369,368
369,371
369,410
528,608
528,527
174,522
174,212
174,257
522,178
522,481
214,295
214,645
215,212
215,216
215,296
603,297
603,606
217,216
217,218
217,258
254,335
254,646
218,219
218,259
604,336
604,524
604,645
178,519
519,557
561,601
222,221
222,639
222,555
560,182
560,219
560,258
598,637
598,634
598,639
182,221
182,262
182,520
221,220
221,600
262,183
520,562
520,523
183,597
183,634
597,638
634,555
223,220
223,263
223,636
517,437
517,477
514,392
514,512
185,632
185,512
185,264
632,467
512,709
264,260
264,263
264,715
306,303
306,429
306,427
188,473
473,396
473,472
509,233
509,392
509,668
633,304
633,677
192,430
192,314
192,545
314,234
314,396
314,664
545,233
545,624
353,709
353,429
271,391
271,465
271,629
624,668
629,234
195,542
195,583
542,276
542,501
542,427
583,237
237,278
237,504
238,239
238,279
238,501
462,421
462,461
462,541
239,200
239,240
200,241
241,240
241,242
241,282
242,243
242,283
243,244
243,284
244,245
244,285
245,246
245,286
246,287
209,447
492,491
492,493
492,685
447,446
210,649
210,248
210,213
649,569
649,570
248,371
213,564
212,564
564,563
564,567
295,566
295,644
295,641
645,294
216,524
216,255
296,565
296,261
524,255
524,483
255,335
258,299
258,300
219,220
219,256
259,300
259,562
259,599
220,563
256,253
256,567
563,523
563,643
600,641
600,644
600,602
639,298
639,679
555,228
555,552
636,225
224,225
224,554
224,557
225,710
554,557
557,481
710,311
228,307
228,304
307,346
307,672
304,344
591,309
591,427
591,672
232,666
666,664
666,704
233,390
233,626
390,711
390,625
626,704
236,274
274,275
274,705
278,277
278,279
278,319
279,240
279,280
501,460
501,500
240,281
281,280
281,282
281,322
282,283
282,323
283,284
283,324
284,285
284,325
285,286
286,287
287,288
371,370
332,331
332,333
332,570
613,614
613,654
333,334
333,335
408,407
408,409
288,651
486,370
486,485
486,487
253,608
253,606
253,527
608,609
606,690
527,569
527,523
335,646
257,566
257,261
257,643
566,485
566,525
261,339
261,340
643,339
643,605
300,637
562,565
562,599
599,559
260,602
260,303
602,298
602,642
715,677
637,676
388,587
391,435
391,431
465,346
465,464
275,276
275,663
705,709
276,277
276,584
663,394
663,623
663,659
277,318
277,541
584,623
318,317
318,319
318,359
541,500
541,502
319,280
319,320
280,321
321,320
321,322
321,362
322,323
322,363
323,324
323,364
324,325
324,365
325,366
651,650
330,329
330,331
330,609
331,687
292,334
334,685
334,491
293,294
293,336
293,487
293,525
294,569
294,336
336,644
487,446
525,484
641,638
565,483
565,605
297,601
601,642
601,679
298,642
677,640
429,392
346,510
308,595
309,472
309,587
472,589
587,711
311,394
394,589
394,437
396,437
622,317
622,581
622,621
317,358
317,700
358,359
358,399
358,662
700,662
359,320
359,360
320,361
361,360
361,362
361,402
362,363
362,403
363,364
363,404
364,365
364,405
365,366
365,406
366,407
329,370
609,650
609,688
687,570
687,686
687,688
685,686
491,409
381,340
381,422
339,340
340,679
510,552
398,399
398,439
398,662
621,580
621,620
399,360
399,400
662,661
360,401
401,400
401,402
401,442
402,403
402,443
403,404
403,444
404,405
405,406
405,446
406,407
406,484
407,485
410,409
410,451
373,374
373,376
373,414
374,375
374,415
374,453
376,375
376,377
376,417
414,415
414,455
375,416
375,688
415,416
415,456
453,494
416,417
416,457
377,418
417,418
417,458
418,419
418,459
419,420
419,460
420,421
420,461
421,422
435,552
437,704
397,477
477,476
439,400
439,438
439,440
400,441
441,440
441,442
442,443
442,483
443,444
443,484
444,485
455,456
455,496
456,457
456,497
457,458
457,498
458,459
458,499
459,460
459,500
460,461
461,502
440,476
440,483
493,494
493,534
494,495
494,535
495,496
495,536
496,497
496,537
497,498
497,538
498,499
498,539
499,500
502,539
534,533
534,535
534,575
535,536
535,576
536,537
536,577
537,538
537,578
538,579
538,581
539,580
533,574
574,575
574,615
575,576
575,616
576,577
576,617
577,578
577,618
578,579
578,619
579,580
579,620
581,580
614,615
614,655
615,616
615,656
616,617
616,657
617,618
617,658
618,619
618,659
619,620
619,660
620,661
638,640
690,686
653,654
654,655
655,656
656,657
657,658
658,659
659,660
660,661
