0,41
0,719
0,36
0,298
41,40
41,42
41,82
719,378
719,678
719,715
1,40
1,337
1,379
1,380
40,79
40,81
337,380
337,644
337,683
379,77
379,338
379,420
380,421
380,424
2,43
2,681
2,682
2,683
43,42
43,44
43,84
681,377
681,640
681,642
682,3
682,297
682,641
683,254
683,255
3,4
3,44
3,684
4,5
4,45
4,454
44,45
44,85
684,5
684,256
684,685
5,6
5,7
45,46
45,530
454,453
454,455
454,495
6,7
6,251
6,252
7,8
7,249
251,333
251,408
251,489
252,288
252,486
252,567
8,9
8,289
8,452
249,248
249,332
249,613
9,10
9,50
9,571
289,51
289,288
289,330
452,451
452,453
452,493
10,11
10,652
10,689
50,49
50,51
50,91
571,567
571,570
571,572
11,12
11,170
11,607
652,610
652,651
652,653
689,686
689,688
689,690
12,13
12,208
12,450
170,46
170,48
170,290
607,489
607,606
607,608
13,14
13,54
13,692
208,207
208,209
208,492
450,408
450,448
450,451
14,15
14,55
14,693
54,53
54,55
54,95
692,90
692,691
692,693
15,16
15,56
15,694
55,56
55,96
693,610
693,694
16,17
16,57
16,695
56,57
56,97
694,653
694,695
17,18
17,58
17,696
57,58
57,98
695,654
695,696
18,19
18,59
18,697
58,59
58,99
696,655
696,697
19,20
19,60
19,698
59,60
59,100
697,656
697,698
20,21
20,61
20,699
60,61
60,101
698,657
698,699
21,22
21,357
21,437
61,62
61,102
699,658
699,700
22,63
22,356
22,701
357,316
357,398
357,621
437,396
437,397
437,430
63,104
63,702
63,704
356,315
356,625
356,705
701,438
701,660
701,700
23,62
23,475
23,702
23,703
62,65
62,479
475,148
475,476
475,516
702,397
702,661
703,355
703,664
703,582
24,64
24,316
24,315
24,705
64,516
64,394
64,515
316,584
316,622
315,234
315,396
705,624
705,625
25,433
25,664
25,270
25,395
433,108
433,473
433,397
664,355
664,666
26,393
26,354
26,666
26,590
393,589
393,432
393,624
354,273
354,472
354,628
666,709
666,669
590,66
590,274
590,583
27,710
27,309
27,190
27,395
710,187
710,312
710,511
309,30
309,227
309,312
190,106
190,670
190,674
395,708
395,396
28,552
28,30
28,632
28,394
552,388
552,428
552,555
30,508
30,506
632,185
632,268
632,628
394,627
394,471
29,112
29,107
29,313
29,586
112,113
112,631
112,385
107,103
107,110
107,469
313,231
313,389
313,431
586,236
586,505
586,629
508,153
508,346
508,707
506,193
506,629
506,669
31,232
31,108
31,513
31,151
232,470
232,432
232,234
108,150
108,668
513,307
513,515
513,514
151,387
151,346
151,425
32,587
32,304
32,634
32,68
587,314
587,630
587,623
304,261
304,305
304,383
634,263
634,673
634,716
68,310
68,228
68,189
33,72
33,343
33,37
33,115
72,387
72,188
72,551
343,263
343,300
343,340
37,717
37,76
37,75
115,114
115,194
115,546
34,38
34,424
34,676
34,344
38,303
38,424
38,339
424,76
676,301
676,383
676,643
344,264
344,717
344,677
35,427
35,306
35,672
35,152
427,109
427,674
427,589
306,226
306,349
306,347
672,185
672,192
672,265
152,391
152,192
152,425
36,39
36,346
36,303
39,76
39,338
39,378
346,510
717,262
717,679
76,342
75,74
75,423
75,387
303,299
303,340
339,296
339,302
339,602
338,297
338,381
378,377
378,419
79,78
79,80
79,116
81,80
81,82
81,122
42,78
42,83
82,83
82,123
78,77
78,119
83,84
83,124
84,85
84,125
85,86
85,126
46,47
46,88
530,606
530,649
530,648
47,49
47,291
47,531
88,87
88,89
88,250
49,48
49,90
291,172
291,292
291,169
531,247
531,572
531,651
48,412
48,449
412,250
412,411
412,413
449,448
449,490
449,491
90,91
90,367
51,52
51,250
91,92
91,206
52,53
52,568
52,611
250,368
53,94
53,612
568,292
568,447
568,645
611,532
611,533
611,572
94,93
94,95
94,135
612,209
612,613
612,653
95,96
95,171
96,97
96,176
97,98
97,140
98,99
98,141
99,100
99,482
100,101
100,518
101,102
101,142
102,103
102,143
65,67
65,69
65,515
479,137
479,482
479,519
104,103
104,105
104,556
704,432
704,434
704,625
516,187
516,519
515,478
67,71
67,551
67,270
69,148
69,671
69,150
66,149
66,144
66,186
149,146
149,550
149,629
144,181
144,514
144,185
186,671
186,266
186,227
71,74
71,510
71,193
551,273
551,595
270,73
270,147
310,147
310,347
310,707
228,549
228,345
228,348
189,712
189,595
189,267
148,105
148,349
671,345
671,352
150,465
150,266
70,348
70,187
70,471
70,553
348,588
348,472
187,596
471,352
471,467
553,266
553,670
553,555
74,268
74,192
510,110
510,387
193,504
193,351
188,145
188,191
188,707
73,229
73,384
73,425
229,391
229,628
229,712
384,345
384,718
384,711
425,349
268,230
268,592
192,351
423,381
423,382
423,422
342,299
342,305
342,716
77,386
77,503
386,385
386,592
386,550
503,118
503,543
503,583
119,80
119,118
119,120
80,121
116,157
116,196
116,428
121,120
121,122
121,162
122,123
122,163
123,124
123,164
124,125
124,165
125,126
125,166
86,87
86,89
86,127
126,127
126,167
87,129
87,610
89,130
89,691
127,128
127,448
129,92
129,128
129,130
610,329
130,131
130,445
691,650
691,690
367,290
367,366
367,368
92,93
92,529
206,165
206,205
206,207
93,134
93,247
529,131
529,451
529,488
134,133
134,171
134,175
247,246
247,248
135,139
135,176
135,526
171,131
171,411
176,217
176,254
140,139
140,141
140,143
141,142
141,480
482,177
482,441
518,514
518,517
518,556
142,143
142,184
103,474
143,145
474,470
474,473
474,476
105,592
105,435
556,597
556,560
592,350
435,391
435,434
435,436
106,517
106,708
106,593
517,477
517,596
708,429
708,507
593,223
593,224
593,392
110,111
110,591
469,467
469,470
469,667
668,388
668,509
668,624
109,548
109,226
109,554
548,155
548,472
548,507
226,550
226,595
554,183
554,591
554,711
111,113
111,305
111,631
591,549
591,712
113,114
113,466
305,711
631,145
631,308
385,675
385,713
114,468
114,711
466,269
466,465
466,467
468,233
468,431
468,470
194,275
194,709
194,231
546,464
546,625
546,588
157,156
157,158
157,198
196,237
196,236
196,547
428,308
428,464
117,118
117,158
117,382
117,543
118,159
158,159
158,199
382,341
382,680
543,502
543,584
159,120
159,160
120,161
161,160
161,162
161,202
162,163
162,203
163,164
163,204
164,165
164,205
165,166
166,167
166,207
167,168
167,413
128,532
128,573
448,447
532,413
532,533
573,572
573,574
573,614
131,132
445,404
445,444
445,446
132,133
132,326
132,490
133,172
133,328
326,285
326,325
326,327
490,491
490,523
172,488
172,647
328,287
328,327
328,329
175,214
175,215
175,603
139,137
139,179
526,136
526,292
526,646
136,137
136,177
136,480
137,138
177,218
177,604
480,484
480,557
138,558
138,521
138,481
558,181
558,599
558,637
521,181
521,182
521,218
481,180
481,522
481,559
179,561
179,217
179,219
184,180
184,223
184,633
145,146
181,562
514,224
185,264
146,511
146,555
511,269
511,312
555,222
147,353
147,191
353,234
353,271
353,512
191,669
191,195
349,630
550,311
629,630
465,271
465,464
266,227
391,271
153,154
153,269
153,273
154,155
154,350
154,388
269,225
273,274
155,156
155,547
350,707
350,507
388,709
156,197
156,540
547,390
547,505
197,198
197,238
197,462
540,499
540,539
540,581
198,199
198,239
199,160
199,200
160,201
201,200
201,202
201,242
202,203
202,243
203,204
203,244
204,205
204,245
205,246
207,368
168,327
168,372
168,489
413,414
327,286
372,371
372,373
372,650
489,488
169,527
169,173
169,213
527,334
527,648
527,523
290,331
290,569
411,370
411,410
488,487
647,295
647,525
647,646
173,528
173,524
173,216
528,210
528,409
528,605
524,255
524,483
524,604
216,174
216,253
216,602
174,253
174,569
174,210
253,256
253,608
569,210
569,213
210,605
214,295
214,645
214,563
215,211
215,296
215,608
603,259
603,297
603,606
217,258
217,178
254,335
254,646
218,259
218,639
604,336
604,645
178,219
178,258
178,478
219,256
219,560
258,299
258,260
561,180
561,520
561,601
180,519
519,522
562,298
562,599
562,598
182,221
182,560
182,223
221,220
221,222
221,600
560,559
223,263
183,597
183,220
183,557
597,638
597,678
220,563
220,639
557,598
557,602
633,307
633,673
633,714
264,677
264,635
227,635
596,262
596,265
712,675
595,308
267,225
267,594
267,429
670,352
670,389
674,265
674,383
669,389
195,467
195,627
195,628
351,429
351,706
504,237
504,463
504,544
275,272
275,274
275,276
709,308
231,311
231,667
627,271
627,311
237,278
237,583
236,665
236,626
238,239
238,279
238,501
462,421
462,461
462,541
239,200
239,240
200,241
241,240
241,242
241,282
242,243
242,283
243,244
243,284
244,245
244,285
245,246
245,286
246,287
368,369
209,211
209,447
492,491
492,493
492,685
211,212
211,649
447,446
605,565
605,601
212,564
212,565
212,294
649,213
649,248
564,483
564,563
564,567
565,257
565,522
294,293
294,645
294,642
213,523
523,520
295,566
295,644
563,296
296,680
608,609
602,336
259,300
259,641
639,635
639,677
256,567
222,520
222,559
600,641
600,644
600,637
520,598
559,599
263,678
224,594
224,637
594,714
594,713
637,640
225,265
225,636
636,301
636,715
636,714
635,716
549,314
549,706
345,714
230,390
230,233
230,545
390,272
390,630
233,665
233,544
545,274
545,507
545,624
311,431
667,272
667,473
432,430
234,235
665,235
665,392
544,623
544,585
235,663
235,542
663,623
663,659
663,706
542,276
542,501
542,509
626,585
626,588
626,706
278,277
278,279
278,319
583,582
279,240
279,280
501,460
501,500
240,281
281,280
281,282
281,322
282,283
282,323
283,284
283,324
284,285
284,325
285,286
286,287
287,288
248,371
371,369
371,370
332,331
332,333
332,570
613,614
613,654
333,334
333,335
408,407
408,409
288,651
486,370
486,485
486,487
335,255
335,646
255,257
257,566
257,522
566,485
566,525
299,261
260,599
260,642
260,301
300,341
300,638
641,638
642,601
301,675
261,598
261,262
262,298
298,718
678,680
677,679
429,426
272,585
585,355
276,277
276,584
277,318
277,541
584,623
318,317
318,319
318,359
541,500
541,502
319,280
319,320
280,321
321,320
321,322
321,362
322,323
322,363
323,324
323,364
324,325
324,365
325,366
651,650
330,329
330,331
330,609
331,687
292,334
334,685
293,336
293,487
293,525
336,644
487,446
525,484
680,341
297,601
718,679
718,643
341,383
638,640
675,673
302,713
302,640
302,716
713,347
340,381
340,643
347,512
307,588
307,673
312,314
431,434
314,509
389,589
509,426
396,436
622,317
622,581
622,621
317,358
317,700
358,359
358,399
358,662
700,662
359,320
359,360
320,361
361,360
361,362
361,402
362,363
362,403
363,364
363,404
364,365
364,405
365,366
365,406
366,407
329,370
609,650
609,688
687,570
687,686
687,688
570,369
685,686
381,422
643,648
512,392
512,430
472,473
352,392
355,436
436,438
398,399
398,439
398,662
621,580
621,620
399,360
399,400
662,661
360,401
401,400
401,402
401,442
402,403
402,443
403,404
403,444
404,405
405,406
405,446
406,407
406,484
407,485
369,410
410,409
410,451
373,374
373,376
373,414
374,375
374,415
374,453
376,375
376,377
376,417
414,415
414,455
375,416
375,688
415,416
415,456
453,494
416,417
416,457
377,418
417,418
417,458
418,419
418,459
419,420
419,460
420,421
420,461
421,422
422,463
589,434
397,477
477,476
477,478
439,400
439,438
439,440
400,441
441,440
441,442
442,443
442,483
443,444
443,484
444,485
409,491
455,456
455,496
456,457
456,497
457,458
457,498
458,459
458,499
459,460
459,500
460,461
461,502
463,464
463,505
430,426
438,478
440,476
440,483
493,494
493,534
494,495
494,535
495,496
495,536
496,497
496,537
497,498
497,538
498,499
498,539
499,500
502,539
505,426
534,533
534,535
534,575
535,536
535,576
536,537
536,577
537,538
537,578
538,579
538,581
539,580
606,690
533,574
574,575
574,615
575,576
575,616
576,577
576,617
577,578
577,618
578,579
578,619
579,580
579,620
581,580
614,615
614,655
615,616
615,656
616,617
616,657
617,618
617,658
618,619
618,659
619,620
619,660
620,661
690,686
653,654
654,655
655,656
656,657
657,658
658,659
659,660
660,661
715,679
