0,41
0,718
0,343
0,339
41,40
41,42
41,82
718,261
718,263
718,384
343,35
343,302
343,383
339,341
339,377
339,680
1,40
1,337
1,379
1,380
40,79
40,81
337,380
337,644
337,683
379,77
379,338
379,420
380,76
380,421
2,43
2,681
2,682
2,683
43,42
43,44
43,84
681,342
681,640
681,680
682,3
682,297
682,641
683,254
683,255
3,4
3,44
3,684
4,5
4,45
4,454
44,45
44,85
684,5
684,256
684,685
5,6
5,7
45,46
45,336
454,453
454,455
454,495
6,7
6,251
6,252
7,8
7,249
251,333
251,408
251,489
252,288
252,486
252,567
8,9
8,289
8,452
249,248
249,332
249,613
9,10
9,50
9,571
289,51
289,288
289,330
452,451
452,453
452,493
10,11
10,652
10,689
50,49
50,51
50,91
571,567
571,570
571,572
11,12
11,170
11,607
652,610
652,651
652,653
689,686
689,688
689,690
12,13
12,208
12,450
170,46
170,48
170,290
607,173
607,603
607,608
13,14
13,54
13,692
208,207
208,209
208,492
450,408
450,448
450,451
14,15
14,55
14,693
54,53
54,55
54,95
692,90
692,691
692,693
15,16
15,56
15,694
55,56
55,96
693,610
693,694
16,17
16,57
16,695
56,57
56,97
694,653
694,695
17,18
17,58
17,696
57,58
57,98
695,654
695,696
18,19
18,59
18,697
58,59
58,99
696,655
696,697
19,20
19,60
19,698
59,60
59,100
697,656
697,698
20,21
20,61
20,699
60,61
60,101
698,657
698,699
21,22
21,357
21,478
61,62
61,102
699,658
699,700
22,63
22,356
22,701
357,316
357,398
357,621
478,23
478,438
478,477
63,104
63,517
63,702
356,354
356,625
356,664
701,438
701,660
701,700
23,62
23,702
23,703
62,65
62,479
702,24
702,661
703,64
703,664
703,397
24,64
24,316
24,66
64,516
64,68
316,584
316,622
66,25
66,27
66,29
25,707
25,311
25,663
707,187
707,314
707,630
311,31
311,32
311,627
663,582
663,623
663,659
26,27
26,510
26,29
26,511
27,108
27,351
510,312
510,394
510,587
29,271
29,270
511,185
511,390
511,587
108,473
108,470
108,628
351,706
351,352
351,710
28,590
28,146
28,671
28,186
590,110
590,112
590,509
146,594
146,516
146,150
671,432
671,632
671,668
186,265
186,266
186,515
271,33
271,391
271,465
270,269
270,667
270,553
30,353
30,593
30,588
30,231
353,312
353,430
353,547
593,390
593,555
593,712
588,69
588,352
588,355
231,115
231,586
231,505
31,589
31,385
31,553
589,73
589,350
589,591
385,303
385,711
385,716
553,65
553,672
32,268
32,109
32,469
268,74
268,592
268,347
109,393
109,514
109,273
469,147
469,586
469,506
33,75
33,592
33,628
75,423
75,712
75,505
592,105
592,386
628,269
628,551
34,507
34,36
34,190
34,632
507,388
507,585
507,544
36,383
36,675
36,716
190,153
190,629
190,388
632,69
632,514
35,466
35,346
35,38
466,229
466,465
466,467
346,76
346,151
346,428
383,37
383,719
675,342
675,345
675,634
716,636
716,679
37,713
37,344
37,680
713,305
713,594
713,677
344,342
344,674
344,634
680,298
38,303
38,260
38,296
303,260
303,301
39,76
39,338
39,378
39,381
76,424
338,297
338,381
378,377
378,419
378,719
381,422
381,423
79,78
79,80
79,116
81,80
81,82
81,122
42,78
42,83
82,83
82,123
78,77
78,119
83,84
83,124
84,85
84,125
85,86
85,126
46,47
46,88
336,293
336,604
336,644
47,49
47,291
47,531
88,87
88,89
88,250
49,48
49,90
291,172
291,175
291,292
531,247
531,572
531,651
48,412
48,449
412,250
412,411
412,413
449,210
449,448
449,491
90,91
90,367
51,52
51,250
91,92
91,206
52,53
52,568
52,611
250,368
53,94
53,612
568,292
568,447
568,645
611,527
611,533
611,572
94,93
94,95
94,135
612,209
612,613
612,653
95,96
95,171
96,97
96,176
97,98
97,140
98,99
98,141
99,100
99,482
100,101
100,518
101,102
101,142
102,103
102,143
65,67
65,629
479,137
479,482
479,519
104,103
104,105
104,556
517,514
517,518
517,559
516,437
516,554
68,152
68,314
68,633
67,71
67,312
67,514
629,147
629,710
71,74
71,189
71,112
312,630
152,504
152,310
152,670
314,546
314,669
633,265
633,549
633,677
69,313
69,274
313,627
313,394
313,669
274,273
274,275
274,665
70,670
70,591
70,550
70,390
670,151
670,506
591,73
591,427
550,306
550,471
550,674
390,228
74,348
74,307
189,433
189,347
189,508
112,72
112,506
72,424
72,512
72,150
424,116
424,154
512,151
512,672
512,549
150,432
150,392
73,429
73,232
429,149
429,194
429,348
232,433
232,587
232,235
348,715
348,710
307,673
307,425
307,669
423,382
423,422
712,114
712,548
505,233
505,386
77,386
77,503
386,153
503,118
503,543
503,583
119,80
119,118
119,120
80,121
116,157
116,196
121,120
121,122
121,162
122,123
122,163
123,124
123,164
124,125
124,165
125,126
125,166
86,87
86,89
86,127
126,127
126,167
87,129
87,610
89,130
89,691
127,128
127,448
129,92
129,128
129,130
610,329
130,131
130,445
691,650
691,690
367,290
367,366
367,368
92,93
92,529
206,165
206,205
206,207
93,134
93,247
529,131
529,451
529,488
134,133
134,171
134,175
247,246
247,248
135,139
135,176
135,526
171,131
171,411
176,217
176,254
140,139
140,141
140,143
141,142
141,480
482,177
482,441
518,556
518,558
142,143
142,184
103,107
103,474
143,145
107,110
107,226
107,352
474,470
474,473
474,476
105,148
105,594
556,222
556,597
148,349
148,475
148,393
594,264
106,393
106,475
106,225
106,144
393,515
475,472
475,476
225,144
225,188
225,711
144,519
144,181
110,111
110,433
226,595
226,309
226,674
352,508
473,430
473,472
470,467
470,468
273,551
273,350
111,113
111,465
111,631
433,396
113,114
113,389
113,347
465,464
631,145
631,308
631,467
506,115
114,115
114,468
389,154
389,193
389,349
347,509
115,546
468,431
468,626
546,427
546,625
157,156
157,158
157,198
196,195
196,237
196,236
117,118
117,158
117,543
117,426
118,159
158,159
158,199
543,502
543,584
426,229
426,350
426,715
159,120
159,160
120,161
161,160
161,162
161,202
162,163
162,203
163,164
163,204
164,165
164,205
165,166
166,167
166,207
167,168
167,413
128,532
128,573
448,447
532,413
532,533
532,608
573,572
573,574
573,614
131,132
445,404
445,444
445,446
132,133
132,326
132,490
133,172
133,328
326,285
326,325
326,327
490,174
490,210
490,491
172,488
172,647
328,287
328,327
328,329
175,214
175,257
139,137
139,179
526,136
526,292
526,646
136,137
136,177
136,480
137,138
177,218
177,604
480,477
480,484
138,524
138,558
138,178
524,255
524,483
524,604
558,182
558,637
178,561
178,181
178,216
179,557
179,215
179,599
184,223
184,263
184,267
145,149
145,185
519,180
519,521
149,708
149,709
185,596
185,513
147,513
147,431
513,394
513,435
431,434
431,554
349,191
349,425
708,272
708,350
708,625
709,509
709,630
709,673
432,191
432,392
392,471
392,667
151,672
672,430
504,237
504,463
504,544
310,306
310,548
310,354
153,430
153,587
154,155
154,428
155,156
155,548
155,235
428,308
428,464
156,197
156,540
548,472
235,665
235,666
197,198
197,238
197,462
540,499
540,539
540,581
198,199
198,239
199,160
199,200
160,201
201,200
201,202
201,242
202,203
202,243
203,204
203,244
204,205
204,245
205,246
207,368
168,327
168,372
168,489
413,414
327,286
372,371
372,373
372,650
489,488
489,569
169,253
169,647
169,528
169,215
253,173
253,210
253,256
647,525
647,646
528,530
528,649
528,522
290,331
290,409
411,370
411,410
488,487
173,530
173,527
530,211
530,648
527,211
527,649
174,605
174,213
174,216
605,295
605,602
605,643
213,212
213,563
213,606
216,215
216,260
214,295
214,645
214,606
257,217
257,566
257,523
217,258
217,483
254,335
254,646
218,180
218,259
218,297
604,645
561,565
561,340
561,481
181,183
181,560
557,596
557,481
557,598
215,522
599,180
599,263
599,598
180,182
182,221
182,560
183,222
183,597
183,223
560,219
560,523
221,220
221,222
221,600
222,638
597,638
597,678
223,678
223,266
263,261
267,188
267,224
267,636
596,264
596,639
265,187
265,188
266,229
266,555
515,436
515,554
187,228
187,434
228,306
228,272
434,395
434,436
188,269
269,193
508,192
508,195
388,667
388,471
191,193
191,229
193,236
192,354
192,509
192,668
354,664
668,391
668,624
236,230
236,234
194,275
194,464
194,427
275,195
275,276
464,463
427,272
195,233
233,666
233,355
237,278
237,583
238,239
238,279
238,501
462,421
462,461
462,541
239,200
239,240
200,241
241,240
241,242
241,282
242,243
242,283
243,244
243,284
244,245
244,285
245,246
245,286
246,287
368,369
209,211
209,447
492,491
492,493
492,685
211,212
447,446
210,369
369,371
369,410
212,255
212,608
255,335
608,609
563,220
563,520
563,564
606,603
606,690
295,566
295,644
645,294
522,562
522,481
258,299
258,301
258,294
483,440
483,442
259,300
259,521
259,262
297,261
219,256
219,520
219,637
256,567
520,220
520,562
637,641
637,679
220,559
559,481
559,521
600,564
600,644
600,677
638,640
638,641
678,719
678,717
224,552
224,230
224,301
552,306
552,395
552,396
711,387
711,425
595,308
595,551
595,555
309,673
309,472
309,714
674,387
227,264
227,676
227,555
227,635
264,715
676,342
676,384
676,634
635,262
635,305
635,639
272,355
230,547
230,234
547,544
547,545
234,627
234,315
586,583
586,626
666,545
666,704
355,397
627,585
665,664
665,706
278,277
278,279
278,319
583,626
279,240
279,280
501,460
501,500
501,542
240,281
281,280
281,282
281,322
282,283
282,323
283,284
283,324
284,285
284,325
285,286
286,287
287,288
248,371
248,569
371,370
569,649
569,565
332,331
332,333
332,570
613,614
613,654
333,334
333,335
408,407
408,409
288,651
486,370
486,485
486,487
567,564
335,646
566,485
566,525
523,521
523,562
299,341
299,601
299,602
301,304
294,293
294,642
300,296
300,341
300,640
262,639
262,601
260,643
643,562
643,642
261,302
302,345
302,304
639,641
601,296
601,603
715,634
636,304
636,677
667,551
391,435
391,630
276,277
276,542
276,584
277,318
277,541
542,545
542,582
584,623
318,317
318,319
318,359
541,500
541,502
319,280
319,320
280,321
321,320
321,322
321,362
322,323
322,363
323,324
323,364
324,325
324,365
325,366
651,650
330,329
330,331
330,609
331,687
409,410
409,491
292,334
334,570
334,685
293,487
293,525
487,446
525,484
642,602
642,603
296,340
340,298
340,384
298,719
298,345
341,382
602,564
640,717
304,387
345,384
387,714
305,673
305,717
717,714
425,382
669,705
308,471
714,710
394,437
315,624
315,704
315,705
624,706
624,626
704,706
704,582
705,549
705,623
622,317
622,581
622,621
317,358
317,700
358,359
358,399
358,662
700,662
359,320
359,360
320,361
361,360
361,362
361,402
362,363
362,403
363,364
363,404
364,365
364,405
365,366
365,406
366,407
329,370
609,650
609,688
687,570
687,686
687,688
685,686
377,376
377,418
382,463
397,395
397,396
625,545
398,399
398,439
398,662
621,580
621,620
399,360
399,400
662,661
360,401
401,400
401,402
401,442
402,403
402,443
403,404
403,444
404,405
405,406
405,446
406,407
406,484
407,485
410,451
373,374
373,376
373,414
374,375
374,415
374,453
376,375
376,417
414,415
414,455
375,416
375,688
415,416
415,456
453,494
416,417
416,457
417,418
417,458
418,419
418,459
419,420
419,460
420,421
420,461
421,422
422,463
435,436
435,437
437,477
395,396
439,400
439,438
439,440
400,441
441,440
441,442
442,443
443,444
443,484
444,485
455,456
455,496
456,457
456,497
457,458
457,498
458,459
458,499
459,460
459,500
460,461
461,502
554,598
436,438
477,476
440,476
493,494
493,534
494,495
494,535
495,496
495,536
496,497
496,537
497,498
497,538
498,499
498,539
499,500
502,539
467,549
534,533
534,535
534,575
535,536
535,576
536,537
536,577
537,538
537,578
538,579
538,581
539,580
544,623
585,582
649,648
648,565
533,574
574,575
574,615
575,576
575,616
576,577
576,617
577,578
577,618
578,579
578,619
579,580
579,620
581,580
598,565
614,615
614,655
615,616
615,656
616,617
616,657
617,618
617,658
618,619
618,659
619,620
619,660
620,661
690,686
653,654
654,655
655,656
656,657
657,658
658,659
659,660
660,661
