0,41
0,719
0,260
0,261
41,40
41,42
41,82
719,341
719,378
719,678
1,40
1,337
1,379
1,380
40,79
40,81
337,380
337,644
337,683
379,77
379,338
379,420
380,421
380,424
2,43
2,681
2,682
2,683
43,42
43,44
43,84
681,377
681,640
681,642
682,3
682,297
682,641
683,254
683,255
3,4
3,44
3,684
4,5
4,45
4,454
44,45
44,85
684,5
684,256
684,685
5,6
5,7
45,46
45,646
454,453
454,455
454,495
6,7
6,251
6,252
7,8
7,249
251,210
251,333
251,408
252,288
252,486
252,567
8,9
8,289
8,452
249,248
249,332
249,613
9,10
9,50
9,571
289,51
289,288
289,330
452,451
452,453
452,493
10,11
10,652
10,689
50,49
50,51
50,91
571,567
571,570
571,572
11,12
11,170
11,607
652,610
652,651
652,653
689,686
689,688
689,690
12,13
12,208
12,532
170,46
170,48
170,290
607,605
607,606
607,608
13,14
13,54
13,692
208,207
208,209
208,492
532,128
532,413
532,533
14,15
14,55
14,693
54,53
54,55
54,95
692,90
692,691
692,693
15,16
15,56
15,694
55,56
55,96
693,610
693,694
16,17
16,57
16,695
56,57
56,97
694,653
694,695
17,18
17,58
17,696
57,58
57,98
695,654
695,696
18,19
18,59
18,697
58,59
58,99
696,655
696,697
19,20
19,60
19,698
59,60
59,100
697,656
697,698
20,21
20,61
20,699
60,61
60,101
698,657
698,699
21,22
21,357
21,25
61,62
61,102
699,658
699,700
22,63
22,356
22,701
357,316
357,398
357,621
25,24
25,664
25,70
63,104
63,145
63,436
356,625
356,668
356,704
701,438
701,660
701,700
23,62
23,475
23,702
23,434
62,65
62,479
475,148
475,476
475,516
702,354
702,397
702,661
434,431
434,435
434,553
24,64
24,316
24,704
64,516
64,392
64,517
316,584
316,622
704,352
704,706
664,392
664,396
664,583
26,66
26,311
26,708
26,397
66,351
66,390
66,144
311,109
311,388
311,627
708,512
708,549
708,665
397,395
397,477
27,28
27,232
27,433
27,553
28,71
28,309
28,390
232,550
232,236
232,315
433,67
433,395
433,396
553,264
553,631
71,67
71,72
71,74
309,352
309,471
309,465
390,151
390,546
29,186
29,391
29,510
29,393
186,591
186,552
186,188
391,32
391,271
391,435
510,30
510,193
510,393
393,147
393,665
30,671
30,230
30,350
671,472
671,589
671,707
230,192
230,666
230,351
350,151
350,233
350,307
31,473
31,386
31,305
31,267
473,67
473,472
473,474
386,77
386,592
386,424
305,594
305,672
305,637
267,190
267,224
267,225
32,712
32,547
32,344
712,271
712,469
712,634
547,231
547,234
547,672
344,341
344,343
344,716
33,631
33,634
33,387
33,189
631,145
631,308
634,349
634,512
387,189
387,346
387,471
189,72
189,273
34,427
34,150
34,76
34,674
427,35
427,73
427,463
150,109
150,588
150,152
76,37
76,39
76,342
674,70
674,593
674,633
35,713
35,38
35,467
713,347
713,349
713,632
38,37
38,384
38,680
467,466
467,469
467,592
36,716
36,675
36,676
36,718
716,73
716,301
675,303
675,342
675,711
676,265
676,595
676,715
718,339
718,717
37,342
37,340
342,299
340,303
340,640
340,717
384,303
384,677
384,383
680,296
680,382
680,679
39,338
39,378
39,715
338,297
338,381
378,377
378,419
715,636
715,679
79,78
79,80
79,116
81,80
81,82
81,122
42,78
42,83
82,83
82,123
78,77
78,119
83,84
83,124
84,85
84,125
85,86
85,126
46,47
46,88
646,335
646,526
646,647
47,49
47,291
47,531
88,87
88,89
88,250
49,48
49,90
291,172
291,292
291,294
531,527
531,572
531,651
48,412
48,449
412,250
412,411
412,413
449,448
449,490
449,608
90,91
90,367
51,52
51,250
91,92
91,206
52,53
52,568
52,611
250,368
53,94
53,612
568,292
568,447
568,645
611,489
611,572
611,649
94,93
94,95
94,135
612,209
612,613
612,653
95,96
95,171
96,97
96,176
97,98
97,140
98,99
98,141
99,100
99,482
100,101
100,518
101,102
101,142
102,103
102,143
65,67
65,709
65,667
479,137
479,482
479,519
104,103
104,105
104,556
145,143
145,146
436,435
436,438
436,394
516,185
516,595
392,149
392,187
517,477
517,518
517,519
709,194
709,306
709,354
667,272
667,389
667,512
351,711
351,389
144,138
144,178
144,179
68,187
68,591
68,185
68,229
187,633
187,190
591,229
591,429
185,632
185,554
229,630
229,511
69,266
69,511
69,514
69,388
266,222
266,227
266,302
511,188
511,312
514,227
514,269
514,593
388,472
388,466
70,385
70,106
385,191
385,303
385,424
72,74
72,628
74,75
74,268
628,147
628,550
628,707
73,346
73,155
346,429
346,430
155,75
155,154
155,156
75,423
75,424
268,592
268,632
268,512
423,381
423,382
423,422
77,503
503,118
503,543
503,583
119,80
119,118
119,120
80,121
116,157
116,196
116,428
121,120
121,122
121,162
122,123
122,163
123,124
123,164
124,125
124,165
125,126
125,166
86,87
86,127
86,213
126,127
126,167
87,129
87,610
127,128
127,448
129,92
129,128
129,130
610,329
89,130
89,248
89,691
130,131
130,445
248,247
248,371
691,650
691,690
367,290
367,366
367,368
92,93
92,529
206,165
206,205
206,207
93,134
93,247
529,173
529,451
529,488
134,133
134,171
134,175
247,169
247,246
135,139
135,176
135,526
171,131
171,411
176,217
176,254
140,139
140,141
140,143
141,142
141,480
482,177
482,523
518,184
518,556
142,143
142,184
103,107
103,474
107,110
107,469
107,431
474,470
474,476
105,148
105,592
105,556
556,597
148,349
148,226
106,513
106,706
106,705
513,269
513,550
513,706
706,630
705,629
705,665
110,111
110,146
110,192
469,470
431,468
431,670
108,147
108,310
108,312
108,226
147,310
310,152
310,670
312,234
312,270
226,347
226,308
109,347
109,228
347,594
228,188
228,191
228,468
111,113
111,590
111,548
146,557
146,149
192,195
192,471
113,112
113,114
113,466
590,426
590,626
590,673
548,153
548,154
548,472
112,470
112,271
112,352
470,274
271,465
352,355
114,115
114,468
114,506
466,465
115,194
115,425
115,545
468,714
506,231
506,394
506,508
194,624
194,231
425,154
425,349
425,426
545,505
545,509
545,544
157,156
157,158
157,198
196,237
196,587
196,507
428,308
428,464
428,552
117,118
117,158
117,382
117,543
118,159
158,159
158,199
382,341
543,502
543,584
159,120
159,160
120,161
161,160
161,162
161,202
162,163
162,203
163,164
163,204
164,165
164,205
165,166
166,167
166,207
167,168
167,413
128,573
448,447
448,450
573,572
573,574
573,614
131,132
131,648
445,404
445,444
445,446
132,133
132,326
132,490
648,173
648,527
648,530
133,172
133,328
326,285
326,325
326,327
490,174
490,491
172,488
172,647
328,287
328,327
328,329
175,214
175,215
175,603
139,138
139,180
526,136
526,292
136,137
136,177
136,480
137,138
137,520
177,218
177,604
480,180
480,484
138,558
520,216
520,523
520,598
558,179
558,596
558,561
180,519
180,561
184,264
184,223
557,224
557,521
557,599
149,270
149,353
270,153
270,627
353,666
353,551
353,663
588,235
588,426
588,672
152,307
152,625
151,348
151,707
348,225
348,345
348,429
707,509
307,343
307,383
625,191
625,546
153,154
153,710
710,225
710,551
710,711
156,197
156,540
197,198
197,238
197,462
540,499
540,539
540,581
198,199
198,239
199,160
199,200
160,201
201,200
201,202
201,242
202,203
202,243
203,204
203,244
204,205
204,245
205,246
207,368
168,327
168,372
168,489
413,414
327,286
372,371
372,373
372,650
489,488
489,569
169,369
169,212
169,533
369,368
369,371
369,410
212,211
212,215
212,645
533,534
533,574
290,331
290,491
411,370
411,410
488,487
647,525
647,643
173,565
173,570
565,522
565,645
565,481
570,332
570,687
174,256
174,216
174,563
256,219
256,567
216,215
216,217
563,220
563,564
563,639
214,293
214,527
214,181
215,296
603,260
603,297
603,606
217,218
217,258
254,335
254,569
218,219
218,259
604,336
604,524
604,645
178,522
178,564
178,181
522,213
522,562
564,483
564,567
179,559
179,524
559,223
559,481
559,562
524,255
524,483
519,478
561,523
561,601
181,562
181,182
562,602
182,221
182,560
182,263
221,220
221,222
221,600
560,219
560,638
560,637
183,597
183,264
183,596
183,224
597,638
597,678
264,673
596,554
596,637
224,673
223,263
223,260
632,555
554,593
554,598
552,430
552,555
188,668
633,515
633,594
190,432
190,714
668,314
668,585
273,274
273,551
273,589
432,272
432,313
432,665
714,630
714,678
191,227
227,225
195,583
195,624
195,236
471,515
193,669
193,586
193,272
669,233
669,430
669,630
586,274
586,314
586,666
272,546
624,582
624,623
231,711
583,237
237,278
237,504
587,235
587,354
587,505
507,275
507,313
507,429
238,239
238,279
238,501
462,421
462,461
462,541
239,200
239,240
200,241
241,240
241,242
241,282
242,243
242,283
243,244
243,284
244,245
244,285
245,246
245,286
246,287
209,211
209,447
492,491
492,493
492,685
211,527
211,605
447,446
210,528
210,530
210,606
528,213
528,253
528,569
530,450
530,649
606,690
605,295
605,602
213,257
257,566
257,259
257,295
293,336
293,487
293,525
296,294
296,302
258,299
258,262
258,523
219,220
259,300
259,262
220,521
521,481
521,599
222,260
222,555
600,641
600,644
600,640
555,598
263,678
263,265
673,304
308,595
666,703
550,269
236,626
236,582
315,235
315,355
315,389
233,544
233,626
544,504
544,623
626,585
234,235
234,313
313,549
582,542
582,623
278,277
278,279
278,319
504,463
504,585
279,240
279,280
501,460
501,500
501,542
240,281
281,280
281,282
281,322
282,283
282,323
283,284
283,324
284,285
284,325
285,286
286,287
287,288
371,370
332,331
332,333
613,614
613,654
333,334
333,335
408,407
408,409
408,450
288,651
486,370
486,485
486,487
253,608
253,409
253,569
608,609
409,410
409,491
335,255
255,642
642,298
642,601
566,295
566,485
566,525
295,644
299,601
299,639
262,343
262,301
300,261
300,341
300,339
261,298
261,599
298,265
298,294
599,602
343,339
301,639
301,302
265,672
302,677
269,627
627,629
465,464
546,464
274,275
551,595
589,426
589,509
275,276
275,703
276,277
276,542
276,584
703,354
703,663
277,318
277,541
542,505
584,623
318,317
318,319
318,359
541,500
541,502
319,280
319,320
280,321
321,320
321,322
321,362
322,323
322,363
323,324
323,364
324,325
324,365
325,366
651,650
330,329
330,331
330,609
331,687
292,334
294,336
334,685
334,649
336,644
487,446
525,484
297,601
639,635
339,643
677,304
677,383
304,636
304,635
636,345
636,679
635,345
635,637
594,598
306,670
306,629
306,549
670,430
629,314
549,314
622,317
622,581
622,621
317,358
317,700
358,359
358,399
358,662
700,662
359,320
359,360
320,361
361,360
361,362
361,402
362,363
362,403
363,364
363,404
364,365
364,405
365,366
365,406
366,407
329,370
609,650
609,688
687,686
687,688
685,686
649,643
381,345
381,422
643,679
640,638
389,383
355,396
355,437
663,394
663,659
396,395
437,395
437,435
437,515
398,399
398,439
398,662
621,580
621,620
399,360
399,400
662,661
360,401
401,400
401,402
401,442
402,403
402,443
403,404
403,444
404,405
405,406
405,446
406,407
406,484
407,485
410,451
373,374
373,376
373,414
374,375
374,415
374,453
376,375
376,377
376,417
414,415
414,455
375,416
375,688
415,416
415,456
453,494
416,417
416,457
377,418
417,418
417,458
418,419
418,459
419,420
419,460
420,421
420,461
421,422
422,463
394,508
477,476
477,478
439,400
439,438
439,440
400,441
441,440
441,442
441,481
442,443
442,483
443,444
443,484
444,485
450,451
455,456
455,496
456,457
456,497
457,458
457,498
458,459
458,499
459,460
459,500
460,461
461,502
463,464
438,478
515,478
440,476
440,483
493,494
493,534
494,495
494,535
495,496
495,536
496,497
496,537
497,498
497,538
498,499
498,539
499,500
502,539
534,535
534,575
535,536
535,576
536,537
536,577
537,538
537,578
538,579
538,581
539,580
585,509
505,508
508,593
574,575
574,615
575,576
575,616
576,577
576,617
577,578
577,618
578,579
578,619
579,580
579,620
581,580
638,641
602,641
614,615
614,655
615,616
615,656
616,617
616,657
617,618
617,658
618,619
618,659
619,620
619,660
620,661
690,686
653,654
654,655
655,656
656,657
657,658
658,659
659,660
660,661
