0,41
0,719
0,718
0,38
41,40
41,42
41,82
719,378
719,677
719,678
718,305
718,680
718,714
1,40
1,337
1,379
1,380
40,79
40,81
337,380
337,644
337,683
379,77
379,338
379,420
380,421
380,424
2,43
2,681
2,682
2,683
43,42
43,44
43,84
681,377
681,640
681,642
682,3
682,297
682,641
683,254
683,255
3,4
3,44
3,684
4,5
4,45
4,454
44,45
44,85
684,5
684,256
684,685
5,6
5,7
45,46
45,86
454,453
454,455
454,495
6,7
6,251
6,252
7,8
7,249
251,333
251,408
251,369
252,288
252,486
252,567
8,9
8,289
8,452
249,248
249,332
249,613
9,10
9,50
9,571
289,51
289,288
289,330
452,451
452,453
452,493
10,11
10,652
10,689
50,49
50,51
50,91
571,567
571,570
571,572
11,12
11,170
11,607
652,610
652,651
652,653
689,686
689,688
689,690
12,13
12,208
12,532
170,46
170,48
170,290
607,565
607,606
607,608
13,14
13,54
13,692
208,207
208,209
208,492
532,128
532,413
532,533
14,15
14,55
14,693
54,53
54,55
54,95
692,90
692,691
692,693
15,16
15,56
15,694
55,56
55,96
693,610
693,694
16,17
16,57
16,695
56,57
56,97
694,653
694,695
17,18
17,58
17,696
57,58
57,98
695,654
695,696
18,19
18,59
18,697
58,59
58,99
696,655
696,697
19,20
19,60
19,698
59,60
59,100
697,656
697,698
20,21
20,61
20,699
60,61
60,101
698,657
698,699
21,22
21,357
21,25
61,62
61,102
699,658
699,700
22,63
22,356
22,701
357,316
357,398
357,621
63,104
63,395
63,28
356,28
356,66
356,625
701,438
701,660
701,700
23,62
23,475
23,702
23,433
62,65
62,479
475,148
475,476
475,516
702,395
702,397
702,661
433,309
433,668
433,665
24,64
24,316
24,106
24,663
64,516
64,144
64,512
316,584
316,622
106,68
106,434
106,705
663,315
663,354
663,659
25,352
25,432
25,26
352,230
352,670
352,430
432,227
432,314
432,354
26,471
26,27
26,437
471,67
471,144
471,351
27,269
27,588
27,314
437,395
437,704
437,441
269,32
269,390
269,353
588,505
588,508
588,628
314,230
314,664
28,388
28,510
388,111
388,115
388,305
510,632
510,593
510,666
29,355
29,631
29,32
29,311
355,396
355,585
355,195
631,145
631,268
631,308
32,547
32,152
311,313
311,392
311,427
30,70
30,507
30,354
30,708
70,266
70,231
70,429
507,151
507,670
507,591
354,624
708,194
708,508
708,506
31,669
31,112
31,309
31,511
669,192
669,313
669,673
112,113
112,470
112,709
309,229
309,673
511,187
511,668
511,673
547,153
547,426
547,626
152,234
152,463
152,390
33,190
33,226
33,304
33,306
190,109
190,468
190,351
226,150
226,715
226,637
304,301
304,303
304,386
306,310
306,340
306,341
34,191
34,36
34,345
34,303
191,712
191,626
191,233
36,675
36,343
36,427
345,264
345,302
345,384
303,38
303,302
35,38
35,711
35,347
35,676
38,425
711,186
711,265
711,633
347,115
347,151
347,270
676,635
676,679
676,643
675,228
675,677
675,715
343,300
343,716
343,679
427,672
427,545
37,344
37,346
37,677
37,713
344,300
344,384
344,713
346,72
346,383
346,593
677,264
713,109
713,673
425,349
425,712
425,426
39,76
39,338
39,378
39,339
76,342
76,153
76,385
338,297
338,381
378,377
378,419
339,296
339,298
339,643
79,78
79,80
79,116
81,80
81,82
81,122
42,78
42,83
82,83
82,123
78,77
78,119
83,84
83,124
84,85
84,125
85,86
85,126
46,47
46,88
86,87
86,127
47,49
47,291
47,531
88,87
88,89
88,250
49,48
49,90
291,172
291,292
291,528
531,527
531,572
531,651
48,412
48,449
412,250
412,411
412,413
449,448
449,490
449,570
90,91
90,367
51,52
51,250
91,92
91,206
52,53
52,568
52,611
250,368
53,94
53,612
568,292
568,447
568,645
611,210
611,572
611,648
94,93
94,95
94,135
612,209
612,613
612,653
95,96
95,171
96,97
96,176
97,98
97,140
98,99
98,141
99,100
99,482
100,101
100,518
101,102
101,142
102,103
102,143
65,67
65,551
65,66
479,137
479,482
479,519
104,103
104,105
104,556
395,393
516,187
516,594
144,558
144,185
512,227
512,671
512,707
67,71
67,514
551,273
551,595
551,667
66,392
66,396
392,69
392,710
396,397
396,665
71,74
71,472
71,75
514,69
514,109
514,148
68,312
68,706
68,393
312,429
312,707
312,628
706,108
706,315
706,393
393,513
69,554
69,307
554,229
554,265
554,556
307,149
307,549
307,714
266,108
266,145
266,552
231,114
231,228
231,348
429,426
429,550
74,75
74,268
74,468
472,267
472,473
472,548
75,423
75,716
72,715
72,383
72,545
715,712
383,385
383,674
545,542
545,582
73,110
73,591
73,272
73,630
110,107
110,111
110,146
591,310
591,674
272,232
272,235
272,589
630,186
630,193
630,349
268,592
268,632
468,114
468,431
423,381
423,382
423,422
716,381
716,679
342,299
342,385
342,717
153,154
153,710
385,424
77,386
77,503
386,192
386,592
503,118
503,543
503,583
119,80
119,118
119,120
80,121
116,157
116,196
116,428
121,120
121,122
121,162
122,123
122,163
123,124
123,164
124,125
124,165
125,126
125,166
126,127
126,167
87,129
87,610
127,128
127,448
129,92
129,128
129,130
610,329
89,130
89,248
89,691
130,131
130,445
248,247
248,371
691,650
691,690
367,290
367,366
367,368
92,93
92,529
206,165
206,205
206,207
93,134
93,247
529,451
529,488
529,491
134,133
134,171
134,175
247,246
247,409
135,139
135,176
135,526
171,131
171,411
176,217
176,254
140,139
140,141
140,143
141,142
141,480
482,177
482,480
518,478
518,517
518,556
142,143
142,184
103,107
103,474
143,145
107,469
107,147
474,470
474,473
474,476
105,148
105,592
105,183
556,597
148,349
592,629
183,597
183,599
183,553
434,431
434,435
434,707
705,394
705,623
705,704
469,192
469,467
469,470
147,548
147,509
147,667
108,667
108,629
667,230
629,189
629,389
109,430
430,233
430,348
111,113
111,193
146,145
146,391
146,149
113,114
113,466
193,189
193,710
470,192
709,389
709,590
709,668
114,115
466,465
466,467
466,509
115,194
194,624
194,270
157,156
157,158
157,198
196,237
196,582
196,586
428,308
428,464
428,552
117,118
117,158
117,382
117,543
118,159
158,159
158,199
382,341
382,680
543,502
543,584
159,120
159,160
120,161
161,160
161,162
161,202
162,163
162,203
163,164
163,204
164,165
164,205
165,166
166,167
166,207
167,168
167,413
128,573
448,447
448,450
573,572
573,574
573,614
131,132
131,211
445,404
445,444
445,446
132,133
132,326
132,490
211,209
211,212
211,605
133,172
133,328
326,285
326,325
326,327
490,174
490,491
172,488
172,647
328,287
328,327
328,329
175,214
175,215
175,603
139,138
139,180
526,136
526,292
526,646
136,137
136,177
136,480
137,138
137,173
177,218
177,604
480,484
138,558
138,523
558,596
558,599
523,257
523,524
523,562
180,519
180,561
180,520
184,223
184,265
184,264
185,632
185,186
185,553
391,271
391,387
391,435
149,228
149,627
548,154
548,155
509,390
509,628
349,590
228,225
627,234
627,308
627,626
150,274
150,154
150,390
274,235
274,273
274,275
154,155
151,270
151,625
270,348
625,431
625,546
234,505
234,623
463,422
463,464
463,504
710,225
155,156
155,504
156,197
156,540
504,237
504,544
197,198
197,238
197,462
540,499
540,539
540,581
198,199
198,239
199,160
199,200
160,201
201,200
201,202
201,242
202,203
202,243
203,204
203,244
204,205
204,245
205,246
207,368
168,327
168,372
168,489
413,414
327,286
372,371
372,373
372,650
489,488
489,565
489,649
169,253
169,648
169,210
169,533
253,214
253,216
253,569
648,213
648,608
210,294
210,213
533,534
533,574
290,331
290,450
411,370
411,410
488,487
647,525
647,527
647,646
173,530
173,174
173,178
530,608
530,569
530,565
174,605
174,178
605,334
605,602
214,293
214,295
215,212
215,216
215,296
603,297
603,606
603,646
217,216
217,218
217,258
254,335
254,649
218,219
218,259
604,336
604,524
604,645
179,483
179,520
179,559
179,178
483,440
483,442
483,524
520,181
520,598
559,555
559,561
559,598
519,481
519,517
561,557
561,601
181,182
181,224
181,562
182,221
182,560
182,262
224,302
224,227
224,263
562,216
562,260
221,220
221,222
221,600
560,219
560,258
560,261
262,261
262,634
262,636
597,638
597,678
599,636
599,600
553,634
553,594
223,186
223,222
223,263
265,267
264,263
632,187
187,350
350,273
350,587
350,552
188,387
188,305
188,230
188,549
387,271
387,628
305,637
549,586
549,587
189,508
189,589
508,585
589,233
589,473
351,513
351,394
712,595
626,467
233,353
624,546
624,585
237,278
237,583
582,236
582,544
586,542
586,583
238,239
238,279
238,501
462,421
462,461
462,541
239,200
239,240
200,241
241,240
241,242
241,282
242,243
242,283
243,244
243,284
244,245
244,285
245,246
245,286
246,287
368,369
209,447
492,491
492,493
492,685
447,446
294,649
294,528
294,565
213,528
213,295
212,178
212,481
528,522
295,566
295,644
293,336
293,487
293,525
296,260
296,680
258,299
258,639
219,220
219,256
259,255
259,300
259,564
220,563
220,636
256,567
256,527
563,257
563,298
563,564
636,596
222,635
222,639
600,641
600,644
635,633
635,714
639,260
639,299
263,678
302,301
227,310
225,671
225,550
671,513
671,593
550,232
550,633
637,301
637,594
310,271
229,273
229,313
313,467
348,232
232,315
315,546
353,587
353,704
505,235
505,426
623,544
623,584
235,666
666,394
666,665
236,195
236,275
236,424
278,277
278,279
278,319
583,664
279,240
279,280
501,460
501,500
501,542
240,281
281,280
281,282
281,322
282,283
282,323
283,284
283,324
284,285
284,325
285,286
286,287
287,288
409,408
409,410
409,491
371,369
371,370
332,331
332,333
332,570
613,614
613,654
333,334
333,335
408,407
408,450
369,410
288,651
486,370
486,485
486,487
567,564
569,606
569,645
335,255
335,646
649,643
255,524
527,522
257,566
257,602
566,485
566,525
602,645
602,679
299,261
300,341
564,601
260,638
638,640
638,641
261,301
634,555
634,640
678,642
267,431
267,590
552,555
590,670
271,465
465,464
465,544
275,276
275,195
276,277
276,542
276,584
277,318
277,541
318,317
318,319
318,359
541,500
541,502
319,280
319,320
280,321
321,320
321,322
321,362
322,323
322,363
323,324
323,364
324,325
324,365
325,366
651,650
330,329
330,331
330,609
331,687
450,451
292,334
334,685
336,644
336,340
487,446
525,484
680,641
297,601
601,642
298,642
298,643
341,340
714,717
308,595
595,598
707,587
664,703
664,506
546,464
622,317
622,581
622,621
317,358
317,700
358,359
358,399
358,662
700,662
359,320
359,360
320,361
361,360
361,362
361,402
362,363
362,403
363,364
363,404
364,365
364,405
365,366
365,406
366,407
329,370
609,608
609,650
609,688
687,570
687,686
687,688
685,686
340,424
381,422
717,384
717,640
384,195
593,674
513,515
394,703
670,674
704,436
585,506
398,399
398,439
398,662
621,580
621,620
399,360
399,400
662,661
360,401
401,400
401,402
401,442
402,403
402,443
403,404
403,444
404,405
405,406
405,446
406,407
406,484
407,485
410,451
373,374
373,376
373,414
374,375
374,415
374,453
376,375
376,377
376,417
414,415
414,455
375,416
375,688
415,416
415,456
453,494
416,417
416,457
377,418
417,418
417,458
418,419
418,459
419,420
419,460
420,421
420,461
421,422
389,672
389,633
672,594
672,668
435,397
435,436
703,665
397,477
477,476
477,478
477,517
439,400
439,438
439,440
400,441
441,440
441,442
442,443
443,444
443,484
444,485
455,456
455,496
456,457
456,497
457,458
457,498
458,459
458,499
459,460
459,500
460,461
461,502
436,438
436,473
438,478
478,515
440,476
493,494
493,534
494,495
494,535
495,496
495,536
496,497
496,537
497,498
497,538
498,499
498,539
499,500
502,539
517,596
515,481
515,521
481,521
534,535
534,575
535,536
535,576
536,537
536,577
537,538
537,578
538,579
538,581
539,580
596,598
521,557
521,522
557,555
557,522
574,575
574,615
575,576
575,616
576,577
576,617
577,578
577,618
578,579
578,619
579,580
579,620
581,580
606,690
614,615
614,655
615,616
615,656
616,617
616,657
617,618
617,658
618,619
618,659
619,620
619,660
620,661
690,686
653,654
654,655
655,656
656,657
657,658
658,659
659,660
660,661
