0,41
0,718
0,38
0,76
41,40
41,42
41,82
718,263
718,344
718,384
38,677
38,342
38,36
76,39
76,380
76,424
1,40
1,337
1,379
1,380
40,79
40,81
337,380
337,644
337,683
379,77
379,338
379,420
380,421
2,43
2,681
2,682
2,683
43,42
43,44
43,84
681,298
681,640
681,641
682,3
682,297
682,641
683,254
683,255
3,4
3,44
3,684
4,5
4,45
4,454
44,45
44,85
684,5
684,256
684,685
5,6
5,7
45,46
45,336
454,453
454,455
454,495
6,7
6,251
6,252
7,8
7,249
251,333
251,408
251,489
252,288
252,486
252,567
8,9
8,289
8,452
249,248
249,332
249,613
9,10
9,50
9,571
289,51
289,288
289,330
452,451
452,453
452,493
10,11
10,652
10,689
50,49
50,51
50,91
571,567
571,570
571,572
11,12
11,170
11,607
652,610
652,651
652,653
689,686
689,688
689,690
12,13
12,208
12,450
170,46
170,48
170,290
607,174
607,603
607,608
13,14
13,54
13,692
208,207
208,209
208,492
450,408
450,448
450,451
14,15
14,55
14,693
54,53
54,55
54,95
692,90
692,691
692,693
15,16
15,56
15,694
55,56
55,96
693,610
693,694
16,17
16,57
16,695
56,57
56,97
694,653
694,695
17,18
17,58
17,696
57,58
57,98
695,654
695,696
18,19
18,59
18,697
58,59
58,99
696,655
696,697
19,20
19,60
19,698
59,60
59,100
697,656
697,698
20,21
20,61
20,699
60,61
60,101
698,657
698,699
21,22
21,356
21,357
61,62
61,102
699,658
699,700
22,63
22,701
22,397
356,625
356,395
356,235
357,316
357,398
357,621
63,104
63,517
63,702
701,438
701,660
701,700
397,355
397,437
397,514
23,62
23,478
23,702
23,703
62,65
62,479
478,138
478,438
478,477
702,24
702,661
703,396
703,664
703,665
24,64
24,316
24,477
64,25
64,516
64,553
316,584
316,622
477,436
477,476
25,431
25,106
25,355
431,307
431,434
431,468
106,227
106,190
106,708
355,313
355,353
26,391
26,435
26,145
26,588
391,271
391,435
391,670
435,108
435,436
145,143
145,631
145,516
588,32
588,195
588,505
27,547
27,69
27,670
27,390
547,311
547,667
547,628
69,268
69,667
69,393
670,269
670,671
390,313
390,625
390,434
28,230
28,393
28,192
28,589
230,113
230,308
230,387
393,68
393,190
192,389
192,233
192,549
589,272
589,274
589,666
29,108
29,546
29,312
29,471
108,512
108,473
546,196
546,315
546,467
312,195
312,666
312,392
471,144
471,185
471,394
30,433
30,351
30,707
30,514
433,396
433,705
433,706
351,110
351,227
351,232
707,66
707,704
707,711
514,70
514,190
31,225
31,674
31,466
31,630
225,32
225,713
225,265
674,35
674,229
674,633
466,232
466,465
466,590
630,66
630,313
630,507
32,269
32,153
269,507
269,309
153,73
153,708
153,669
33,75
33,592
33,111
33,344
75,423
75,712
75,114
592,105
592,268
592,386
111,110
111,113
111,465
344,306
344,717
34,506
34,389
34,149
34,35
506,70
506,467
506,587
389,113
389,152
149,66
149,271
149,232
35,672
35,343
672,310
672,429
672,590
343,304
343,306
343,719
36,385
36,70
36,228
385,150
385,675
385,633
37,342
37,719
37,717
37,301
342,303
342,675
719,378
719,678
717,675
717,715
301,639
301,641
301,305
677,224
677,675
677,714
39,338
39,378
39,381
338,297
338,381
378,377
378,419
381,422
381,423
79,78
79,80
79,116
81,80
81,82
81,122
42,78
42,83
82,83
82,123
78,77
78,119
83,84
83,124
84,85
84,125
85,86
85,126
46,47
46,88
336,293
336,604
336,644
47,49
47,291
47,531
88,87
88,89
88,250
49,48
49,90
291,172
291,175
291,292
531,247
531,572
531,651
48,412
48,449
412,250
412,411
412,413
449,448
449,491
449,530
90,91
90,367
51,52
51,250
91,92
91,206
52,53
52,568
52,611
250,368
53,94
53,612
568,292
568,447
568,645
611,533
611,572
611,648
94,93
94,95
94,135
612,209
612,613
612,653
95,96
95,171
96,97
96,176
97,98
97,140
98,99
98,141
99,100
99,482
100,101
100,518
101,102
101,142
102,103
102,143
65,67
65,437
65,706
479,137
479,482
479,519
104,103
104,105
104,556
517,518
517,558
517,520
516,481
516,515
553,473
553,671
553,673
67,71
67,392
67,229
437,481
437,515
706,70
706,309
66,350
350,709
350,711
350,427
71,74
71,513
71,306
392,151
392,628
229,511
229,388
68,552
68,508
68,510
552,144
552,352
552,709
508,270
508,352
508,544
510,146
510,713
510,667
268,74
268,352
667,234
74,347
74,469
513,267
513,353
513,554
306,186
72,714
72,189
72,507
72,713
714,346
714,384
189,673
189,346
189,386
507,430
713,387
73,629
73,426
73,310
629,109
629,267
629,430
426,710
426,549
426,545
310,227
310,511
347,109
347,114
347,187
469,193
469,709
469,590
423,382
423,422
712,112
712,272
712,593
114,115
114,468
424,116
424,382
424,715
77,386
77,503
386,591
503,118
503,543
503,583
119,80
119,118
119,120
80,121
116,157
116,196
121,120
121,122
121,162
122,123
122,163
123,124
123,164
124,125
124,165
125,126
125,166
86,87
86,89
86,127
126,127
126,167
87,129
87,610
89,130
89,691
127,128
127,448
129,92
129,128
129,130
610,329
130,131
130,445
691,650
691,690
367,290
367,366
367,368
92,93
92,529
206,165
206,205
206,207
93,134
93,247
529,131
529,451
529,488
134,133
134,171
134,175
247,246
247,248
135,139
135,176
135,526
171,131
171,411
176,217
176,254
140,139
140,141
140,143
141,142
141,480
482,177
482,441
518,556
518,521
142,143
142,184
103,107
103,474
107,110
107,591
107,432
474,470
474,473
474,476
105,148
105,594
556,222
556,597
148,349
148,475
148,309
594,186
594,636
594,383
227,512
190,147
708,187
708,228
110,147
591,313
591,634
432,354
432,428
432,668
512,270
512,709
473,472
109,430
109,226
430,586
226,264
226,349
226,676
147,671
147,309
113,115
465,271
465,464
112,632
112,272
112,188
632,188
632,548
632,550
272,551
188,671
188,266
115,233
115,348
468,150
468,470
233,625
233,710
348,265
348,631
348,384
157,156
157,158
157,198
196,237
196,583
117,118
117,158
117,543
117,195
118,159
158,159
158,199
543,502
543,584
195,627
159,120
159,160
120,161
161,160
161,162
161,202
162,163
162,203
163,164
163,204
164,165
164,205
165,166
166,167
166,207
167,168
167,413
128,532
128,573
448,447
532,413
532,533
532,649
573,572
573,574
573,614
131,132
445,404
445,444
445,446
132,133
132,326
132,490
133,172
133,328
326,285
326,325
326,327
490,491
490,528
490,527
172,488
172,647
328,287
328,327
328,329
175,214
175,257
139,137
139,558
526,136
526,292
526,646
136,137
136,177
136,480
137,138
177,218
177,604
480,484
480,523
138,524
138,558
524,255
524,483
524,604
558,181
184,223
184,263
184,187
144,557
144,185
557,515
557,520
557,561
185,146
185,596
631,308
631,555
146,555
146,549
555,593
555,596
549,388
349,425
349,429
475,396
475,472
475,476
271,470
232,710
150,633
150,668
633,265
668,545
668,626
151,273
151,311
151,307
273,274
273,551
273,710
311,626
311,511
307,228
307,427
152,353
152,504
152,509
353,587
504,237
504,463
504,544
509,231
509,586
509,548
669,193
669,467
669,665
154,155
154,428
154,429
154,427
155,156
155,548
155,583
428,308
428,464
429,472
427,505
156,197
156,540
548,472
583,237
197,198
197,238
197,462
540,499
540,539
540,581
198,199
198,239
199,160
199,200
160,201
201,200
201,202
201,242
202,203
202,243
203,204
203,244
204,205
204,245
205,246
207,368
168,327
168,372
168,489
413,414
327,286
372,371
372,373
372,650
489,210
489,488
290,331
290,409
411,370
411,410
488,487
647,173
647,525
647,646
173,564
173,565
173,528
564,520
564,563
564,567
565,213
565,601
565,169
528,169
528,521
174,605
174,294
174,606
605,216
605,295
605,608
294,293
294,645
294,603
606,213
606,603
606,690
214,212
214,255
214,645
257,217
257,297
257,566
217,258
217,483
254,335
254,646
218,180
218,259
218,297
604,645
178,599
178,522
178,179
178,216
599,181
599,560
599,639
522,519
522,559
522,601
179,220
179,181
179,216
220,221
220,563
220,263
181,521
180,519
180,219
180,523
519,559
219,182
219,256
219,261
523,258
523,481
521,559
182,221
182,637
182,224
221,222
221,600
637,264
637,560
637,636
224,267
224,305
183,222
183,597
183,593
183,635
222,638
597,265
597,678
593,191
635,554
635,676
635,715
223,678
223,304
223,266
263,260
187,511
596,554
596,560
186,551
186,270
551,595
270,711
266,264
266,388
673,305
673,676
346,191
346,716
191,586
191,627
586,354
627,193
627,234
193,587
587,235
194,275
194,464
194,231
194,425
275,274
275,276
275,585
464,463
231,387
231,705
425,505
425,345
237,278
238,239
238,279
238,501
462,421
462,461
462,541
239,200
239,240
200,241
241,240
241,242
241,282
242,243
242,283
243,244
243,284
244,245
244,285
245,246
245,286
246,287
368,369
209,211
209,447
492,491
492,493
492,685
211,212
211,648
211,215
447,446
210,253
210,369
210,569
253,256
253,648
253,169
369,371
369,410
569,527
569,530
569,649
212,213
212,649
648,643
215,561
215,296
215,169
213,563
649,530
563,520
255,335
561,560
561,598
296,259
296,295
296,339
216,527
527,530
258,299
258,298
483,440
483,442
259,300
259,261
256,567
261,679
261,302
600,299
600,644
600,678
638,303
638,640
638,641
304,305
304,387
267,388
264,636
676,716
228,634
634,303
634,554
308,595
705,663
705,666
625,665
234,664
234,314
664,236
664,624
314,352
314,395
314,704
235,542
235,236
542,276
542,501
542,582
236,663
236,582
663,623
663,659
582,624
582,585
278,277
278,279
278,319
279,240
279,280
501,460
501,500
240,281
281,280
281,282
281,322
282,283
282,323
283,284
283,324
284,285
284,325
285,286
286,287
287,288
248,371
248,608
371,370
608,609
332,331
332,333
332,570
613,614
613,654
333,334
333,335
408,407
408,409
288,651
486,370
486,485
486,487
335,646
566,295
566,485
566,525
299,262
299,341
298,340
298,302
300,341
300,340
300,679
260,303
260,679
260,598
679,340
598,262
598,602
302,262
302,383
262,601
601,562
636,595
711,595
470,590
274,624
624,315
276,277
276,584
585,467
585,544
277,318
277,541
584,623
318,317
318,319
318,359
541,500
541,502
319,280
319,320
280,321
321,320
321,322
321,362
322,323
322,363
323,324
323,364
324,325
324,365
325,366
651,650
330,329
330,331
330,609
331,687
409,410
409,491
292,334
334,570
334,685
293,487
293,525
487,446
525,484
603,642
295,644
339,345
339,383
339,602
340,642
341,382
341,377
639,562
639,602
383,345
626,394
626,550
666,550
395,394
395,434
704,315
704,394
315,396
622,317
622,581
622,621
317,358
317,700
358,359
358,399
358,662
700,662
359,320
359,360
320,361
361,360
361,362
361,402
362,363
362,403
363,364
363,404
364,365
364,405
365,366
365,406
366,407
329,370
609,650
609,688
687,570
687,686
687,688
685,686
642,562
642,643
382,463
377,376
377,418
345,716
716,640
384,715
354,623
354,550
623,544
398,399
398,439
398,662
621,580
621,620
399,360
399,400
662,661
360,401
401,400
401,402
401,442
402,403
402,443
403,404
403,444
404,405
405,406
405,446
406,407
406,484
407,485
410,451
373,374
373,376
373,414
374,375
374,415
374,453
376,375
376,417
414,415
414,455
375,416
375,688
415,416
415,456
453,494
416,417
416,457
417,418
417,458
418,419
418,459
419,420
419,460
420,421
420,461
421,422
422,463
434,436
628,545
628,665
439,400
439,438
439,440
400,441
441,440
441,442
442,443
443,444
443,484
444,485
455,456
455,496
456,457
456,497
457,458
457,498
458,459
458,499
459,460
459,500
460,461
461,502
505,545
436,438
440,476
493,494
493,534
494,495
494,535
495,496
495,536
496,497
496,537
497,498
497,538
498,499
498,539
499,500
502,539
481,515
534,533
534,535
534,575
535,536
535,576
536,537
536,577
537,538
537,578
538,579
538,581
539,580
559,562
533,574
574,575
574,615
575,576
575,616
576,577
576,617
577,578
577,618
578,579
578,619
579,580
579,620
581,580
614,615
614,655
615,616
615,656
616,617
616,657
617,618
617,658
618,619
618,659
619,620
619,660
620,661
602,640
690,686
653,654
654,655
655,656
656,657
657,658
658,659
659,660
660,661
643,680
