0,41
0,718
0,383
0,36
41,40
41,42
41,82
718,263
718,641
718,717
383,73
383,302
383,676
1,40
1,337
1,379
1,380
40,79
40,81
337,380
337,644
337,683
379,77
379,338
379,420
380,76
380,421
2,43
2,681
2,682
2,683
43,42
43,44
43,84
681,640
681,717
681,679
682,3
682,297
682,641
683,254
683,255
3,4
3,44
3,684
4,5
4,45
4,454
44,45
44,85
684,5
684,256
684,685
5,6
5,7
45,46
45,336
454,453
454,455
454,495
6,7
6,251
6,252
7,8
7,249
251,333
251,408
251,489
252,288
252,486
252,567
8,9
8,289
8,452
249,248
249,332
249,613
9,10
9,50
9,571
289,51
289,288
289,330
452,451
452,453
452,493
10,11
10,652
10,689
50,49
50,51
50,91
571,567
571,570
571,572
11,12
11,170
11,607
652,610
652,651
652,653
689,686
689,688
689,690
12,13
12,208
12,450
170,46
170,48
170,290
607,490
607,603
607,608
13,14
13,54
13,692
208,207
208,209
208,492
450,408
450,448
450,451
14,15
14,55
14,693
54,53
54,55
54,95
692,90
692,691
692,693
15,16
15,56
15,694
55,56
55,96
693,610
693,694
16,17
16,57
16,695
56,57
56,97
694,653
694,695
17,18
17,58
17,696
57,58
57,98
695,654
695,696
18,19
18,59
18,697
58,59
58,99
696,655
696,697
19,20
19,60
19,698
59,60
59,100
697,656
697,698
20,21
20,61
20,699
60,61
60,101
698,657
698,699
21,22
21,357
21,25
61,62
61,102
699,658
699,700
22,63
22,356
22,701
357,316
357,398
357,621
25,667
25,437
25,355
63,104
63,517
63,702
356,625
356,355
356,397
701,438
701,660
701,700
23,62
23,478
23,702
23,703
62,65
62,479
478,144
478,438
478,477
702,24
702,661
703,624
703,664
703,704
24,64
24,316
24,397
64,516
64,514
64,392
316,584
316,622
397,665
397,437
667,192
667,430
667,547
437,396
437,477
355,471
355,392
26,109
26,353
26,514
26,704
109,152
109,589
109,230
353,66
353,272
353,354
514,28
514,634
704,66
704,582
27,232
27,395
27,393
27,707
232,68
232,585
232,233
395,106
395,475
395,433
393,29
393,310
393,509
707,588
707,669
28,107
28,108
28,591
107,103
107,110
107,672
108,711
108,669
108,633
591,187
591,225
591,430
29,708
29,144
29,184
708,187
708,233
708,590
30,351
30,430
30,427
30,550
351,190
351,666
351,473
430,512
427,195
427,388
427,511
550,152
550,225
550,671
31,668
31,507
31,194
31,225
668,274
668,586
668,624
507,229
507,235
507,710
194,193
194,275
194,464
225,227
32,307
32,425
32,153
32,389
307,431
307,311
307,429
425,349
425,508
425,506
153,72
153,112
153,231
389,34
389,71
389,267
33,75
33,592
33,344
33,634
75,34
75,423
75,712
592,105
592,268
592,386
344,384
344,424
344,715
634,185
634,309
34,265
34,675
265,675
265,594
265,677
675,388
675,676
35,714
35,38
35,674
35,349
714,188
714,266
714,302
38,716
38,117
38,680
674,263
674,304
674,673
349,148
349,226
36,712
36,37
36,676
712,114
712,593
37,384
37,301
37,343
676,642
384,115
384,304
301,298
301,636
301,635
343,342
343,680
343,339
716,264
716,303
716,713
117,118
117,158
117,543
680,679
39,76
39,338
39,378
39,381
76,424
76,195
338,297
338,381
378,377
378,419
378,719
381,422
381,423
79,78
79,80
79,116
81,80
81,82
81,122
42,78
42,83
82,83
82,123
78,77
78,119
83,84
83,124
84,85
84,125
85,86
85,126
46,47
46,88
336,293
336,604
336,644
47,49
47,291
47,531
88,87
88,89
88,250
49,48
49,90
291,172
291,175
291,292
531,247
531,572
531,651
48,412
48,449
412,250
412,411
412,413
449,448
449,491
449,530
90,91
90,367
51,52
51,250
91,92
91,206
52,53
52,568
52,611
250,368
53,94
53,612
568,292
568,447
568,645
611,533
611,572
611,648
94,93
94,95
94,135
612,209
612,613
612,653
95,96
95,171
96,97
96,176
97,98
97,140
98,99
98,141
99,100
99,482
100,101
100,518
101,102
101,142
102,103
102,143
65,67
65,515
65,312
479,137
479,482
479,519
104,103
104,105
104,556
517,518
517,553
517,555
516,181
516,480
516,519
392,149
392,435
67,71
67,314
67,670
515,185
515,435
515,471
312,147
312,149
312,626
66,270
66,510
270,313
270,387
270,508
510,471
510,706
510,672
71,74
71,72
314,272
314,275
314,354
670,147
670,310
670,313
68,269
68,146
68,433
269,385
269,549
269,511
146,230
146,183
146,673
433,268
433,590
69,347
69,513
69,432
69,309
347,112
347,193
347,594
513,310
513,352
513,436
432,227
432,274
432,434
309,305
309,547
70,511
70,631
70,272
70,190
511,552
631,145
631,308
631,467
272,628
190,189
190,426
74,72
74,268
74,546
72,587
587,469
587,709
587,628
73,549
73,548
73,390
549,148
549,705
548,155
548,472
548,544
390,111
390,273
390,352
268,306
546,429
546,506
546,583
423,382
423,422
424,116
424,346
77,386
77,503
386,154
386,346
503,118
503,543
503,583
119,80
119,118
119,120
80,121
116,157
116,196
121,120
121,122
121,162
122,123
122,163
123,124
123,164
124,125
124,165
125,126
125,166
86,87
86,89
86,127
126,127
126,167
87,129
87,610
89,130
89,691
127,128
127,448
129,92
129,128
129,130
610,329
130,131
130,445
691,650
691,690
367,290
367,366
367,368
92,93
92,529
206,165
206,205
206,207
93,134
93,247
529,131
529,451
529,488
134,133
134,171
134,175
247,246
247,248
135,139
135,176
135,526
171,131
171,411
176,217
176,254
140,139
140,141
140,143
141,142
141,480
482,177
482,441
518,481
518,556
142,143
142,184
103,474
143,145
474,470
474,473
474,476
105,148
105,595
556,222
556,597
148,475
595,308
595,551
595,633
106,229
106,629
106,512
229,628
229,630
629,151
629,590
629,705
512,150
512,191
110,111
110,188
110,311
672,227
672,348
711,147
711,632
711,709
669,267
669,387
633,597
633,673
152,469
152,189
589,228
589,387
589,551
230,193
230,627
111,113
111,465
188,187
188,713
311,147
311,313
113,114
113,192
113,149
465,271
465,464
465,466
112,155
112,231
155,154
155,156
231,666
231,271
114,115
114,468
192,545
192,350
149,151
115,233
115,195
468,228
468,431
468,470
233,625
195,236
157,156
157,158
157,198
196,237
196,542
196,586
118,159
158,159
158,199
543,502
543,584
159,120
159,160
120,161
161,160
161,162
161,202
162,163
162,203
163,164
163,204
164,165
164,205
165,166
166,167
166,207
167,168
167,413
128,532
128,573
448,447
532,413
532,490
532,533
573,572
573,574
573,614
131,132
445,404
445,444
445,446
132,133
132,326
132,490
133,172
133,328
326,285
326,325
326,327
490,491
172,488
172,647
328,287
328,327
328,329
175,214
175,257
139,137
139,558
526,136
526,292
526,646
136,137
136,177
136,480
137,138
177,218
177,604
480,484
138,524
138,558
138,559
524,255
524,483
524,604
558,220
558,637
559,178
559,557
559,596
184,223
184,263
145,182
145,552
144,227
144,183
183,222
183,597
182,219
182,221
182,521
552,306
552,308
673,306
475,472
475,476
151,505
151,346
150,387
150,350
150,553
350,266
350,547
553,593
553,630
505,193
505,234
505,544
346,428
469,154
469,630
189,388
189,429
154,428
428,308
428,464
156,197
156,540
197,198
197,238
197,462
540,499
540,539
540,581
198,199
198,239
199,160
199,200
160,201
201,200
201,202
201,242
202,203
202,243
203,204
203,244
204,205
204,245
205,246
207,368
168,327
168,372
168,489
413,414
327,286
372,371
372,373
372,650
489,169
489,488
169,210
169,173
169,215
210,253
210,369
210,530
173,647
173,215
173,296
290,331
290,409
411,370
411,410
488,487
647,525
647,646
174,605
174,528
174,211
174,216
605,258
605,295
605,601
528,649
528,569
528,565
211,209
211,212
211,649
216,178
216,179
216,643
214,295
214,645
214,527
257,217
257,566
257,606
217,258
217,483
254,335
254,646
218,180
218,259
218,297
604,645
178,520
178,521
520,481
520,522
520,598
521,564
521,565
179,180
179,560
179,561
180,519
180,181
560,181
560,219
560,639
561,262
561,523
561,564
519,181
219,256
219,637
221,220
221,222
221,600
222,638
597,678
223,678
223,226
223,636
263,259
185,554
185,224
554,228
554,598
554,710
224,638
224,261
224,226
186,348
186,187
186,260
186,261
348,267
348,630
713,266
713,385
388,545
429,627
426,509
426,506
426,467
191,352
191,632
191,710
352,625
632,264
632,310
710,271
545,582
545,588
275,274
275,276
464,463
236,235
236,315
236,354
237,278
237,504
237,583
542,276
542,501
542,506
586,234
586,466
238,239
238,279
238,501
462,421
462,461
462,541
239,200
239,240
200,241
241,240
241,242
241,282
242,243
242,283
243,244
243,284
244,245
244,285
245,246
245,286
246,287
368,369
209,447
492,491
492,493
492,685
447,446
253,256
253,255
253,527
369,371
369,410
530,569
530,608
212,213
212,294
212,523
649,213
649,648
213,563
213,523
294,258
294,293
294,645
523,527
563,220
563,564
563,599
295,566
295,644
527,569
215,603
215,602
603,606
603,642
602,522
602,601
602,639
643,300
643,377
643,601
258,299
483,440
483,442
259,300
259,600
297,339
256,567
637,220
637,636
600,644
600,679
638,640
638,641
678,342
678,719
226,555
636,303
261,635
261,639
555,477
555,593
228,473
473,472
628,551
627,234
627,394
666,664
666,709
271,391
585,234
585,547
585,623
625,582
235,504
235,315
504,463
504,544
278,277
278,279
278,319
583,663
279,240
279,280
501,460
501,500
240,281
281,280
281,282
281,322
282,283
282,323
283,284
283,324
284,285
284,325
285,286
286,287
287,288
248,371
248,648
371,370
648,569
332,331
332,333
332,570
613,614
613,654
333,334
333,335
408,407
408,409
288,651
486,370
486,485
486,487
567,564
255,335
335,646
566,485
566,525
606,296
606,690
299,298
299,341
299,640
300,264
300,341
260,562
260,262
260,339
562,298
562,601
562,599
262,598
262,596
635,345
635,599
639,596
598,677
596,557
264,304
304,594
594,671
677,342
677,719
266,305
305,345
305,717
267,715
715,303
715,382
306,509
385,345
385,466
313,626
508,391
508,470
391,435
391,509
273,274
273,551
273,665
665,396
665,588
276,277
276,584
277,318
277,541
584,623
318,317
318,319
318,359
541,500
541,502
319,280
319,320
280,321
321,320
321,322
321,362
322,323
322,363
323,324
323,364
324,325
324,365
325,366
651,650
330,329
330,331
330,609
331,687
409,410
409,491
292,334
334,570
334,685
293,487
293,525
487,446
525,484
296,340
296,339
340,642
340,717
340,719
298,642
341,382
341,342
640,641
302,303
302,345
431,434
431,593
626,471
626,706
354,624
315,396
315,663
396,705
663,623
663,659
622,317
622,581
622,621
317,358
317,700
358,359
358,399
358,662
700,662
359,320
359,360
320,361
361,360
361,362
361,402
362,363
362,403
363,364
363,404
364,365
364,405
365,366
365,406
366,407
329,370
609,608
609,650
609,688
687,570
687,686
687,688
685,686
382,463
624,664
398,399
398,439
398,662
621,580
621,620
399,360
399,400
662,661
360,401
401,400
401,402
401,442
402,403
402,443
403,404
403,444
404,405
405,406
405,446
406,407
406,484
407,485
410,451
373,374
373,376
373,414
374,375
374,415
374,453
376,375
376,377
376,417
414,415
414,455
375,416
375,688
415,416
415,456
453,494
416,417
416,457
377,418
417,418
417,458
418,419
418,459
419,420
419,460
420,421
420,461
421,422
422,463
466,467
435,436
394,709
394,705
394,706
706,664
439,400
439,438
439,440
400,441
441,440
441,442
442,443
443,444
443,484
444,485
455,456
455,496
456,457
456,497
457,458
457,498
458,459
458,499
459,460
459,500
460,461
461,502
467,470
434,436
434,472
590,671
436,438
477,476
440,476
493,494
493,534
494,495
494,535
495,496
495,536
496,497
496,537
497,498
497,538
498,499
498,539
499,500
502,539
481,522
481,557
534,533
534,535
534,575
535,536
535,576
536,537
536,577
537,538
537,578
538,579
538,581
539,580
544,623
522,565
565,608
533,574
574,575
574,615
575,576
575,616
576,577
576,617
577,578
577,618
578,579
578,619
579,580
579,620
581,580
671,588
599,557
614,615
614,655
615,616
615,656
616,617
616,657
617,618
617,658
618,619
618,659
619,620
619,660
620,661
690,686
653,654
654,655
655,656
656,657
657,658
658,659
659,660
660,661
