0,41
0,718
0,35
0,36
41,40
41,42
41,82
718,263
718,642
718,717
1,40
1,337
1,379
1,380
40,79
40,81
337,380
337,644
337,683
379,77
379,338
379,420
380,76
380,421
2,43
2,681
2,682
2,683
43,42
43,44
43,84
681,296
681,342
681,640
682,3
682,297
682,641
683,254
683,255
3,4
3,44
3,684
4,5
4,45
4,454
44,45
44,85
684,5
684,256
684,685
5,6
5,7
45,46
45,336
454,453
454,455
454,495
6,7
6,251
6,252
7,8
7,249
251,333
251,408
251,489
252,288
252,486
252,567
8,9
8,289
8,452
249,248
249,332
249,613
9,10
9,50
9,571
289,51
289,288
289,330
452,451
452,453
452,493
10,11
10,652
10,689
50,49
50,51
50,91
571,567
571,570
571,572
11,12
11,170
11,607
652,610
652,651
652,653
689,686
689,688
689,690
12,13
12,208
12,450
170,46
170,48
170,290
607,294
607,603
607,608
13,14
13,54
13,692
208,207
208,209
208,492
450,408
450,448
450,451
14,15
14,55
14,693
54,53
54,55
54,95
692,90
692,691
692,693
15,16
15,56
15,694
55,56
55,96
693,610
693,694
16,17
16,57
16,695
56,57
56,97
694,653
694,695
17,18
17,58
17,696
57,58
57,98
695,654
695,696
18,19
18,59
18,697
58,59
58,99
696,655
696,697
19,20
19,60
19,698
59,60
59,100
697,656
697,698
20,21
20,61
20,699
60,61
60,101
698,657
698,699
21,22
21,356
21,357
61,62
61,102
699,658
699,700
22,63
22,701
22,356
356,352
356,625
357,316
357,398
357,621
63,104
63,517
63,702
701,438
701,660
701,700
23,62
23,478
23,702
23,703
62,65
62,479
478,438
478,475
478,477
702,24
702,661
703,355
703,664
703,666
24,64
24,316
24,26
64,516
64,512
64,397
316,584
316,622
26,552
26,397
26,396
25,515
25,355
25,65
25,150
515,224
515,514
515,554
355,315
355,354
552,269
552,312
552,347
397,65
397,435
396,314
396,665
396,437
27,710
27,312
27,192
27,513
710,150
710,271
710,588
312,70
312,234
192,387
192,471
192,585
513,436
513,510
513,549
28,354
28,705
28,31
28,706
354,585
354,392
705,232
705,390
705,432
31,107
31,714
31,353
706,393
706,547
706,704
29,434
29,268
29,547
29,512
434,271
434,431
434,436
268,74
268,592
268,510
547,507
547,505
512,667
512,627
30,227
30,272
30,311
30,109
227,708
227,629
227,630
272,67
272,309
272,429
311,427
311,388
311,629
109,187
109,229
109,588
107,103
107,110
107,394
714,190
714,345
714,384
353,630
353,667
353,509
32,713
32,432
32,110
32,508
713,383
713,594
713,634
432,469
432,628
110,68
110,111
508,108
508,234
508,711
33,75
33,592
33,351
33,153
75,423
75,712
75,507
592,105
592,386
351,152
351,511
351,150
153,671
153,384
153,196
34,389
34,189
34,152
34,344
389,73
389,190
389,347
189,712
189,671
189,310
152,589
152,511
344,306
344,719
344,385
35,113
35,711
35,715
113,111
113,115
113,506
711,193
711,672
715,632
715,675
715,679
36,677
36,426
36,38
677,262
677,303
677,680
426,195
426,305
426,672
37,716
37,38
37,304
37,343
716,345
716,635
716,675
38,341
38,265
304,263
304,717
304,635
343,300
343,303
343,637
341,299
341,300
341,382
39,76
39,338
39,378
39,381
76,424
76,384
338,297
338,381
378,377
378,419
378,719
381,422
381,423
79,78
79,80
79,116
81,80
81,82
81,122
42,78
42,83
82,83
82,123
78,77
78,119
83,84
83,124
84,85
84,125
85,86
85,126
46,47
46,88
336,293
336,604
336,644
47,49
47,291
47,531
88,87
88,89
88,250
49,48
49,90
291,172
291,175
291,292
531,247
531,572
531,651
48,412
48,449
412,250
412,411
412,413
449,448
449,491
449,527
90,91
90,367
51,52
51,250
91,92
91,206
52,53
52,568
52,611
250,368
53,94
53,612
568,292
568,447
568,645
611,212
611,533
611,572
94,93
94,95
94,135
612,209
612,613
612,653
95,96
95,171
96,97
96,176
97,98
97,140
98,99
98,141
99,100
99,482
100,101
100,518
101,102
101,142
102,103
102,143
65,67
479,137
479,482
479,519
104,103
104,105
104,556
517,139
517,518
517,520
516,224
516,436
516,554
67,71
67,308
66,390
66,437
66,149
66,105
390,187
390,550
437,106
437,395
149,313
149,393
149,707
105,148
71,74
71,387
71,385
308,428
308,595
308,631
68,593
68,191
68,106
593,555
593,712
593,632
191,545
191,669
191,352
106,147
106,591
69,469
69,546
69,433
69,626
469,108
469,632
546,194
546,232
546,583
433,146
433,190
433,548
626,151
626,352
626,629
70,386
70,632
70,429
386,77
386,506
429,346
429,630
74,154
74,270
387,231
387,587
385,466
385,424
72,233
72,627
72,350
72,510
233,115
233,625
233,430
627,549
627,505
350,594
350,586
350,591
510,73
73,427
73,675
427,267
427,306
675,226
154,155
154,428
154,467
270,273
270,307
270,708
423,382
423,422
712,306
507,425
507,628
424,116
424,382
384,305
77,503
503,118
503,543
503,583
119,80
119,118
119,120
80,121
116,157
116,196
121,120
121,122
121,162
122,123
122,163
123,124
123,164
124,125
124,165
125,126
125,166
86,87
86,89
86,127
126,127
126,167
87,129
87,610
89,130
89,691
127,128
127,448
129,92
129,128
129,130
610,329
130,131
130,445
691,650
691,690
367,290
367,366
367,368
92,93
92,529
206,165
206,205
206,207
93,134
93,247
529,131
529,451
529,488
134,133
134,171
134,175
247,246
247,248
135,139
135,176
135,526
171,131
171,411
176,217
176,254
140,139
140,141
140,143
141,142
141,480
482,177
482,441
518,182
518,556
142,143
142,184
103,474
143,145
474,470
474,473
474,476
556,222
556,597
148,349
148,475
148,514
147,673
147,269
147,266
591,310
591,667
394,665
394,511
394,709
108,669
108,673
669,228
669,506
673,589
673,672
187,226
187,225
229,550
229,267
229,709
588,544
588,624
111,465
111,425
465,271
465,464
465,466
425,349
425,301
112,708
112,468
112,633
112,392
708,315
468,114
468,431
468,470
633,224
633,514
633,670
392,151
392,352
115,114
115,348
506,467
114,388
114,309
388,587
388,430
309,271
309,671
348,631
348,671
348,589
157,156
157,158
157,198
196,117
196,237
117,118
117,158
117,543
118,159
158,159
158,199
543,502
543,584
159,120
159,160
120,161
161,160
161,162
161,202
162,163
162,203
163,164
163,204
164,165
164,205
165,166
166,167
166,207
167,168
167,413
128,532
128,573
448,447
532,210
532,413
532,533
573,572
573,574
573,614
131,132
445,404
445,444
445,446
132,133
132,326
132,490
133,172
133,328
326,285
326,325
326,327
490,169
490,491
490,647
172,488
172,647
328,287
328,327
328,329
175,214
175,257
139,137
526,136
526,292
526,646
136,137
136,177
136,480
137,138
177,218
177,604
480,484
480,558
138,524
138,558
138,178
524,255
524,483
524,604
558,481
558,562
178,564
178,216
178,561
184,223
184,263
184,637
145,631
145,596
145,553
144,597
144,553
144,477
144,595
597,183
597,678
553,264
553,266
477,476
477,481
595,185
595,551
631,555
596,225
596,305
596,560
146,670
146,223
146,557
670,188
670,550
223,678
223,557
557,180
557,560
269,230
269,672
266,471
266,430
349,590
349,709
475,472
475,476
514,555
313,511
313,586
313,587
393,275
393,435
707,273
707,428
707,473
150,667
151,391
151,470
391,435
391,550
391,665
470,590
589,232
155,156
155,548
155,195
428,464
467,188
467,231
156,197
156,540
548,472
548,509
195,193
195,624
197,198
197,238
197,462
540,499
540,539
540,581
198,199
198,239
199,160
199,200
160,201
201,200
201,202
201,242
202,203
202,243
203,204
203,244
204,205
204,245
205,246
207,368
168,327
168,372
168,489
413,414
327,286
372,371
372,373
372,650
489,169
489,488
169,173
169,215
173,608
173,179
173,180
290,331
290,409
411,370
411,410
488,487
647,525
647,646
608,214
608,609
174,605
174,527
174,523
174,213
605,295
605,523
605,642
527,210
527,528
523,216
523,561
213,212
213,563
213,522
214,255
214,645
257,217
257,297
257,566
217,258
217,483
254,335
254,646
218,180
218,259
218,297
604,645
564,563
564,567
564,603
216,603
216,296
561,220
561,559
179,519
179,559
179,598
519,180
519,481
559,554
559,565
598,186
598,521
598,639
181,520
181,481
181,521
181,215
520,183
520,562
521,258
521,560
182,219
182,221
182,185
219,256
219,599
219,258
221,220
221,222
221,600
185,594
185,228
183,222
183,554
222,638
263,345
637,261
637,264
594,676
228,347
228,346
186,674
186,307
186,471
674,267
674,636
674,678
307,231
307,310
471,435
226,634
226,265
225,634
225,303
188,668
188,628
668,190
668,430
668,431
628,473
310,549
545,314
545,509
545,583
585,235
585,582
193,624
193,314
624,231
314,235
194,275
194,464
194,236
275,274
275,276
464,463
236,625
236,315
236,582
237,278
237,504
237,583
238,239
238,279
238,501
462,383
462,421
462,461
239,200
239,240
200,241
241,240
241,242
241,282
242,243
242,283
243,244
243,284
244,245
244,285
245,246
245,286
246,287
368,369
209,211
209,447
492,491
492,493
492,685
211,212
211,215
211,528
447,446
210,253
210,369
253,256
253,296
253,649
369,371
369,410
212,530
215,522
528,565
528,606
530,648
530,606
530,569
563,220
563,522
522,562
255,335
645,294
603,606
258,299
483,440
483,442
259,300
259,301
259,600
256,567
599,600
599,601
599,635
220,262
262,264
262,640
600,644
638,560
638,640
638,641
678,719
224,302
302,260
302,345
302,680
634,676
303,636
265,676
265,306
629,590
630,305
347,383
346,230
346,264
267,472
709,666
230,625
230,666
666,586
232,586
234,587
234,664
664,665
664,505
235,544
235,663
544,504
544,623
663,395
663,659
663,704
315,395
582,274
582,623
278,277
278,279
278,319
504,463
504,466
279,240
279,280
501,460
501,500
501,542
240,281
281,280
281,282
281,322
282,283
282,323
283,284
283,324
284,285
284,325
285,286
286,287
287,288
248,371
248,569
371,370
569,294
569,649
332,331
332,333
332,570
613,614
613,654
333,334
333,335
408,407
408,409
288,651
486,370
486,485
486,487
296,299
649,648
649,643
335,646
566,295
566,485
566,525
299,601
300,342
301,339
301,340
260,639
260,641
260,298
639,601
639,642
641,643
298,719
298,640
298,340
261,602
261,635
261,601
602,295
602,562
602,642
676,342
472,473
273,274
273,551
274,704
551,431
551,549
704,395
276,277
276,542
276,584
277,318
277,541
542,541
542,623
584,623
318,317
318,319
318,359
541,500
541,502
319,280
319,320
280,321
321,320
321,322
321,362
322,323
322,363
323,324
323,364
324,325
324,365
325,366
651,650
330,329
330,331
330,609
331,687
409,410
409,491
292,334
334,570
334,685
293,294
293,487
293,525
487,446
525,484
295,644
340,383
340,339
342,339
680,679
636,555
636,717
717,679
622,317
622,581
622,621
317,358
317,700
358,359
358,399
358,662
700,662
359,320
359,360
320,361
361,360
361,362
361,402
362,363
362,403
363,364
363,404
364,365
364,405
365,366
365,406
366,407
329,370
609,650
609,688
687,570
687,686
687,688
685,686
339,565
382,463
590,466
509,505
398,399
398,439
398,662
621,580
621,620
399,360
399,400
662,661
360,401
401,400
401,402
401,442
402,403
402,443
403,404
403,444
404,405
405,406
405,446
406,407
406,484
407,485
410,451
373,374
373,376
373,414
374,375
374,415
374,453
376,375
376,377
376,417
414,415
414,455
375,416
375,688
415,416
415,456
453,494
416,417
416,457
377,418
377,643
417,418
417,458
418,419
418,459
643,648
419,420
419,460
420,421
420,461
421,422
422,463
439,400
439,438
439,440
400,441
441,440
441,442
442,443
443,444
443,484
444,485
455,456
455,496
456,457
456,497
457,458
457,498
458,459
458,499
459,460
459,500
460,461
461,502
436,438
440,476
493,494
493,534
494,495
494,535
495,496
495,536
496,497
496,537
497,498
497,538
498,499
498,539
499,500
502,539
534,533
534,535
534,575
535,536
535,576
536,537
536,577
537,538
537,578
538,579
538,581
539,580
565,648
606,690
533,574
574,575
574,615
575,576
575,616
576,577
576,617
577,578
577,618
578,579
578,619
579,580
579,620
581,580
614,615
614,655
615,616
615,656
616,617
616,657
617,618
617,658
618,619
618,659
619,620
619,660
620,661
690,686
653,654
654,655
655,656
656,657
657,658
658,659
659,660
660,661
