0,41
0,718
0,717
0,36
41,40
41,42
41,82
718,263
718,342
718,680
717,339
717,385
717,679
1,40
1,337
1,379
1,380
40,79
40,81
337,380
337,644
337,683
379,77
379,338
379,420
380,76
380,421
2,43
2,681
2,682
2,683
43,42
43,44
43,84
681,301
681,640
681,642
682,3
682,297
682,641
683,254
683,255
3,4
3,44
3,684
4,5
4,45
4,454
44,45
44,85
684,5
684,256
684,685
5,6
5,7
45,46
45,336
454,453
454,455
454,495
6,7
6,251
6,252
7,8
7,249
251,333
251,408
251,489
252,288
252,486
252,567
8,9
8,289
8,452
249,248
249,332
249,613
9,10
9,50
9,571
289,51
289,288
289,330
452,451
452,453
452,493
10,11
10,652
10,689
50,49
50,51
50,91
571,567
571,570
571,572
11,12
11,170
11,607
652,610
652,651
652,653
689,686
689,688
689,690
12,13
12,208
12,450
170,46
170,48
170,290
607,174
607,530
607,603
13,14
13,54
13,692
208,207
208,209
208,492
450,408
450,448
450,451
14,15
14,55
14,693
54,53
54,55
54,95
692,90
692,691
692,693
15,16
15,56
15,694
55,56
55,96
693,610
693,694
16,17
16,57
16,695
56,57
56,97
694,653
694,695
17,18
17,58
17,696
57,58
57,98
695,654
695,696
18,19
18,59
18,697
58,59
58,99
696,655
696,697
19,20
19,60
19,698
59,60
59,100
697,656
697,698
20,21
20,61
20,699
60,61
60,101
698,657
698,699
21,22
21,357
21,395
61,62
61,102
699,658
699,700
22,63
22,356
22,701
357,316
357,398
357,621
395,64
395,393
395,236
63,104
63,517
63,702
356,354
356,625
356,663
701,438
701,660
701,700
23,62
23,478
23,702
23,703
62,65
62,479
478,64
478,438
478,477
702,24
702,661
703,393
703,664
703,706
24,64
24,316
24,704
64,516
316,584
316,622
704,27
704,314
704,352
25,434
25,392
25,353
25,315
434,431
434,436
434,554
392,29
392,315
392,514
353,109
353,630
353,394
315,355
315,667
26,272
26,313
26,185
26,192
272,73
272,190
272,550
313,149
313,670
313,626
27,468
27,665
27,28
468,114
468,431
468,470
665,624
665,666
665,669
28,354
28,669
28,590
354,68
354,705
669,234
669,668
590,187
590,391
590,587
29,231
29,271
29,72
231,387
231,269
231,307
271,391
271,465
271,630
72,270
72,430
72,505
30,390
30,626
30,191
30,426
390,189
390,393
390,705
626,233
626,586
191,228
191,428
191,429
426,383
426,425
426,588
31,186
31,154
31,507
31,432
186,69
186,183
186,636
154,155
154,428
154,387
507,196
507,270
507,389
432,233
432,628
432,705
32,547
32,632
32,469
32,310
547,470
547,625
547,591
632,185
632,675
632,670
469,71
469,74
469,270
310,348
310,628
310,673
33,75
33,592
33,153
33,351
75,423
75,712
75,37
592,105
592,268
592,386
153,233
153,711
153,545
351,149
351,348
351,672
34,230
34,346
34,389
34,37
230,229
230,185
230,194
346,151
346,714
346,382
389,306
389,352
37,385
37,36
35,675
35,115
35,677
35,384
675,303
675,596
115,114
115,546
115,545
677,38
677,384
677,643
384,304
384,305
36,348
36,347
348,112
347,192
347,225
347,430
385,383
385,674
38,344
38,301
38,680
344,303
344,719
344,713
301,300
301,679
680,642
39,76
39,338
39,378
39,381
76,424
76,716
338,297
338,381
378,377
378,419
378,719
381,422
381,423
79,78
79,80
79,116
81,80
81,82
81,122
42,78
42,83
82,83
82,123
78,77
78,119
83,84
83,124
84,85
84,125
85,86
85,126
46,47
46,88
336,293
336,604
336,644
47,49
47,291
47,531
88,87
88,89
88,250
49,48
49,90
291,172
291,175
291,292
531,247
531,572
531,651
48,412
48,449
412,250
412,411
412,413
449,448
449,491
449,648
90,91
90,367
51,52
51,250
91,92
91,206
52,53
52,568
52,611
250,368
53,94
53,612
568,292
568,447
568,645
611,533
611,572
611,530
94,93
94,95
94,135
612,209
612,613
612,653
95,96
95,171
96,97
96,176
97,98
97,140
98,99
98,141
99,100
99,482
100,101
100,518
101,102
101,142
102,103
102,143
65,67
65,433
65,355
479,137
479,482
479,519
104,103
104,105
104,556
517,518
517,555
517,397
516,108
516,225
516,514
67,71
67,433
67,668
433,109
433,309
355,624
355,394
66,708
66,270
66,513
66,510
708,314
708,509
708,710
513,435
513,512
513,589
510,111
510,269
510,627
71,74
71,668
668,394
68,593
68,475
68,187
593,512
593,555
593,712
475,148
475,472
475,476
187,311
187,515
69,306
69,705
69,146
306,264
306,594
146,557
146,471
146,223
70,73
70,391
70,267
70,633
73,386
73,152
391,435
267,714
267,674
267,431
633,184
633,386
633,550
74,268
74,673
430,587
430,713
505,429
505,586
505,509
386,77
152,585
152,388
152,195
268,224
268,674
673,108
673,189
423,382
423,422
712,114
712,232
424,116
424,504
424,340
716,305
716,340
716,345
77,503
503,118
503,543
503,583
119,80
119,118
119,120
80,121
116,157
116,196
121,120
121,122
121,162
122,123
122,163
123,124
123,164
124,125
124,165
125,126
125,166
86,87
86,89
86,127
126,127
126,167
87,129
87,610
89,130
89,691
127,128
127,448
129,92
129,128
129,130
610,329
130,131
130,445
691,650
691,690
367,290
367,366
367,368
92,93
92,529
206,165
206,205
206,207
93,134
93,247
529,131
529,451
529,488
134,133
134,171
134,175
247,246
247,248
135,139
135,176
135,526
171,131
171,411
176,217
176,254
140,139
140,141
140,143
141,142
141,480
482,177
482,441
518,556
518,558
142,143
142,184
103,107
103,474
143,145
107,110
107,589
107,188
474,470
474,473
474,476
105,148
105,514
556,106
556,597
148,349
148,435
514,227
106,436
106,145
106,553
436,435
436,438
145,631
145,515
553,228
553,309
553,552
110,111
110,149
110,511
589,629
589,631
188,144
188,549
188,550
108,349
108,352
349,190
349,425
352,588
109,709
109,228
709,232
709,427
709,707
228,628
111,113
111,465
149,511
511,312
511,627
113,112
113,114
113,466
465,464
465,466
112,631
112,151
631,308
151,509
151,506
466,190
466,467
546,192
546,236
546,625
545,236
545,350
157,156
157,158
157,198
196,237
196,508
117,118
117,158
117,543
117,544
118,159
158,159
158,199
543,502
543,584
544,504
544,542
544,623
159,120
159,160
120,161
161,160
161,162
161,202
162,163
162,203
163,164
163,204
164,165
164,205
165,166
166,167
166,207
167,168
167,413
128,532
128,573
448,447
532,413
532,528
532,533
573,572
573,574
573,614
131,132
445,404
445,444
445,446
132,133
132,326
132,490
133,172
133,328
326,285
326,325
326,327
490,210
490,213
490,491
172,488
172,647
328,287
328,327
328,329
175,214
175,257
139,137
139,520
526,136
526,292
526,646
136,137
136,177
136,480
137,138
177,218
177,604
480,138
480,484
138,524
138,558
524,255
524,483
524,604
558,144
558,554
520,178
520,180
520,481
184,223
184,263
144,223
144,557
223,678
557,521
557,637
515,437
515,551
471,393
471,467
471,667
147,595
147,311
147,596
147,706
595,308
595,551
595,555
311,307
311,667
596,220
596,266
706,396
706,587
150,670
150,273
150,508
150,707
670,710
273,195
273,274
273,551
508,308
508,671
707,314
707,628
509,630
506,274
506,275
506,710
585,236
585,582
585,663
388,192
388,629
388,467
195,193
195,233
711,193
711,266
711,624
155,156
155,548
155,586
428,308
428,464
387,229
387,350
156,197
156,540
548,190
548,472
548,667
586,666
197,198
197,238
197,462
540,499
540,539
540,581
198,199
198,239
199,160
199,200
160,201
201,200
201,202
201,242
202,203
202,243
203,204
203,244
204,205
204,245
205,246
207,368
168,327
168,372
168,489
413,414
327,286
372,371
372,373
372,650
489,213
489,488
169,212
169,211
169,173
169,215
212,211
212,213
212,648
211,209
211,527
290,331
290,409
411,370
411,410
488,487
647,525
647,646
647,648
173,214
173,527
173,564
214,295
214,645
527,253
527,606
564,563
564,567
564,481
174,605
174,522
174,648
605,210
605,258
605,295
522,216
522,560
522,565
257,217
257,566
257,565
217,258
217,483
254,335
254,646
218,180
218,259
218,297
604,645
178,481
178,181
178,179
481,523
181,179
181,219
181,561
179,521
179,519
521,519
521,559
519,180
180,559
559,182
559,523
219,256
219,560
219,603
561,216
561,260
561,598
182,221
182,560
182,598
221,220
221,222
221,600
560,263
598,264
598,639
183,222
183,597
183,635
222,638
222,636
597,638
597,678
635,227
635,552
635,639
263,302
185,512
512,229
636,599
636,600
549,625
549,627
549,588
550,634
189,225
189,674
225,304
429,234
429,425
193,314
193,235
235,623
235,582
235,194
194,275
194,464
275,274
275,276
464,463
237,278
237,504
237,583
238,239
238,279
238,501
462,421
462,461
462,541
239,200
239,240
200,241
241,240
241,242
241,282
242,243
242,283
243,244
243,284
244,245
244,285
245,246
245,286
246,287
368,369
209,447
492,491
492,493
492,685
447,446
210,253
210,369
253,256
253,608
369,371
369,410
213,563
563,220
563,260
295,566
295,644
645,294
215,216
215,296
215,298
216,523
296,258
296,377
296,601
523,562
258,299
483,440
483,442
259,300
259,602
259,562
297,601
256,567
603,255
603,606
220,600
600,644
638,640
638,641
678,300
678,719
224,307
224,305
224,676
307,671
305,715
676,342
676,679
676,719
304,298
304,339
226,551
226,710
226,591
226,265
591,431
591,629
265,714
265,594
265,266
227,714
227,269
269,309
229,473
473,472
473,594
232,588
232,627
234,312
234,664
312,309
312,666
664,583
664,624
623,584
623,663
582,542
582,583
278,277
278,279
278,319
504,463
279,240
279,280
501,460
501,500
501,542
240,281
281,280
281,282
281,322
282,283
282,323
283,284
283,324
284,285
284,325
285,286
286,287
287,288
248,371
248,569
371,370
569,565
569,649
569,608
332,331
332,333
332,570
613,614
613,654
333,334
333,335
408,407
408,409
288,651
486,370
486,485
486,487
608,530
608,609
335,255
335,646
566,485
566,525
565,294
299,341
299,641
299,640
300,341
602,601
602,606
602,528
562,599
562,639
260,261
260,599
261,641
261,262
261,601
599,637
262,634
262,342
262,637
634,345
634,552
342,303
637,264
302,343
302,383
302,266
264,554
554,594
630,350
274,666
276,277
276,542
276,584
277,318
277,541
318,317
318,319
318,359
541,500
541,502
319,280
319,320
280,321
321,320
321,322
321,362
322,323
322,363
323,324
323,364
324,325
324,365
325,366
651,650
330,329
330,331
330,609
331,687
409,410
409,491
292,334
334,570
334,685
293,294
293,487
293,525
294,528
487,446
525,484
528,530
377,376
377,418
298,643
298,339
643,642
643,649
341,382
341,343
640,639
679,715
343,339
343,340
383,340
303,715
715,345
671,427
671,587
622,317
622,581
622,621
317,358
317,700
358,359
358,399
358,662
700,662
359,320
359,360
320,361
361,360
361,362
361,402
362,363
362,403
363,364
363,404
364,365
364,405
365,366
365,406
366,407
329,370
609,650
609,688
687,570
687,686
687,688
685,686
382,463
713,427
713,672
345,425
350,472
672,427
672,629
394,397
663,659
398,399
398,439
398,662
621,580
621,620
399,360
399,400
662,661
360,401
401,400
401,402
401,442
402,403
402,443
403,404
403,444
404,405
405,406
405,446
406,407
406,484
407,485
410,451
373,374
373,376
373,414
374,375
374,415
374,453
376,375
376,417
414,415
414,455
375,416
375,688
415,416
415,456
453,494
416,417
416,457
417,418
417,458
418,419
418,459
419,420
419,460
420,421
420,461
421,422
422,463
467,470
397,396
397,437
396,437
396,477
437,477
439,400
439,438
439,440
400,441
441,440
441,442
442,443
443,444
443,484
444,485
455,456
455,496
456,457
456,497
457,458
457,498
458,459
458,499
459,460
459,500
460,461
461,502
477,476
440,476
493,494
493,534
494,495
494,535
495,496
495,536
496,497
496,537
497,498
497,538
498,499
498,539
499,500
502,539
534,533
534,535
534,575
535,536
535,576
536,537
536,577
537,538
537,578
538,579
538,581
539,580
555,552
606,690
533,574
574,575
574,615
575,576
575,616
576,577
576,617
577,578
577,618
578,579
578,619
579,580
579,620
581,580
649,642
614,615
614,655
615,616
615,656
616,617
616,657
617,618
617,658
618,619
618,659
619,620
619,660
620,661
690,686
653,654
654,655
655,656
656,657
657,658
658,659
659,660
660,661
