0,41
0,718
0,37
0,38
41,40
41,42
41,82
718,263
718,679
718,680
1,40
1,337
1,379
1,380
40,79
40,81
337,380
337,644
337,683
379,77
379,338
379,420
380,76
380,421
2,43
2,681
2,682
2,683
43,42
43,44
43,84
681,640
681,680
682,3
682,297
682,641
683,254
683,255
3,4
3,44
3,684
4,5
4,45
4,454
44,45
44,85
684,5
684,256
684,685
5,6
5,7
45,46
45,336
454,453
454,455
454,495
6,7
6,251
6,252
7,8
7,249
251,333
251,408
251,489
252,288
252,486
252,567
8,9
8,289
8,452
249,248
249,332
249,613
9,10
9,50
9,571
289,51
289,288
289,330
452,451
452,453
452,493
10,11
10,652
10,689
50,49
50,51
50,91
571,567
571,570
571,572
11,12
11,170
11,607
652,610
652,651
652,653
689,686
689,688
689,690
12,13
12,208
12,450
170,46
170,48
170,290
607,296
607,603
607,608
13,14
13,54
13,692
208,207
208,209
208,492
450,408
450,448
450,451
14,15
14,55
14,693
54,53
54,55
54,95
692,90
692,691
692,693
15,16
15,56
15,694
55,56
55,96
693,610
693,694
16,17
16,57
16,695
56,57
56,97
694,653
694,695
17,18
17,58
17,696
57,58
57,98
695,654
695,696
18,19
18,59
18,697
58,59
58,99
696,655
696,697
19,20
19,60
19,698
59,60
59,100
697,656
697,698
20,21
20,61
20,699
60,61
60,101
698,657
698,699
21,22
21,357
21,704
61,62
61,102
699,658
699,700
22,63
22,356
22,701
357,316
357,398
357,621
704,24
704,25
704,355
63,104
63,517
63,702
356,354
356,625
356,663
701,438
701,660
701,700
23,62
23,478
23,702
23,703
62,65
62,479
478,438
478,477
478,517
702,24
702,661
703,64
703,435
703,664
24,64
24,316
64,516
64,66
316,584
316,622
25,396
25,395
25,665
396,477
396,666
396,705
395,106
395,354
395,664
665,586
665,669
665,710
26,707
26,435
26,185
26,195
707,67
707,270
707,350
435,391
435,436
27,29
27,230
27,429
27,65
29,233
29,509
29,427
230,110
230,268
230,471
429,386
429,633
429,587
65,67
65,397
28,350
28,32
28,310
28,629
350,72
350,593
32,108
32,673
32,715
310,109
310,146
310,272
629,108
629,550
629,708
233,72
233,109
233,354
509,149
509,385
509,551
427,36
427,306
427,383
30,627
30,550
30,631
30,231
627,107
627,434
627,587
550,227
550,347
631,145
631,308
631,467
231,314
231,312
231,705
31,186
31,193
31,630
31,632
186,144
186,187
186,675
193,274
193,630
193,466
630,151
630,430
632,192
632,305
632,596
108,67
108,628
673,152
673,269
673,306
715,35
715,36
715,38
33,75
33,592
33,712
33,71
75,423
75,712
75,113
592,105
592,268
592,386
712,114
712,593
71,67
71,70
71,74
34,676
34,674
34,342
34,510
676,302
676,634
676,716
674,383
674,591
674,633
342,76
342,262
342,719
510,348
510,352
510,426
35,385
35,112
35,38
385,344
385,387
112,115
112,469
112,511
38,343
36,113
36,466
113,111
113,114
466,465
466,467
343,300
343,382
343,640
39,76
39,338
39,378
39,381
76,424
338,297
338,381
378,377
378,419
378,719
381,422
381,423
79,78
79,80
79,116
81,80
81,82
81,122
42,78
42,83
82,83
82,123
78,77
78,119
83,84
83,124
84,85
84,125
85,86
85,126
46,47
46,88
336,293
336,604
336,644
47,49
47,291
47,531
88,87
88,89
88,250
49,48
49,90
291,172
291,175
291,292
531,247
531,572
531,651
48,412
48,449
412,250
412,411
412,413
449,448
449,491
449,608
90,91
90,367
51,52
51,250
91,92
91,206
52,53
52,568
52,611
250,368
53,94
53,612
568,292
568,447
568,645
611,533
611,572
611,569
94,93
94,95
94,135
612,209
612,613
612,653
95,96
95,171
96,97
96,176
97,98
97,140
98,99
98,141
99,100
99,482
100,101
100,518
101,102
101,142
102,103
102,143
479,137
479,482
479,519
104,103
104,105
104,556
517,144
517,518
516,473
516,519
516,594
66,228
66,436
66,515
397,355
397,394
397,437
228,270
228,514
228,267
436,434
436,438
515,185
515,393
515,477
68,70
68,590
68,514
68,348
70,431
70,273
590,187
590,348
590,352
514,185
514,553
348,269
69,111
69,706
69,507
69,147
111,110
111,465
706,351
706,549
706,624
507,154
507,353
507,506
147,311
147,667
147,711
431,434
431,468
431,549
273,274
273,551
273,471
74,268
74,468
74,505
72,267
72,345
267,266
267,596
345,303
345,672
345,717
73,711
73,384
73,269
73,425
711,433
711,670
384,425
384,717
384,677
269,389
425,349
425,426
268,628
468,114
468,470
505,236
505,424
505,508
423,382
423,422
424,116
424,426
77,386
77,503
386,155
503,118
503,543
503,583
119,80
119,118
119,120
80,121
116,157
116,196
121,120
121,122
121,162
122,123
122,163
123,124
123,164
124,125
124,165
125,126
125,166
86,87
86,89
86,127
126,127
126,167
87,129
87,610
89,130
89,691
127,128
127,448
129,92
129,128
129,130
610,329
130,131
130,445
691,650
691,690
367,290
367,366
367,368
92,93
92,529
206,165
206,205
206,207
93,134
93,247
529,131
529,451
529,488
134,133
134,171
134,175
247,246
247,248
135,139
135,176
135,526
171,131
171,411
176,217
176,254
140,139
140,141
140,143
141,142
141,480
482,177
482,441
518,556
518,521
142,143
142,184
103,107
103,474
143,145
107,110
107,390
474,470
474,473
474,476
105,148
105,513
556,222
556,597
148,349
148,475
148,150
513,226
513,589
513,670
106,188
106,146
106,669
188,672
188,555
188,265
146,145
146,183
669,432
669,512
110,633
390,229
390,351
390,391
628,272
628,393
109,151
109,388
151,506
151,388
388,308
388,591
633,670
465,271
465,464
115,114
115,546
115,117
469,227
469,433
469,709
511,266
511,347
511,394
546,391
546,430
546,625
117,118
117,158
117,543
157,156
157,158
157,198
196,237
196,544
196,236
118,159
158,159
158,199
543,502
543,584
159,120
159,160
120,161
161,160
161,162
161,202
162,163
162,203
163,164
163,204
164,165
164,205
165,166
166,167
166,207
167,168
167,413
128,532
128,573
448,447
532,413
532,533
532,608
573,572
573,574
573,614
131,132
445,404
445,444
445,446
132,133
132,326
132,490
133,172
133,328
326,285
326,325
326,327
490,169
490,491
490,648
172,488
172,647
328,287
328,327
328,329
175,214
175,257
139,137
139,557
526,136
526,292
526,646
136,137
136,177
136,480
137,138
177,218
177,604
480,484
480,558
138,524
138,558
138,179
524,255
524,483
524,604
558,181
558,637
179,522
179,181
179,178
557,520
557,637
557,553
184,223
184,263
184,265
145,552
144,512
144,437
512,189
512,227
437,393
437,481
552,392
552,548
552,709
183,182
183,222
183,597
311,585
311,670
311,545
667,313
667,625
667,671
349,271
349,389
475,472
475,476
475,553
150,313
150,710
150,351
149,709
149,353
149,668
709,594
353,314
353,585
668,666
668,705
668,671
313,229
313,314
710,708
351,705
506,271
506,549
152,713
152,432
152,508
713,346
713,389
713,717
432,270
432,666
508,235
508,585
153,232
153,190
153,589
153,312
232,392
232,588
232,504
190,191
190,548
190,547
589,471
589,586
312,194
312,547
154,155
154,428
154,588
155,156
155,548
428,308
428,346
428,464
588,309
588,624
156,197
156,540
548,472
197,198
197,238
197,462
540,499
540,539
540,581
198,199
198,239
199,160
199,200
160,201
201,200
201,202
201,242
202,203
202,243
203,204
203,244
204,205
204,245
205,246
207,368
168,327
168,372
168,489
413,414
327,286
372,371
372,373
372,650
489,174
489,488
169,528
169,648
169,211
528,210
528,523
528,565
648,173
648,569
211,209
211,212
211,565
290,331
290,409
411,370
411,410
488,487
647,296
647,525
647,646
173,253
173,530
173,649
253,210
253,216
253,256
530,248
530,649
530,606
649,174
649,569
174,605
174,564
605,212
605,255
605,295
564,213
564,563
564,567
214,295
214,645
214,258
257,217
257,566
257,522
217,258
217,483
254,335
254,646
218,180
218,259
218,297
604,645
522,599
522,523
181,180
181,559
180,519
180,562
519,521
562,259
562,261
562,523
559,220
559,520
559,565
182,221
182,560
182,219
221,220
221,222
221,600
560,219
560,521
560,602
219,256
219,258
222,638
597,554
597,678
223,678
223,225
223,639
263,224
263,594
265,224
265,598
185,187
187,352
675,301
675,677
675,717
352,430
672,346
672,671
555,224
555,553
555,593
189,229
189,434
189,467
229,433
467,470
191,392
191,591
191,194
547,545
547,625
392,270
591,192
194,275
194,464
192,235
192,545
235,663
235,315
545,195
274,275
274,470
275,272
275,276
464,463
195,542
195,582
542,276
542,501
542,583
582,234
582,544
582,585
237,278
237,504
237,583
544,504
544,623
238,239
238,279
238,501
462,421
462,461
462,541
239,200
239,240
200,241
241,240
241,242
241,282
242,243
242,283
243,244
243,284
244,245
244,285
245,246
245,286
246,287
368,369
209,447
492,491
492,493
492,685
447,446
210,369
210,527
369,371
369,410
527,215
527,216
527,523
212,213
212,294
565,606
213,563
213,294
294,293
294,645
563,220
563,601
295,566
295,644
258,299
215,216
215,178
215,481
216,643
643,679
643,569
643,637
483,440
483,442
259,300
259,602
297,600
256,567
220,639
639,601
639,636
600,302
600,644
638,640
638,641
638,679
678,298
678,719
225,635
225,307
225,305
224,554
554,226
554,595
635,266
635,304
635,344
307,305
307,714
307,426
305,634
226,309
226,473
309,472
309,594
473,472
227,387
387,714
387,549
433,471
314,586
504,463
354,394
234,624
234,430
234,623
624,664
623,584
623,663
663,659
315,393
315,666
315,626
236,587
236,583
587,626
278,277
278,279
278,319
279,240
279,280
501,460
501,500
240,281
281,280
281,282
281,322
282,283
282,323
283,284
283,324
284,285
284,325
285,286
286,287
287,288
248,371
371,370
332,331
332,333
332,570
613,614
613,654
333,334
333,335
408,407
408,409
288,651
486,370
486,485
486,487
335,255
335,646
566,485
566,525
299,341
299,339
299,37
300,341
300,302
602,260
602,599
260,264
260,598
260,641
264,714
264,593
264,677
598,262
598,634
641,296
261,561
261,601
261,642
561,298
561,520
561,599
601,603
642,341
642,719
642,680
262,304
262,298
304,716
304,634
298,301
714,671
677,301
266,389
596,306
596,599
271,391
272,626
626,664
551,306
551,595
276,277
276,584
277,318
277,541
318,317
318,319
318,359
541,500
541,502
319,280
319,320
280,321
321,320
321,322
321,362
322,323
322,363
323,324
323,364
324,325
324,365
325,366
651,650
330,329
330,331
330,609
331,687
409,410
409,491
292,334
334,570
334,685
293,487
293,525
487,446
525,484
296,603
603,606
301,679
341,382
339,340
339,680
339,37
302,303
303,383
303,716
383,346
716,347
308,595
595,636
586,708
622,317
622,581
622,621
317,358
317,700
358,359
358,399
358,662
700,662
359,320
359,360
320,361
361,360
361,362
361,402
362,363
362,403
363,364
363,404
364,365
364,405
365,366
365,406
366,407
329,370
609,608
609,650
609,688
687,570
687,686
687,688
685,686
340,344
340,377
340,37
344,347
377,376
377,418
382,463
640,636
394,355
355,708
398,399
398,439
398,662
621,580
621,620
399,360
399,400
662,661
360,401
401,400
401,402
401,442
402,403
402,443
403,404
403,444
404,405
405,406
405,446
406,407
406,484
407,485
410,451
373,374
373,376
373,414
374,375
374,415
374,453
376,375
376,417
414,415
414,455
375,416
375,688
415,416
415,456
453,494
416,417
416,457
417,418
417,458
418,419
418,459
419,420
419,460
420,421
420,461
421,422
422,463
477,476
439,400
439,438
439,440
400,441
441,440
441,442
442,443
443,444
443,484
444,485
455,456
455,496
456,457
456,497
457,458
457,498
458,459
458,499
459,460
459,500
460,461
461,502
440,476
493,494
493,534
494,495
494,535
495,496
495,536
496,497
496,537
497,498
497,538
498,499
498,539
499,500
502,539
481,521
481,178
534,533
534,535
534,575
535,536
535,576
536,537
536,577
537,538
537,578
538,579
538,581
539,580
520,178
606,690
533,574
574,575
574,615
575,576
575,616
576,577
576,617
577,578
577,618
578,579
578,619
579,580
579,620
581,580
637,636
614,615
614,655
615,616
615,656
616,617
616,657
617,618
617,658
618,619
618,659
619,620
619,660
620,661
690,686
653,654
654,655
655,656
656,657
657,658
658,659
659,660
660,661
