0,41
0,718
0,36
0,37
41,40
41,42
41,82
718,263
718,303
718,677
1,40
1,337
1,379
1,380
40,79
40,81
337,380
337,644
337,683
379,77
379,338
379,420
380,76
380,421
2,43
2,681
2,682
2,683
43,42
43,44
43,84
681,38
681,342
681,640
682,3
682,297
682,641
683,254
683,255
3,4
3,44
3,684
4,5
4,45
4,454
44,45
44,85
684,5
684,256
684,685
5,6
5,7
45,46
45,336
454,453
454,455
454,495
6,7
6,251
6,252
7,8
7,249
251,333
251,408
251,489
252,288
252,486
252,567
8,9
8,289
8,452
249,248
249,332
249,613
9,10
9,50
9,571
289,51
289,288
289,330
452,451
452,453
452,493
10,11
10,652
10,689
50,49
50,51
50,91
571,567
571,570
571,572
11,12
11,170
11,607
652,610
652,651
652,653
689,686
689,688
689,690
12,13
12,208
12,450
170,46
170,48
170,290
607,569
607,603
607,608
13,14
13,54
13,692
208,207
208,209
208,492
450,408
450,448
450,451
14,15
14,55
14,693
54,53
54,55
54,95
692,90
692,691
692,693
15,16
15,56
15,694
55,56
55,96
693,610
693,694
16,17
16,57
16,695
56,57
56,97
694,653
694,695
17,18
17,58
17,696
57,58
57,98
695,654
695,696
18,19
18,59
18,697
58,59
58,99
696,655
696,697
19,20
19,60
19,698
59,60
59,100
697,656
697,698
20,21
20,61
20,699
60,61
60,101
698,657
698,699
21,22
21,357
21,24
61,62
61,102
699,658
699,700
22,63
22,356
22,701
357,316
357,398
357,621
24,64
24,316
24,702
63,104
63,517
63,702
356,27
356,625
356,704
701,438
701,660
701,700
23,62
23,478
23,702
23,703
62,65
62,479
478,438
478,477
478,481
702,661
703,25
703,396
703,664
64,516
64,106
64,355
316,584
316,622
25,436
25,664
25,29
436,434
436,435
436,438
664,236
664,627
29,347
29,313
29,192
26,627
26,550
26,552
26,434
627,189
627,355
550,72
550,190
550,350
552,70
552,673
552,596
434,397
434,431
27,392
27,626
27,354
392,146
392,152
392,351
626,149
626,309
626,353
354,233
354,469
354,394
28,66
28,665
28,512
28,186
66,311
66,269
66,549
665,355
665,589
665,669
512,192
512,349
512,630
186,711
186,554
186,513
347,71
347,303
347,670
313,667
313,351
313,393
192,154
192,314
30,270
30,348
30,147
30,389
270,107
270,708
270,513
348,267
348,305
348,715
147,433
147,430
147,515
389,306
389,391
389,315
31,628
31,231
31,35
31,229
628,107
628,235
628,431
231,349
231,506
231,585
35,712
35,111
35,429
229,225
229,306
229,310
32,188
32,668
32,189
32,75
188,146
188,190
188,588
668,65
668,624
668,672
189,72
189,152
75,33
75,423
75,712
33,592
33,193
33,509
592,105
592,268
592,386
193,426
193,588
193,234
509,149
509,706
509,669
34,714
34,266
34,716
34,153
714,345
714,382
714,426
266,222
266,350
266,346
716,305
716,344
716,345
153,70
153,671
153,587
712,114
712,593
111,110
111,113
111,465
429,73
429,191
429,590
36,385
36,303
36,341
385,150
385,384
385,715
303,383
341,299
341,300
341,382
37,302
37,340
37,38
302,679
302,676
302,680
340,38
340,296
340,297
38,719
719,377
719,378
719,678
39,76
39,338
39,378
39,381
76,424
76,466
338,297
338,381
378,377
378,419
381,422
381,423
79,78
79,80
79,116
81,80
81,82
81,122
42,78
42,83
82,83
82,123
78,77
78,119
83,84
83,124
84,85
84,125
85,86
85,126
46,47
46,88
336,293
336,604
336,644
47,49
47,291
47,531
88,87
88,89
88,250
49,48
49,90
291,172
291,175
291,292
531,247
531,572
531,651
48,412
48,449
412,250
412,411
412,413
449,448
449,491
449,649
90,91
90,367
51,52
51,250
91,92
91,206
52,53
52,568
52,611
250,368
53,94
53,612
568,292
568,447
568,645
611,490
611,533
611,572
94,93
94,95
94,135
612,209
612,613
612,653
95,96
95,171
96,97
96,176
97,98
97,140
98,99
98,141
99,100
99,482
100,101
100,518
101,102
101,142
102,103
102,143
65,67
65,705
479,137
479,482
479,519
104,103
104,105
104,556
517,515
517,518
517,559
516,226
516,437
516,557
106,67
106,518
106,630
355,586
67,71
67,150
705,435
705,549
705,669
311,234
311,590
311,710
269,227
269,672
269,390
549,430
549,511
71,74
71,309
150,710
150,427
68,395
68,191
68,314
68,587
395,393
395,666
395,437
191,586
191,309
314,235
314,629
587,109
587,272
69,388
69,467
69,233
69,310
388,74
388,112
388,148
467,273
467,466
467,470
233,542
233,235
310,149
310,469
70,711
70,312
711,470
711,589
312,152
312,431
312,315
74,268
74,508
309,706
72,307
72,590
307,304
307,715
307,425
590,232
73,672
73,152
73,384
672,633
384,344
384,677
268,110
268,551
508,666
508,669
508,709
423,382
423,422
424,116
424,343
424,713
466,113
466,465
77,386
77,503
386,115
386,425
503,118
503,543
503,583
119,80
119,118
119,120
80,121
116,157
116,196
121,120
121,122
121,162
122,123
122,163
123,124
123,164
124,125
124,165
125,126
125,166
86,87
86,89
86,127
126,127
126,167
87,129
87,610
89,130
89,691
127,128
127,448
129,92
129,128
129,130
610,329
130,131
130,445
691,650
691,690
367,290
367,366
367,368
92,93
92,529
206,165
206,205
206,207
93,134
93,247
529,131
529,451
529,488
134,133
134,171
134,175
247,246
247,248
135,139
135,176
135,526
171,131
171,411
176,217
176,254
140,139
140,141
140,143
141,142
141,480
482,177
482,441
518,556
142,143
142,184
103,107
103,474
143,145
107,110
474,470
474,473
474,476
105,148
105,183
556,145
556,597
148,349
148,475
183,222
183,597
183,634
630,553
630,589
110,430
108,351
108,588
108,547
108,708
351,706
588,350
547,155
547,352
547,624
708,393
708,510
109,507
109,230
109,554
507,236
507,272
507,353
230,154
230,433
230,710
554,227
554,513
430,232
113,112
113,114
465,271
465,464
112,631
112,551
631,145
631,228
631,308
551,273
551,595
114,115
114,468
115,546
115,346
468,272
468,431
468,470
546,234
546,353
546,625
346,713
346,636
157,156
157,158
157,198
196,237
196,625
196,505
117,118
117,158
117,543
117,195
118,159
158,159
158,199
543,502
543,584
195,194
195,505
195,585
159,120
159,160
120,161
161,160
161,162
161,202
162,163
162,203
163,164
163,204
164,165
164,205
165,166
166,167
166,207
167,168
167,413
128,532
128,573
448,447
532,211
532,413
532,533
573,572
573,574
573,614
131,132
445,404
445,444
445,446
132,133
132,326
132,490
133,172
133,328
326,285
326,325
326,327
490,491
490,528
172,488
172,647
328,287
328,327
328,329
175,214
175,257
139,137
139,179
526,136
526,292
526,646
136,137
136,177
136,480
137,138
177,218
177,604
480,484
480,521
138,524
138,558
138,559
524,255
524,483
524,604
558,180
558,185
558,519
559,181
559,523
179,564
179,216
179,599
184,223
184,263
184,634
145,595
144,594
144,477
144,514
144,151
594,265
594,432
594,472
477,435
477,476
514,510
514,481
514,520
595,308
595,555
146,557
146,596
557,181
557,598
596,181
596,637
433,475
433,511
515,185
515,591
349,425
475,472
475,476
149,471
471,190
471,432
471,633
710,228
427,228
427,390
427,426
151,274
151,425
151,505
274,273
274,275
274,663
505,545
671,187
671,352
671,387
154,155
154,428
155,156
155,548
428,308
428,350
428,464
156,197
156,540
548,234
548,472
548,667
197,198
197,238
197,462
540,499
540,539
540,581
198,199
198,239
199,160
199,200
160,201
201,200
201,202
201,242
202,203
202,243
203,204
203,244
204,205
204,245
205,246
207,368
168,327
168,372
168,489
413,414
327,286
372,371
372,373
372,650
489,488
489,569
169,649
169,608
169,648
169,173
649,248
649,528
608,253
608,609
648,530
648,569
648,643
290,331
290,409
411,370
411,410
488,487
647,525
647,527
647,646
173,213
173,174
173,212
213,212
213,563
213,530
174,605
174,522
174,178
605,216
605,295
605,602
522,178
522,560
522,520
178,182
178,565
214,210
214,295
214,645
257,217
257,566
257,565
217,258
217,483
254,335
254,646
218,180
218,259
218,297
604,645
182,221
182,560
182,636
565,528
565,601
564,258
564,563
564,567
216,215
216,643
599,181
599,635
599,636
180,519
180,523
519,521
523,562
523,601
221,220
221,222
221,600
560,219
560,220
636,262
222,638
597,638
597,678
634,264
634,387
223,678
223,260
223,637
263,224
263,633
185,224
185,260
513,632
187,510
187,591
187,674
510,228
591,305
591,432
674,265
674,308
674,717
190,707
707,272
707,352
707,353
586,623
586,670
426,387
194,275
194,464
194,469
275,276
275,667
464,463
469,271
585,504
585,624
237,278
237,504
237,583
625,390
238,239
238,279
238,501
462,421
462,461
462,541
239,200
239,240
200,241
241,240
241,242
241,282
242,243
242,283
243,244
243,284
244,245
244,285
245,246
245,286
246,287
368,369
209,211
209,447
492,491
492,493
492,685
211,212
211,530
447,446
210,253
210,369
210,530
253,256
253,527
369,371
369,410
212,527
527,255
563,220
563,561
295,566
295,644
645,294
215,606
215,528
215,219
606,569
606,603
606,690
219,256
219,520
643,680
258,299
258,640
483,440
483,442
259,300
259,298
259,262
256,567
520,481
220,561
561,261
561,562
600,299
600,598
600,644
638,640
638,641
678,639
260,261
260,642
637,225
637,641
224,264
224,262
264,679
264,344
225,226
225,635
226,345
226,555
635,555
635,676
345,342
555,593
227,511
227,473
511,391
473,394
473,472
306,629
306,673
506,235
506,390
506,545
232,666
232,315
666,709
315,704
542,276
542,501
542,583
236,544
236,545
544,504
544,623
544,583
545,629
278,277
278,279
278,319
504,463
279,240
279,280
501,460
501,500
240,281
281,280
281,282
281,322
282,283
282,323
283,284
283,324
284,285
284,325
285,286
286,287
287,288
248,371
371,370
332,331
332,333
332,570
613,614
613,654
333,334
333,335
408,407
408,409
288,651
486,370
486,485
486,487
335,255
335,646
566,485
566,525
299,717
640,339
300,261
300,602
298,642
298,680
298,301
262,343
261,301
642,601
642,641
301,304
301,639
343,339
343,679
633,709
679,676
344,717
265,267
265,593
267,271
267,342
593,673
271,391
391,435
273,670
670,709
663,623
663,659
663,704
276,277
276,584
667,393
277,318
277,541
584,623
318,317
318,319
318,359
541,500
541,502
319,280
319,320
280,321
321,320
321,322
321,362
322,323
322,363
323,324
323,364
324,325
324,365
325,366
651,650
330,329
330,331
330,609
331,687
409,410
409,491
292,334
334,570
334,685
293,294
293,487
293,525
294,296
294,339
487,446
525,484
296,339
296,342
680,677
717,383
602,603
602,639
304,383
304,675
639,598
676,675
383,677
675,553
675,632
305,553
553,673
715,713
706,432
704,624
622,317
622,581
622,621
317,358
317,700
358,359
358,399
358,662
700,662
359,320
359,360
320,361
361,360
361,362
361,402
362,363
362,403
363,364
363,404
364,365
364,405
365,366
365,406
366,407
329,370
609,650
609,688
687,570
687,686
687,688
685,686
382,463
713,632
352,589
394,396
394,397
398,399
398,439
398,662
621,580
621,620
399,360
399,400
662,661
360,401
401,400
401,402
401,442
402,403
402,443
403,404
403,444
404,405
405,406
405,446
406,407
406,484
407,485
410,451
373,374
373,376
373,414
374,375
374,415
374,453
376,375
376,377
376,417
414,415
414,455
375,416
375,688
415,416
415,456
453,494
416,417
416,457
377,418
417,418
417,458
418,419
418,459
419,420
419,460
420,421
420,461
421,422
422,463
387,632
437,396
437,397
396,397
439,400
439,438
439,440
400,441
441,440
441,442
442,443
443,444
443,484
444,485
455,456
455,496
456,457
456,497
457,458
457,498
458,459
458,499
459,460
459,500
460,461
461,502
440,476
493,494
493,534
494,495
494,535
495,496
495,536
496,497
496,537
497,498
497,538
498,499
498,539
499,500
502,539
481,521
521,598
534,533
534,535
534,575
535,536
535,576
536,537
536,577
537,538
537,578
538,579
538,581
539,580
562,603
562,601
533,574
574,575
574,615
575,576
575,616
576,577
576,617
577,578
577,618
578,579
578,619
579,580
579,620
581,580
614,615
614,655
615,616
615,656
616,617
616,657
617,618
617,658
618,619
618,659
619,620
619,660
620,661
690,686
653,654
654,655
655,656
656,657
657,658
658,659
659,660
660,661
