0,41
0,718
0,37
0,38
41,40
41,42
41,82
718,263
718,680
37,715
37,73
37,717
38,342
38,677
38,339
1,40
1,337
1,379
1,380
40,79
40,81
337,380
337,644
337,683
379,77
379,338
379,420
380,76
380,421
2,43
2,681
2,682
2,683
43,42
43,44
43,84
681,602
681,640
681,680
682,3
682,297
682,641
683,254
683,255
3,4
3,44
3,684
4,5
4,45
4,454
44,45
44,85
684,5
684,256
684,685
5,6
5,7
45,46
45,336
454,453
454,455
454,495
6,7
6,251
6,252
7,8
7,249
251,333
251,408
251,489
252,288
252,486
252,567
8,9
8,289
8,452
249,248
249,332
249,613
9,10
9,50
9,571
289,51
289,288
289,330
452,451
452,453
452,493
10,11
10,652
10,689
50,49
50,51
50,91
571,567
571,570
571,572
11,12
11,170
11,607
652,610
652,651
652,653
689,686
689,688
689,690
12,13
12,208
12,450
170,46
170,48
170,290
607,603
607,608
607,649
13,14
13,54
13,692
208,207
208,209
208,492
450,408
450,448
450,451
14,15
14,55
14,693
54,53
54,55
54,95
692,90
692,691
692,693
15,16
15,56
15,694
55,56
55,96
693,610
693,694
16,17
16,57
16,695
56,57
56,97
694,653
694,695
17,18
17,58
17,696
57,58
57,98
695,654
695,696
18,19
18,59
18,697
58,59
58,99
696,655
696,697
19,20
19,60
19,698
59,60
59,100
697,656
697,698
20,21
20,61
20,699
60,61
60,101
698,657
698,699
21,22
21,356
21,357
61,62
61,102
699,658
699,700
22,63
22,701
22,704
356,625
356,668
356,665
357,316
357,398
357,621
63,104
63,517
63,702
701,438
701,660
701,700
704,26
704,434
704,624
23,62
23,478
23,702
23,703
62,65
62,479
478,437
478,438
478,477
702,24
702,661
703,27
703,394
703,664
24,64
24,316
24,432
64,516
64,395
64,433
316,584
316,622
432,188
432,312
432,355
25,435
25,705
25,30
25,144
435,108
435,391
435,436
705,355
705,437
705,669
26,589
26,591
26,108
589,191
589,268
589,314
591,72
591,306
591,429
108,392
108,508
27,587
27,667
27,396
587,31
587,195
587,388
667,151
667,232
667,469
396,105
396,395
396,397
28,395
28,272
28,151
28,352
395,391
272,505
272,545
272,433
151,68
151,75
352,227
352,270
352,630
29,226
29,630
29,628
29,186
226,223
226,590
226,265
630,507
630,552
628,187
628,189
628,666
186,69
186,184
186,224
30,346
30,467
30,351
346,35
346,149
346,427
467,466
467,470
467,672
351,270
351,347
351,593
31,428
31,113
31,312
428,154
428,308
428,464
113,111
113,115
113,545
312,109
312,506
32,194
32,386
32,670
32,506
194,275
194,464
194,549
386,77
386,304
386,592
670,148
670,430
670,711
506,155
506,509
33,75
33,592
33,114
33,303
75,423
75,712
592,105
592,268
114,115
114,468
114,712
303,262
303,299
303,675
34,111
34,73
34,267
34,36
111,110
111,465
73,112
73,426
267,715
267,634
267,429
36,35
36,427
36,342
35,342
35,304
342,385
304,348
304,715
427,72
427,507
715,74
717,299
717,302
717,340
677,261
677,340
677,679
339,341
339,641
339,298
39,76
39,338
39,378
39,381
76,424
76,716
338,297
338,381
378,377
378,419
378,719
381,422
381,423
79,78
79,80
79,116
81,80
81,82
81,122
42,78
42,83
82,83
82,123
78,77
78,119
83,84
83,124
84,85
84,125
85,86
85,126
46,47
46,88
336,293
336,604
336,644
47,49
47,291
47,531
88,87
88,89
88,250
49,48
49,90
291,172
291,175
291,292
531,247
531,572
531,651
48,412
48,449
412,250
412,411
412,413
449,448
449,491
449,489
90,91
90,367
51,52
51,250
91,92
91,206
52,53
52,568
52,611
250,368
53,94
53,612
568,292
568,447
568,645
611,530
611,533
611,572
94,93
94,95
94,135
612,209
612,613
612,653
95,96
95,171
96,97
96,176
97,98
97,140
98,99
98,141
99,100
99,482
100,101
100,518
101,102
101,142
102,103
102,143
65,67
65,475
65,516
479,137
479,482
479,519
104,103
104,105
104,556
517,518
517,596
517,558
516,106
516,437
433,187
433,554
67,71
67,473
67,707
475,148
475,472
475,476
66,311
66,68
66,390
66,512
311,147
311,627
311,355
68,70
68,673
390,228
390,347
390,711
512,185
512,353
512,434
71,74
71,466
71,708
473,190
473,472
473,474
707,192
707,471
707,711
70,353
70,192
70,511
673,190
673,268
673,270
69,389
69,72
69,547
389,347
389,553
389,466
72,266
547,195
547,313
547,669
353,229
353,315
192,188
192,711
511,107
511,354
511,588
74,268
74,710
466,465
708,193
708,309
708,469
266,675
266,344
266,302
112,632
112,190
112,509
426,195
426,716
426,545
710,269
710,429
710,634
423,382
423,422
712,550
712,593
424,116
424,383
424,714
716,674
716,680
77,503
503,118
503,543
503,583
119,80
119,118
119,120
80,121
116,157
116,196
121,120
121,122
121,162
122,123
122,163
123,124
123,164
124,125
124,165
125,126
125,166
86,87
86,89
86,127
126,127
126,167
87,129
87,610
89,130
89,691
127,128
127,448
129,92
129,128
129,130
610,329
130,131
130,445
691,650
691,690
367,290
367,366
367,368
92,93
92,529
206,165
206,205
206,207
93,134
93,247
529,131
529,451
529,488
134,133
134,171
134,175
247,246
247,248
135,139
135,176
135,526
171,131
171,411
176,217
176,254
140,139
140,141
140,143
141,142
141,480
482,177
482,441
518,437
518,556
142,143
142,184
103,107
103,474
143,145
107,110
107,307
474,470
474,476
105,148
556,222
556,597
148,349
106,310
106,225
106,188
310,110
310,393
310,545
225,109
225,147
225,672
188,674
110,586
307,551
307,553
307,430
392,315
392,349
392,350
508,269
508,709
508,546
109,590
109,146
590,270
590,469
146,309
146,224
146,557
586,504
586,549
586,666
465,271
465,464
632,430
632,513
632,713
190,714
509,189
509,269
115,233
115,348
468,431
468,470
468,552
233,231
233,625
233,355
348,271
348,631
157,156
157,158
157,198
196,195
196,237
196,505
117,118
117,158
117,543
117,154
118,159
158,159
158,199
543,502
543,584
154,150
154,155
159,120
159,160
120,161
161,160
161,162
161,202
162,163
162,203
163,164
163,204
164,165
164,205
165,166
166,167
166,207
167,168
167,413
128,532
128,573
448,447
532,413
532,528
532,533
573,572
573,574
573,614
131,132
445,404
445,444
445,446
132,133
132,326
132,490
133,172
133,328
326,285
326,325
326,327
490,491
490,605
490,569
172,488
172,647
328,287
328,327
328,329
175,214
175,257
139,137
139,520
526,136
526,292
526,646
136,137
136,177
136,480
137,138
177,218
177,604
480,484
480,557
138,524
138,558
138,179
524,255
524,483
524,604
558,180
558,182
179,557
179,216
179,481
520,178
520,599
520,559
184,223
184,263
145,631
145,633
145,471
144,594
144,519
144,181
594,189
594,550
594,709
519,180
519,522
631,308
631,635
633,147
633,223
633,264
471,193
471,354
309,153
309,714
224,634
224,636
557,560
147,230
230,191
230,274
230,588
349,228
349,425
149,393
149,273
149,308
393,627
393,551
273,232
273,274
273,551
308,595
150,347
150,706
150,546
706,229
706,275
706,315
546,235
546,388
152,191
152,549
152,505
152,234
191,472
549,626
505,236
234,629
234,665
234,153
153,236
153,345
155,156
155,548
156,197
156,540
548,472
548,585
548,671
197,198
197,238
197,462
540,499
540,539
540,581
198,199
198,239
199,160
199,200
160,201
201,200
201,202
201,242
202,203
202,243
203,204
203,244
204,205
204,245
205,246
207,368
168,327
168,372
168,489
413,414
327,286
372,371
372,373
372,650
489,488
169,530
169,215
169,527
169,528
530,528
530,523
290,331
290,409
411,370
411,410
488,487
647,294
647,525
647,646
173,569
173,648
173,253
173,215
569,248
569,606
648,527
648,643
253,210
253,256
253,606
215,294
215,298
174,605
174,564
174,211
174,210
605,295
605,296
564,296
564,563
564,567
211,209
211,210
211,212
210,369
214,295
214,645
214,258
257,217
257,566
257,297
217,258
217,483
254,335
254,646
218,180
218,259
218,297
604,645
178,481
178,565
178,562
481,477
481,515
565,213
565,608
565,602
562,523
562,559
562,602
216,527
216,600
216,522
180,598
598,181
598,595
598,639
181,555
181,521
555,183
555,477
555,593
521,220
521,560
521,599
182,219
182,221
182,185
219,256
219,262
219,261
221,220
221,222
221,600
183,222
183,597
183,599
222,638
597,515
597,678
599,220
223,678
263,600
263,596
185,636
185,260
636,305
636,676
187,596
187,515
596,227
515,397
674,343
674,552
189,550
550,229
714,675
193,627
193,232
627,544
232,666
275,274
275,276
464,463
237,278
237,504
237,583
238,239
238,279
238,501
462,421
462,461
462,541
239,200
239,240
200,241
241,240
241,242
241,282
242,243
242,283
243,244
243,284
244,245
244,285
245,246
245,286
246,287
368,369
209,447
492,491
492,493
492,685
447,446
369,371
369,410
212,213
212,255
212,649
213,563
213,522
255,335
649,608
649,643
563,220
563,560
522,603
295,566
295,644
645,294
258,299
258,640
294,293
527,528
600,644
483,440
483,442
259,300
259,603
259,260
256,567
262,635
262,300
261,601
261,301
638,640
638,641
638,675
678,640
678,719
634,264
672,469
672,671
265,671
265,554
265,264
227,231
227,629
231,228
231,431
629,350
629,669
228,554
554,595
229,510
510,513
510,514
510,669
274,544
588,350
588,668
431,434
431,507
666,626
625,271
625,394
665,235
665,664
235,624
235,542
624,668
624,663
542,276
542,501
542,585
236,585
236,582
585,582
278,277
278,279
278,319
504,463
504,544
583,314
583,582
279,240
279,280
501,460
501,500
240,281
281,280
281,282
281,322
282,283
282,323
283,284
283,324
284,285
284,325
285,286
286,287
287,288
248,371
371,370
332,331
332,333
332,570
613,614
613,654
333,334
333,335
408,407
408,409
288,651
486,370
486,485
486,487
606,603
606,690
335,646
566,485
566,525
299,341
300,298
300,341
260,561
260,642
561,601
561,523
561,637
642,680
642,601
642,643
601,639
301,343
301,639
301,719
635,305
635,343
264,676
676,713
676,679
671,553
344,302
344,385
344,425
302,679
429,430
269,306
306,305
306,388
271,391
391,514
551,595
544,623
276,277
276,584
277,318
277,541
584,623
318,317
318,319
318,359
541,500
541,502
319,280
319,320
280,321
321,320
321,322
321,362
322,323
322,363
323,324
323,364
324,325
324,365
325,366
651,650
330,329
330,331
330,609
331,687
409,410
409,491
292,334
334,570
334,685
293,487
293,525
487,446
525,484
296,641
296,298
341,382
343,637
639,637
719,340
679,602
305,553
388,345
313,354
313,623
313,709
354,436
623,663
709,513
314,663
314,315
663,659
622,317
622,581
622,621
317,358
317,700
358,359
358,399
358,662
700,662
359,320
359,360
320,361
361,360
361,362
361,402
362,363
362,403
363,364
363,404
364,365
364,405
365,366
365,406
366,407
329,370
609,608
609,650
609,688
687,570
687,686
687,688
685,686
340,383
383,387
383,425
382,463
382,384
385,384
385,345
637,560
425,384
345,384
350,514
514,513
593,387
436,434
436,438
668,387
398,399
398,439
398,662
621,580
621,620
399,360
399,400
662,661
360,401
401,400
401,402
401,442
402,403
402,443
403,404
403,444
404,405
405,406
405,446
406,407
406,484
407,485
410,451
373,374
373,376
373,414
374,375
374,415
374,453
376,375
376,377
376,417
414,415
414,455
375,416
375,688
415,416
415,456
453,494
416,417
416,457
377,418
377,643
417,418
417,458
418,419
418,459
419,420
419,460
420,421
420,461
421,422
422,463
387,713
713,470
394,626
394,397
626,507
397,664
439,400
439,438
439,440
400,441
441,440
441,442
442,443
443,444
443,484
444,485
455,456
455,496
456,457
456,497
457,458
457,498
458,459
458,499
459,460
459,500
460,461
461,502
440,476
476,477
493,494
493,534
494,495
494,535
495,496
495,536
496,497
496,537
497,498
497,538
498,499
498,539
499,500
502,539
552,559
534,533
534,535
534,575
535,536
535,576
536,537
536,577
537,538
537,578
538,579
538,581
539,580
559,523
533,574
574,575
574,615
575,576
575,616
576,577
576,617
577,578
577,618
578,579
578,619
579,580
579,620
581,580
614,615
614,655
615,616
615,656
616,617
616,657
617,618
617,658
618,619
618,659
619,620
619,660
620,661
582,664
690,686
653,654
654,655
655,656
656,657
657,658
658,659
659,660
660,661
