0,41
0,718
0,716
0,35
41,40
41,42
41,82
718,263
718,305
718,715
716,38
716,303
716,676
1,40
1,337
1,379
1,380
40,79
40,81
337,380
337,644
337,683
379,77
379,338
379,420
380,76
380,421
2,43
2,681
2,682
2,683
43,42
43,44
43,84
681,295
681,640
681,641
682,3
682,297
682,641
683,254
683,255
3,4
3,44
3,684
4,5
4,45
4,454
44,45
44,85
684,5
684,256
684,685
5,6
5,7
45,46
45,336
454,453
454,455
454,495
6,7
6,251
6,252
7,8
7,249
251,333
251,408
251,489
252,288
252,486
252,567
8,9
8,289
8,452
249,248
249,332
249,613
9,10
9,50
9,571
289,51
289,288
289,330
452,451
452,453
452,493
10,11
10,652
10,689
50,49
50,51
50,91
571,567
571,570
571,572
11,12
11,170
11,607
652,610
652,651
652,653
689,686
689,688
689,690
12,13
12,208
12,450
170,46
170,48
170,290
607,449
607,603
607,608
13,14
13,54
13,692
208,207
208,209
208,492
450,408
450,448
450,451
14,15
14,55
14,693
54,53
54,55
54,95
692,90
692,691
692,693
15,16
15,56
15,694
55,56
55,96
693,610
693,694
16,17
16,57
16,695
56,57
56,97
694,653
694,695
17,18
17,58
17,696
57,58
57,98
695,654
695,696
18,19
18,59
18,697
58,59
58,99
696,655
696,697
19,20
19,60
19,698
59,60
59,100
697,656
697,698
20,21
20,61
20,699
60,61
60,101
698,657
698,699
21,22
21,356
21,357
61,62
61,102
699,658
699,700
22,63
22,701
22,64
356,25
356,625
356,393
357,316
357,398
357,621
63,104
63,517
63,702
701,438
701,660
701,700
64,24
64,516
64,515
23,62
23,478
23,702
23,703
62,65
62,479
478,438
478,477
478,481
702,24
702,661
703,664
703,665
703,587
24,316
24,67
316,584
316,622
67,65
67,71
67,310
25,313
25,471
25,392
313,70
313,509
313,391
471,355
471,394
471,432
392,145
392,189
392,670
26,109
26,351
26,355
26,144
109,146
109,630
109,708
351,188
351,275
351,546
355,274
355,437
27,704
27,511
27,430
27,435
704,66
704,315
704,436
511,266
511,270
511,634
430,388
430,668
430,586
435,107
435,146
435,705
28,547
28,31
28,552
28,434
547,712
547,667
547,665
31,671
31,345
31,634
552,29
552,307
552,312
434,271
434,431
434,436
29,508
29,267
29,507
508,111
508,585
508,544
267,151
267,346
267,514
507,70
507,232
507,669
30,307
30,469
30,192
30,352
307,229
307,708
469,187
469,468
469,629
192,232
192,713
192,350
352,153
352,232
352,707
671,270
671,426
671,675
345,37
345,38
345,265
634,149
634,265
32,627
32,548
32,715
32,588
627,433
627,506
627,589
548,155
548,472
548,506
715,346
715,714
588,388
588,466
588,505
33,75
33,592
33,151
33,191
75,423
75,712
75,424
592,105
592,268
592,386
151,545
151,629
191,114
191,354
191,628
34,510
34,150
34,38
34,343
510,146
510,428
510,433
150,273
150,347
150,427
38,425
343,35
343,74
343,303
35,342
35,467
342,37
342,302
342,340
467,230
467,274
467,586
36,384
36,677
36,714
36,72
384,72
384,344
384,676
677,302
677,636
677,675
714,385
714,594
72,231
72,390
37,383
37,304
383,195
383,340
383,462
304,597
304,339
304,340
425,348
425,349
425,504
39,76
39,338
39,378
39,381
76,424
76,505
338,297
338,381
378,377
378,419
378,719
381,422
381,423
79,78
79,80
79,116
81,80
81,82
81,122
42,78
42,83
82,83
82,123
78,77
78,119
83,84
83,124
84,85
84,125
85,86
85,126
46,47
46,88
336,293
336,604
336,644
47,49
47,291
47,531
88,87
88,89
88,250
49,48
49,90
291,172
291,175
291,292
531,247
531,572
531,651
48,412
48,449
412,250
412,411
412,413
449,448
449,491
90,91
90,367
51,52
51,250
91,92
91,206
52,53
52,568
52,611
250,368
53,94
53,612
568,292
568,447
568,645
611,527
611,533
611,572
94,93
94,95
94,135
612,209
612,613
612,653
95,96
95,171
96,97
96,176
97,98
97,140
98,99
98,141
99,100
99,482
100,101
100,518
101,102
101,142
102,103
102,143
65,554
65,432
479,137
479,482
479,519
104,103
104,105
104,556
517,518
517,554
517,520
516,477
516,481
516,521
515,513
515,596
515,437
554,144
554,598
432,70
432,394
66,272
66,666
66,229
272,234
272,585
272,393
666,233
666,314
666,665
229,630
229,268
71,74
71,73
71,549
310,106
310,708
310,668
68,308
68,227
68,314
68,185
308,428
308,595
308,631
227,710
227,632
227,264
314,233
314,665
185,675
185,472
185,598
69,193
69,349
69,226
69,106
193,196
193,586
193,235
349,146
349,148
226,149
226,633
226,265
106,147
106,709
70,347
347,148
347,512
74,268
74,230
73,228
73,545
73,390
549,112
549,154
549,270
231,112
231,506
231,625
390,551
390,707
228,113
228,224
228,555
545,542
545,624
268,512
230,388
230,309
423,382
423,422
712,593
712,674
424,116
424,382
505,387
505,427
77,386
77,503
386,676
386,673
503,118
503,543
503,583
119,80
119,118
119,120
80,121
116,157
116,196
121,120
121,122
121,162
122,123
122,163
123,124
123,164
124,125
124,165
125,126
125,166
86,87
86,89
86,127
126,127
126,167
87,129
87,610
89,130
89,691
127,128
127,448
129,92
129,128
129,130
610,329
130,131
130,445
691,650
691,690
367,290
367,366
367,368
92,93
92,529
206,165
206,205
206,207
93,134
93,247
529,131
529,451
529,488
134,133
134,171
134,175
247,246
247,248
135,139
135,176
135,526
171,131
171,411
176,217
176,254
140,139
140,141
140,143
141,142
141,480
482,177
482,441
518,481
518,556
142,143
142,184
103,107
103,474
143,145
107,110
107,589
474,470
474,473
474,476
105,148
105,184
556,222
556,597
148,475
184,223
184,263
147,108
147,512
147,553
709,354
709,466
709,672
110,111
110,273
110,194
589,271
589,593
108,475
108,595
108,309
475,476
475,706
595,551
595,596
309,632
309,673
630,187
630,271
708,312
111,113
111,465
273,274
273,551
194,275
194,464
194,623
113,115
113,269
465,271
465,464
465,466
112,385
112,713
385,303
385,305
713,305
713,344
115,114
115,233
115,348
269,232
269,473
269,433
114,468
114,350
468,431
468,470
350,152
350,391
233,625
348,631
348,711
157,156
157,158
157,198
196,117
196,237
117,118
117,158
117,543
118,159
158,159
158,199
543,502
543,584
159,120
159,160
120,161
161,160
161,162
161,202
162,163
162,203
163,164
163,204
164,165
164,205
165,166
166,167
166,207
167,168
167,413
128,532
128,573
448,447
532,413
532,533
532,569
573,572
573,574
573,614
131,132
445,404
445,444
445,446
132,133
132,326
132,490
133,172
133,328
326,285
326,325
326,327
490,253
490,491
490,647
172,488
172,647
328,287
328,327
328,329
175,214
175,257
139,137
139,557
526,136
526,292
526,646
136,137
136,177
136,480
137,138
177,218
177,604
480,179
480,484
138,524
138,558
138,182
524,255
524,483
524,604
558,179
558,219
558,519
182,219
182,221
182,520
557,225
557,599
557,596
145,631
145,431
144,476
144,188
476,440
188,189
188,591
631,555
431,427
512,189
553,669
553,591
553,710
149,346
149,711
346,550
711,153
711,633
427,155
629,707
629,669
152,591
152,311
152,186
591,391
311,387
311,668
311,705
153,670
153,628
670,628
670,674
628,195
154,155
154,428
154,389
155,156
428,464
389,387
389,673
389,236
156,197
156,540
197,198
197,238
197,462
540,499
540,539
540,581
198,199
198,239
199,160
199,200
160,201
201,200
201,202
201,242
202,203
202,243
203,204
203,244
204,205
204,245
205,246
207,368
168,327
168,372
168,489
413,414
327,286
372,371
372,373
372,650
489,488
489,606
169,608
169,210
169,648
169,174
608,174
608,609
210,253
210,369
210,213
648,248
648,530
648,649
290,331
290,409
411,370
411,410
488,487
647,525
647,646
173,213
173,605
173,527
173,294
213,211
213,563
605,174
605,253
605,295
527,216
527,523
294,293
294,645
294,601
174,181
214,212
214,255
214,645
257,217
257,297
257,566
217,258
217,483
254,335
254,646
218,180
218,259
218,297
604,645
178,559
178,565
178,216
178,560
559,179
559,523
559,560
565,561
565,569
565,643
216,215
216,260
560,258
560,637
179,219
219,256
180,519
180,598
180,523
519,555
598,264
523,562
181,220
181,599
181,520
220,221
220,563
220,602
599,183
599,522
520,562
221,222
221,600
183,222
183,597
183,514
222,638
597,678
514,224
514,550
223,678
223,637
223,675
263,262
263,344
472,395
472,473
186,306
186,225
186,260
306,672
306,429
306,426
225,550
225,301
187,224
187,633
224,672
633,264
189,667
667,234
667,663
190,674
190,426
190,707
190,429
674,429
426,672
429,509
354,705
354,397
586,236
235,544
235,663
235,626
275,274
275,276
464,463
623,234
623,544
623,584
195,541
195,236
541,277
541,500
541,502
236,582
237,278
237,504
237,583
238,239
238,279
238,501
462,421
462,461
239,200
239,240
200,241
241,240
241,242
241,282
242,243
242,283
243,244
243,284
244,245
244,285
245,246
245,286
246,287
368,369
209,211
209,447
492,491
492,493
492,685
211,649
211,212
447,446
253,256
369,371
369,410
649,528
649,530
212,569
212,296
569,530
563,564
563,642
255,335
215,606
215,522
215,528
606,603
606,690
522,521
522,528
528,530
260,603
260,643
258,299
258,600
483,440
483,442
259,300
259,561
259,637
256,567
602,564
602,600
602,639
600,644
638,298
638,640
638,641
678,261
678,719
637,561
550,551
265,635
710,266
710,513
632,636
632,669
264,261
555,593
388,513
506,585
625,546
234,583
583,546
544,504
663,585
663,659
626,270
626,353
626,664
582,542
582,587
582,624
278,277
278,279
278,319
504,463
279,240
279,280
501,460
501,500
501,542
240,281
281,280
281,282
281,322
282,283
282,323
283,284
283,324
284,285
284,325
285,286
286,287
287,288
248,371
371,370
332,331
332,333
332,570
613,614
613,654
333,334
333,335
408,407
408,409
288,651
486,370
486,485
486,487
567,564
335,646
566,295
566,485
566,525
299,262
299,341
299,719
300,296
300,341
300,642
561,521
603,643
643,340
261,262
261,635
262,641
635,266
635,596
344,679
266,305
473,477
433,312
393,624
393,397
276,277
276,542
276,584
277,318
318,317
318,319
318,359
319,280
319,320
280,321
321,320
321,322
321,362
322,323
322,363
323,324
323,364
324,325
324,365
325,366
651,650
330,329
330,331
330,609
331,687
409,410
409,491
292,334
334,570
334,685
293,487
293,525
487,446
525,484
601,640
601,679
601,639
295,644
296,339
296,298
339,298
339,680
298,301
341,301
341,382
719,680
642,679
642,639
301,302
302,303
673,509
668,587
387,470
705,664
312,315
315,353
315,394
509,353
391,395
353,590
394,706
622,317
622,581
622,621
317,358
317,700
358,359
358,399
358,662
700,662
359,320
359,360
320,361
361,360
361,362
361,402
362,363
362,403
363,364
363,404
364,365
364,405
365,366
365,406
366,407
329,370
609,650
609,688
687,570
687,686
687,688
685,686
680,377
680,717
382,463
679,640
546,590
590,466
590,470
397,395
397,706
437,396
437,481
398,399
398,439
398,662
621,580
621,620
399,360
399,400
662,661
360,401
401,400
401,402
401,442
402,403
402,443
403,404
403,444
404,405
405,406
405,446
406,407
406,484
407,485
410,451
373,374
373,376
373,414
374,375
374,415
374,453
376,375
376,377
376,417
414,415
414,455
375,416
375,688
415,416
415,456
453,494
416,417
416,457
377,418
417,418
417,458
418,419
418,459
419,420
419,460
420,421
420,461
421,422
422,463
676,594
513,436
395,396
624,664
706,396
396,477
439,400
439,438
439,440
400,441
441,440
441,442
442,443
443,444
443,484
444,485
455,456
455,496
456,457
456,497
457,458
457,498
458,459
458,499
459,460
459,500
460,461
461,502
436,438
493,494
493,534
494,495
494,535
495,496
495,536
496,497
496,537
497,498
497,538
498,499
498,539
499,500
502,539
534,533
534,535
534,575
535,536
535,576
536,537
536,577
537,538
537,578
538,579
538,581
539,580
562,521
562,564
533,574
574,575
574,615
575,576
575,616
576,577
576,617
577,578
577,618
578,579
578,619
579,580
579,620
581,580
593,594
614,615
614,655
615,616
615,656
616,617
616,657
617,618
617,658
618,619
618,659
619,620
619,660
620,661
594,636
636,639
690,686
653,654
654,655
655,656
656,657
657,658
658,659
659,660
660,661
