0,41
0,718
0,37
0,339
41,40
41,42
41,82
718,35
718,263
718,676
37,384
37,340
37,714
339,601
339,342
339,642
1,40
1,337
1,379
1,380
40,79
40,81
337,380
337,644
337,683
379,77
379,338
379,420
380,76
380,421
2,43
2,681
2,682
2,683
43,42
43,44
43,84
681,342
681,640
681,717
682,3
682,297
682,641
683,254
683,255
3,4
3,44
3,684
4,5
4,45
4,454
44,45
44,85
684,5
684,256
684,685
5,6
5,7
45,46
45,336
454,453
454,455
454,495
6,7
6,251
6,252
7,8
7,249
251,333
251,408
251,489
252,288
252,486
252,567
8,9
8,289
8,452
249,248
249,332
249,613
9,10
9,50
9,571
289,51
289,288
289,330
452,451
452,453
452,493
10,11
10,652
10,689
50,49
50,51
50,91
571,567
571,570
571,572
11,12
11,170
11,607
652,610
652,651
652,653
689,686
689,688
689,690
12,13
12,208
12,450
170,46
170,48
170,290
607,530
607,603
607,608
13,14
13,54
13,692
208,207
208,209
208,492
450,408
450,448
450,451
14,15
14,55
14,693
54,53
54,55
54,95
692,90
692,691
692,693
15,16
15,56
15,694
55,56
55,96
693,610
693,694
16,17
16,57
16,695
56,57
56,97
694,653
694,695
17,18
17,58
17,696
57,58
57,98
695,654
695,696
18,19
18,59
18,697
58,59
58,99
696,655
696,697
19,20
19,60
19,698
59,60
59,100
697,656
697,698
20,21
20,61
20,699
60,61
60,101
698,657
698,699
21,22
21,356
21,357
61,62
61,102
699,658
699,700
22,63
22,701
22,26
356,353
356,625
356,626
357,316
357,398
357,621
63,104
63,517
63,702
701,438
701,660
701,700
26,66
26,435
26,68
23,62
23,478
23,702
23,703
62,65
62,479
478,438
478,477
478,437
702,24
702,661
703,397
703,664
703,665
24,64
24,316
24,435
64,516
64,433
64,432
316,584
316,622
435,144
435,396
25,351
25,311
25,707
25,667
351,147
351,353
351,434
311,69
311,629
311,710
707,69
707,587
707,624
667,270
667,390
667,467
66,147
66,146
66,185
68,350
68,144
68,189
27,352
27,589
27,272
27,509
352,589
352,355
352,624
589,153
589,627
272,72
272,149
272,391
509,307
509,588
509,632
28,353
28,355
28,228
28,394
353,473
355,433
355,587
228,32
228,224
228,595
394,65
394,274
394,705
29,712
29,669
29,112
29,469
712,75
712,231
712,593
669,310
669,389
669,586
112,673
112,274
112,269
469,153
469,426
469,586
30,391
30,511
30,427
30,506
391,232
391,630
511,267
511,393
511,510
427,384
427,506
427,670
506,236
506,273
31,233
31,108
31,350
31,672
233,72
233,115
233,625
108,225
108,268
108,550
350,150
350,510
672,507
672,512
672,634
32,508
32,270
32,344
508,193
508,235
508,666
270,708
270,313
344,424
344,636
344,462
33,75
33,592
33,591
33,150
75,423
75,716
592,105
592,268
592,386
591,146
591,307
591,673
150,114
150,632
34,309
34,342
34,76
34,383
309,73
309,109
309,152
342,298
76,39
76,424
383,716
383,717
383,714
35,346
35,38
35,152
346,264
346,675
346,677
38,345
38,261
38,262
36,387
36,302
36,345
36,425
387,271
387,548
387,633
302,639
302,680
302,343
345,304
345,425
425,349
425,236
384,713
384,715
340,719
340,642
340,679
714,301
714,466
39,338
39,378
39,381
338,297
338,381
378,377
378,419
378,719
381,422
381,423
79,78
79,80
79,116
81,80
81,82
81,122
42,78
42,83
82,83
82,123
78,77
78,119
83,84
83,124
84,85
84,125
85,86
85,126
46,47
46,88
336,293
336,604
336,644
47,49
47,291
47,531
88,87
88,89
88,250
49,48
49,90
291,172
291,175
291,292
531,247
531,572
531,651
48,412
48,449
412,250
412,411
412,413
449,448
449,491
449,611
90,91
90,367
51,52
51,250
91,92
91,206
52,53
52,568
52,611
250,368
53,94
53,612
568,292
568,447
568,645
611,533
611,572
94,93
94,95
94,135
612,209
612,613
612,653
95,96
95,171
96,97
96,176
97,98
97,140
98,99
98,141
99,100
99,482
100,101
100,518
101,102
101,142
102,103
102,143
65,67
65,515
479,137
479,482
479,519
104,103
104,105
104,556
517,106
517,514
517,518
516,183
516,512
516,557
433,349
433,437
432,105
432,314
432,553
67,71
67,231
67,630
515,184
515,437
515,557
147,190
147,553
146,144
146,223
185,144
185,674
185,475
71,74
71,306
71,545
231,74
231,429
630,431
630,709
189,148
189,229
189,347
69,590
69,705
590,430
590,466
590,470
705,396
705,704
70,386
70,267
70,310
70,671
386,77
386,388
267,266
267,633
310,151
310,713
671,225
671,227
671,471
74,268
74,113
306,634
306,596
306,343
545,151
545,504
545,547
72,385
72,670
385,303
385,428
385,674
670,467
670,586
73,191
73,709
73,229
191,312
191,429
191,627
709,354
709,546
229,106
229,628
268,230
113,111
113,115
113,192
423,382
423,422
716,262
716,679
424,116
424,382
77,503
503,118
503,543
503,583
119,80
119,118
119,120
80,121
116,157
116,196
121,120
121,122
121,162
122,123
122,163
123,124
123,164
124,125
124,165
125,126
125,166
86,87
86,89
86,127
126,127
126,167
87,129
87,610
89,130
89,691
127,128
127,448
129,92
129,128
129,130
610,329
130,131
130,445
691,650
691,690
367,290
367,366
367,368
92,93
92,529
206,165
206,205
206,207
93,134
93,247
529,131
529,451
529,488
134,133
134,171
134,175
247,246
247,248
135,139
135,176
135,526
171,131
171,411
176,217
176,254
140,139
140,141
140,143
141,142
141,480
482,177
482,441
518,556
518,557
142,143
142,184
103,107
103,474
143,145
107,110
107,389
107,629
474,470
474,473
474,476
105,148
556,222
556,597
148,349
148,475
106,436
106,396
436,395
436,434
436,438
396,397
110,111
110,549
110,193
389,190
389,226
629,348
629,429
225,634
225,512
550,467
550,708
550,706
109,708
109,471
109,232
708,314
471,187
471,395
232,668
232,393
111,465
111,588
549,347
549,354
549,392
193,236
193,711
465,271
465,464
465,466
588,188
588,271
673,192
673,269
274,273
274,275
269,273
269,388
115,114
115,348
192,668
192,585
114,468
114,195
468,431
468,470
468,505
195,582
195,236
195,315
348,631
348,676
157,156
157,158
157,198
196,117
196,237
196,624
117,118
117,158
117,543
118,159
158,159
158,199
543,502
543,584
159,120
159,160
120,161
161,160
161,162
161,202
162,163
162,203
163,164
163,204
164,165
164,205
165,166
166,167
166,207
167,168
167,413
128,532
128,573
448,447
532,413
532,530
532,533
573,572
573,574
573,614
131,132
445,404
445,444
445,446
132,133
132,326
132,490
133,172
133,328
326,285
326,325
326,327
490,212
490,294
490,491
172,488
172,647
328,287
328,327
328,329
175,214
175,257
139,137
139,179
526,136
526,292
526,646
136,137
136,177
136,480
137,138
177,218
177,604
480,182
480,484
138,524
138,558
138,559
524,255
524,483
524,604
558,555
558,560
558,562
559,182
559,477
559,594
179,481
179,520
179,521
184,223
184,263
145,631
145,513
145,186
631,308
631,555
513,188
513,392
513,551
186,430
186,305
186,219
223,678
223,677
190,510
190,507
553,512
553,710
349,188
475,472
475,476
149,388
149,507
149,627
388,390
507,429
627,354
632,224
632,230
151,431
151,710
431,434
710,230
152,626
152,628
626,314
626,547
628,393
628,625
153,154
153,430
154,155
154,428
154,587
430,307
155,156
155,548
155,542
428,308
428,464
587,393
156,197
156,540
548,466
548,472
542,276
542,501
542,546
197,198
197,238
197,462
540,499
540,539
540,581
198,199
198,239
199,160
199,200
160,201
201,200
201,202
201,242
202,203
202,243
203,204
203,244
204,205
204,245
205,246
207,368
168,327
168,372
168,489
413,414
327,286
372,371
372,373
372,650
489,210
489,488
169,569
169,530
169,528
169,608
569,213
569,647
569,528
530,173
290,331
290,409
411,370
411,410
488,487
647,525
647,646
173,606
173,253
173,648
606,214
606,603
606,690
253,210
253,256
253,296
648,174
648,649
648,643
174,605
174,603
174,215
605,295
605,523
605,602
603,215
215,296
215,601
214,255
214,645
257,217
257,297
257,566
217,258
217,483
254,335
254,646
218,180
218,259
218,297
604,645
178,519
178,563
178,523
178,599
519,180
519,522
563,213
563,220
563,564
523,520
523,527
599,181
599,260
599,602
481,181
481,522
481,216
520,180
520,216
521,220
521,522
521,561
180,220
220,221
181,596
181,562
596,227
596,598
562,260
562,560
182,219
182,221
219,256
219,261
221,222
221,600
183,222
183,597
183,598
222,638
597,304
597,678
598,554
598,594
263,226
263,262
674,426
674,717
305,264
305,675
305,637
187,552
187,473
187,264
552,227
552,392
552,668
473,472
264,224
188,392
347,307
347,426
510,666
312,313
312,315
312,467
668,234
585,194
585,354
585,666
711,554
711,637
711,665
194,275
194,464
194,234
275,276
275,586
464,463
234,706
234,390
582,505
582,664
582,665
237,278
237,504
237,583
624,547
238,239
238,279
238,501
462,421
462,461
239,200
239,240
200,241
241,240
241,242
241,282
242,243
242,283
243,244
243,284
244,245
244,285
245,246
245,286
246,287
368,369
209,211
209,447
492,491
492,493
492,685
211,212
211,527
211,248
447,446
210,369
210,608
369,371
369,410
608,609
212,213
212,528
527,564
527,649
248,371
213,216
528,565
216,261
255,335
645,294
296,259
296,641
601,300
601,565
258,299
258,600
258,639
483,440
483,442
259,300
259,560
256,567
261,301
600,644
600,642
638,595
638,640
638,641
678,719
678,717
677,719
677,715
224,226
226,675
634,635
675,265
227,633
633,635
595,308
595,551
230,706
706,666
625,547
390,546
235,544
235,583
235,663
544,504
544,541
544,623
583,505
663,623
663,659
663,704
278,277
278,279
278,319
504,463
279,240
279,280
501,460
501,500
240,281
281,280
281,282
281,322
282,283
282,323
283,284
283,324
284,285
284,325
285,286
286,287
287,288
371,370
332,331
332,333
332,570
613,614
613,654
333,334
333,335
408,407
408,409
288,651
486,370
486,485
486,487
567,564
335,646
566,295
566,485
566,525
299,298
299,341
299,639
639,637
300,341
300,642
560,561
260,561
260,298
561,557
298,679
301,680
301,636
262,343
343,265
265,594
265,266
594,303
266,593
266,514
593,514
593,555
514,308
273,551
313,623
313,395
271,434
551,555
276,277
276,584
277,318
277,541
584,623
318,317
318,319
318,359
541,500
541,502
319,280
319,320
280,321
321,320
321,322
321,362
322,323
322,363
323,324
323,364
324,325
324,365
325,366
651,650
330,329
330,331
330,609
331,687
409,410
409,491
292,334
334,570
334,685
293,294
293,487
293,525
294,564
487,446
525,484
295,644
295,565
565,522
641,680
679,676
341,382
341,680
636,303
636,640
303,715
715,635
304,676
304,635
637,643
713,426
315,664
315,704
395,397
314,546
664,505
704,397
622,317
622,581
622,621
317,358
317,700
358,359
358,399
358,662
700,662
359,320
359,360
320,361
361,360
361,362
361,402
362,363
362,403
363,364
363,404
364,365
364,405
365,366
365,406
366,407
329,370
609,650
609,688
687,570
687,686
687,688
685,686
382,463
398,399
398,439
398,662
621,580
621,620
399,360
399,400
662,661
360,401
401,400
401,402
401,442
402,403
402,443
403,404
403,444
404,405
405,406
405,446
406,407
406,484
407,485
410,451
373,374
373,376
373,414
374,375
374,415
374,453
376,375
376,377
376,417
414,415
414,455
375,416
375,688
415,416
415,456
453,494
416,417
416,457
377,418
377,643
417,418
417,458
418,419
418,459
643,602
419,420
419,460
420,421
420,461
421,422
422,463
439,400
439,438
439,440
400,441
441,440
441,442
442,443
443,444
443,484
444,485
455,456
455,496
456,457
456,497
457,458
457,498
458,459
458,499
459,460
459,500
460,461
461,502
437,477
440,476
476,477
493,494
493,534
494,495
494,535
495,496
495,536
496,497
496,537
497,498
497,538
498,499
498,539
499,500
502,539
470,554
554,472
534,533
534,535
534,575
535,536
535,576
536,537
536,577
537,538
537,578
538,579
538,581
539,580
533,574
574,575
574,615
575,576
575,616
576,577
576,617
577,578
577,618
578,579
578,619
579,580
579,620
581,580
614,615
614,655
615,616
615,656
616,617
616,657
617,618
617,658
618,619
618,659
619,620
619,660
620,661
602,640
690,686
653,654
654,655
655,656
656,657
657,658
658,659
659,660
660,661
